63 51 
31 
27 27 27 27 23 27 27 27 31 31 27 27 1 1 1 1 1 1 1 1 1 1 1 1 1 1 1 1 1 1 1 1 1 1 1 1 1 1 1 1 1 1 1 1 1 1 1 1 1 1 1 1 1 1 1 1 1 1 1 1 1 1 1 
1 3 7 8 10 12 13 14 17 20 23 24 25 26 27 28 30 31 35 36 40 42 43 46 47 48 49 
2 4 8 9 11 13 14 15 18 21 24 25 26 27 28 29 31 32 36 37 41 43 44 47 48 49 50 
3 5 9 10 12 14 15 16 19 22 25 26 27 28 29 30 32 33 37 38 42 44 45 48 49 50 51 
1 3 4 6 7 8 11 12 14 15 16 24 25 29 33 34 35 36 38 39 40 42 45 47 48 50 51 
1 2 3 4 5 9 10 14 15 16 20 23 24 27 28 31 34 37 39 41 42 47 51 
1 2 4 5 6 7 8 11 12 13 14 15 16 20 21 23 26 27 29 30 31 32 36 38 46 47 49 
2 3 5 6 7 8 9 12 13 14 15 16 17 21 22 24 27 28 30 31 32 33 37 39 47 48 50 
3 4 6 7 8 9 10 13 14 15 16 17 18 22 23 25 28 29 31 32 33 34 38 40 48 49 51 
1 3 4 5 9 11 12 13 15 16 18 19 20 25 27 28 29 31 32 33 34 36 39 40 41 42 43 46 47 48 50 
2 4 5 6 10 12 13 14 16 17 19 20 21 26 28 29 30 32 33 34 35 37 40 41 42 43 44 47 48 49 51 
1 5 6 8 10 11 12 15 18 21 22 23 24 25 26 28 29 33 34 38 40 41 44 45 46 47 50 
2 6 7 9 11 12 13 16 19 22 23 24 25 26 27 29 30 34 35 39 41 42 45 46 47 48 51 
1 
2 
3 
4 
5 
6 
7 
8 
9 
10 
11 
12 
13 
14 
15 
16 
17 
18 
19 
20 
21 
22 
23 
24 
25 
26 
27 
28 
29 
30 
31 
32 
33 
34 
35 
36 
37 
38 
39 
40 
41 
42 
43 
44 
45 
46 
47 
48 
49 
50 
51 
