520 420
23 10
22 22 22 22 22 22 22 22 22 22 23 23 23 23 23 23 23 23 23 23 10 10 10 10 10 10 10 10 10 10 5 5 5 5 5 5 5 5 5 5 5 5 5 5 5 5 5 5 5 5 14 14 14 14 14 14 14 14 14 14 7 7 7 7 7 7 7 7 7 7 13 13 13 13 13 13 13 13 13 13 6 6 6 6 6 6 6 6 6 6 8 8 8 8 8 8 8 8 8 8 9 9 9 9 9 9 9 9 9 9 16 16 16 16 16 16 16 16 16 16 9 9 9 9 9 9 9 9 9 9 12 12 12 12 12 12 12 12 12 12 1 1 1 1 1 1 1 1 1 1 1 1 1 1 1 1 1 1 1 1 1 1 1 1 1 1 1 1 1 1 1 1 1 1 1 1 1 1 1 1 1 1 1 1 1 1 1 1 1 1 1 1 1 1 1 1 1 1 1 1 1 1 1 1 1 1 1 1 1 1 1 1 1 1 1 1 1 1 1 1 1 1 1 1 1 1 1 1 1 1 1 1 1 1 1 1 1 1 1 1 1 1 1 1 1 1 1 1 1 1 1 1 1 1 1 1 1 1 1 1 1 1 1 1 1 1 1 1 1 1 1 1 1 1 1 1 1 1 1 1 1 1 1 1 1 1 1 1 1 1 1 1 1 1 1 1 1 1 1 1 1 1 1 1 1 1 1 1 1 1 1 1 1 1 1 1 1 1 1 1 1 1 1 1 1 1 1 1 1 1 1 1 1 1 1 1 1 1 1 1 1 1 1 1 1 1 1 1 1 1 1 1 1 1 1 1 1 1 1 1 1 1 1 1 1 1 1 1 1 1 1 1 1 1 1 1 1 1 1 1 1 1 1 1 1 1 1 1 1 1 1 1 1 1 1 1 1 1 1 1 1 1 1 1 1 1 1 1 1 1 1 1 1 1 1 1 1 1 1 1 1 1 1 1 1 1 1 1 1 1 1 1 1 1 1 1 1 1 1 1 1 1 1 1 1 1 1 1 1 1 1 1 1 1 1 1 1 1 1 1 1 1 1 1 1 1 1 1 1 1 1 1 1 1 1 1 1 1 1 1 1 1 1 1 1 1 1 1 1 1 1 1 1 1 1 1 1 1 1 1 1 1 1 1 1 1 1 1 1 1 1 1 1 1 1 1 1 1 1 1 
8 8 8 8 8 8 8 8 8 8 10 10 10 10 10 10 10 10 10 10 8 8 8 8 8 8 8 8 8 8 10 10 10 10 10 10 10 10 10 10 4 4 4 4 4 4 4 4 4 4 6 6 6 6 6 6 6 6 6 6 6 6 6 6 6 6 6 6 6 6 6 6 6 6 6 6 6 6 6 6 4 4 4 4 4 4 4 4 4 4 5 5 5 5 5 5 5 5 5 5 5 5 5 5 5 5 5 5 5 5 5 5 5 5 5 5 5 5 5 5 4 4 4 4 4 4 4 4 4 4 5 5 5 5 5 5 5 5 5 5 5 5 5 5 5 5 5 5 5 5 4 4 4 4 4 4 4 4 4 4 5 5 5 5 5 5 5 5 5 5 5 5 5 5 5 5 5 5 5 5 4 4 4 4 4 4 4 4 4 4 4 4 4 4 4 4 4 4 4 4 4 4 4 4 4 4 4 4 4 4 4 4 4 4 4 4 4 4 4 4 3 3 3 3 3 3 3 3 3 3 4 4 4 4 4 4 4 4 4 4 4 4 4 4 4 4 4 4 4 4 3 3 3 3 3 3 3 3 3 3 5 5 5 5 5 5 5 5 5 5 3 3 3 3 3 3 3 3 3 3 4 4 4 4 4 4 4 4 4 4 3 3 3 3 3 3 3 3 3 3 5 5 5 5 5 5 5 5 5 5 3 3 3 3 3 3 3 3 3 3 4 4 4 4 4 4 4 4 4 4 4 4 4 4 4 4 4 4 4 4 4 4 4 4 4 4 4 4 4 4 4 4 4 4 4 4 4 4 4 4 4 4 4 4 4 4 4 4 4 4 3 3 3 3 3 3 3 3 3 3 4 4 4 4 4 4 4 4 4 4 4 4 4 4 4 4 4 4 4 4 4 4 4 4 4 4 4 4 4 4 4 4 4 4 4 4 4 4 4 4 
1 14 21 41 51 61 81 101 111 131 151 181 191 211 231 251 271 291 321 341 361 391 0 
2 15 22 42 52 62 82 102 112 132 152 182 192 212 232 252 272 292 322 342 362 392 0 
3 16 23 43 53 63 83 103 113 133 153 183 193 213 233 253 273 293 323 343 363 393 0 
4 17 24 44 54 64 84 104 114 134 154 184 194 214 234 254 274 294 324 344 364 394 0 
5 18 25 45 55 65 85 105 115 135 155 185 195 215 235 255 275 295 325 345 365 395 0 
6 19 26 46 56 66 86 106 116 136 156 186 196 216 236 256 276 296 326 346 366 396 0 
7 20 27 47 57 67 87 107 117 137 157 187 197 217 237 257 277 297 327 347 367 397 0 
8 11 28 48 58 68 88 108 118 138 158 188 198 218 238 258 278 298 328 348 368 398 0 
9 12 29 49 59 69 89 109 119 139 159 189 199 219 239 259 279 299 329 349 369 399 0 
10 13 30 50 60 70 90 110 120 140 160 190 200 220 240 260 280 300 330 350 370 400 0 
1 27 33 45 60 71 86 91 104 121 139 141 161 171 193 201 221 241 281 311 351 381 411 
2 28 34 46 51 72 87 92 105 122 140 142 162 172 194 202 222 242 282 312 352 382 412 
3 29 35 47 52 73 88 93 106 123 131 143 163 173 195 203 223 243 283 313 353 383 413 
4 30 36 48 53 74 89 94 107 124 132 144 164 174 196 204 224 244 284 314 354 384 414 
5 21 37 49 54 75 90 95 108 125 133 145 165 175 197 205 225 245 285 315 355 385 415 
6 22 38 50 55 76 81 96 109 126 134 146 166 176 198 206 226 246 286 316 356 386 416 
7 23 39 41 56 77 82 97 110 127 135 147 167 177 199 207 227 247 287 317 357 387 417 
8 24 40 42 57 78 83 98 101 128 136 148 168 178 200 208 228 248 288 318 358 388 418 
9 25 31 43 58 79 84 99 102 129 137 149 169 179 191 209 229 249 289 319 359 389 419 
10 26 32 44 59 80 85 100 103 130 138 150 170 180 192 210 230 250 290 320 360 390 420 
1 36 227 242 261 285 301 331 368 401 0 0 0 0 0 0 0 0 0 0 0 0 0 
2 37 228 243 262 286 302 332 369 402 0 0 0 0 0 0 0 0 0 0 0 0 0 
3 38 229 244 263 287 303 333 370 403 0 0 0 0 0 0 0 0 0 0 0 0 0 
4 39 230 245 264 288 304 334 361 404 0 0 0 0 0 0 0 0 0 0 0 0 0 
5 40 221 246 265 289 305 335 362 405 0 0 0 0 0 0 0 0 0 0 0 0 0 
6 31 222 247 266 290 306 336 363 406 0 0 0 0 0 0 0 0 0 0 0 0 0 
7 32 223 248 267 281 307 337 364 407 0 0 0 0 0 0 0 0 0 0 0 0 0 
8 33 224 249 268 282 308 338 365 408 0 0 0 0 0 0 0 0 0 0 0 0 0 
9 34 225 250 269 283 309 339 366 409 0 0 0 0 0 0 0 0 0 0 0 0 0 
10 35 226 241 270 284 310 340 367 410 0 0 0 0 0 0 0 0 0 0 0 0 0 
1 17 22 128 236 0 0 0 0 0 0 0 0 0 0 0 0 0 0 0 0 0 0 
2 18 23 129 237 0 0 0 0 0 0 0 0 0 0 0 0 0 0 0 0 0 0 
3 19 24 130 238 0 0 0 0 0 0 0 0 0 0 0 0 0 0 0 0 0 0 
4 20 25 121 239 0 0 0 0 0 0 0 0 0 0 0 0 0 0 0 0 0 0 
5 11 26 122 240 0 0 0 0 0 0 0 0 0 0 0 0 0 0 0 0 0 0 
6 12 27 123 231 0 0 0 0 0 0 0 0 0 0 0 0 0 0 0 0 0 0 
7 13 28 124 232 0 0 0 0 0 0 0 0 0 0 0 0 0 0 0 0 0 0 
8 14 29 125 233 0 0 0 0 0 0 0 0 0 0 0 0 0 0 0 0 0 0 
9 15 30 126 234 0 0 0 0 0 0 0 0 0 0 0 0 0 0 0 0 0 0 
10 16 21 127 235 0 0 0 0 0 0 0 0 0 0 0 0 0 0 0 0 0 0 
11 22 39 203 297 0 0 0 0 0 0 0 0 0 0 0 0 0 0 0 0 0 0 
12 23 40 204 298 0 0 0 0 0 0 0 0 0 0 0 0 0 0 0 0 0 0 
13 24 31 205 299 0 0 0 0 0 0 0 0 0 0 0 0 0 0 0 0 0 0 
14 25 32 206 300 0 0 0 0 0 0 0 0 0 0 0 0 0 0 0 0 0 0 
15 26 33 207 291 0 0 0 0 0 0 0 0 0 0 0 0 0 0 0 0 0 0 
16 27 34 208 292 0 0 0 0 0 0 0 0 0 0 0 0 0 0 0 0 0 0 
17 28 35 209 293 0 0 0 0 0 0 0 0 0 0 0 0 0 0 0 0 0 0 
18 29 36 210 294 0 0 0 0 0 0 0 0 0 0 0 0 0 0 0 0 0 0 
19 30 37 201 295 0 0 0 0 0 0 0 0 0 0 0 0 0 0 0 0 0 0 
20 21 38 202 296 0 0 0 0 0 0 0 0 0 0 0 0 0 0 0 0 0 0 
11 35 59 67 76 177 233 256 281 306 321 354 388 419 0 0 0 0 0 0 0 0 0 
12 36 60 68 77 178 234 257 282 307 322 355 389 420 0 0 0 0 0 0 0 0 0 
13 37 51 69 78 179 235 258 283 308 323 356 390 411 0 0 0 0 0 0 0 0 0 
14 38 52 70 79 180 236 259 284 309 324 357 381 412 0 0 0 0 0 0 0 0 0 
15 39 53 61 80 171 237 260 285 310 325 358 382 413 0 0 0 0 0 0 0 0 0 
16 40 54 62 71 172 238 251 286 301 326 359 383 414 0 0 0 0 0 0 0 0 0 
17 31 55 63 72 173 239 252 287 302 327 360 384 415 0 0 0 0 0 0 0 0 0 
18 32 56 64 73 174 240 253 288 303 328 351 385 416 0 0 0 0 0 0 0 0 0 
19 33 57 65 74 175 231 254 289 304 329 352 386 417 0 0 0 0 0 0 0 0 0 
20 34 58 66 75 176 232 255 290 305 330 353 387 418 0 0 0 0 0 0 0 0 0 
1 13 39 105 143 183 279 0 0 0 0 0 0 0 0 0 0 0 0 0 0 0 0 
2 14 40 106 144 184 280 0 0 0 0 0 0 0 0 0 0 0 0 0 0 0 0 
3 15 31 107 145 185 271 0 0 0 0 0 0 0 0 0 0 0 0 0 0 0 0 
4 16 32 108 146 186 272 0 0 0 0 0 0 0 0 0 0 0 0 0 0 0 0 
5 17 33 109 147 187 273 0 0 0 0 0 0 0 0 0 0 0 0 0 0 0 0 
6 18 34 110 148 188 274 0 0 0 0 0 0 0 0 0 0 0 0 0 0 0 0 
7 19 35 101 149 189 275 0 0 0 0 0 0 0 0 0 0 0 0 0 0 0 0 
8 20 36 102 150 190 276 0 0 0 0 0 0 0 0 0 0 0 0 0 0 0 0 
9 11 37 103 141 181 277 0 0 0 0 0 0 0 0 0 0 0 0 0 0 0 0 
10 12 38 104 142 182 278 0 0 0 0 0 0 0 0 0 0 0 0 0 0 0 0 
11 34 60 62 73 101 114 185 261 310 333 369 397 0 0 0 0 0 0 0 0 0 0 
12 35 51 63 74 102 115 186 262 301 334 370 398 0 0 0 0 0 0 0 0 0 0 
13 36 52 64 75 103 116 187 263 302 335 361 399 0 0 0 0 0 0 0 0 0 0 
14 37 53 65 76 104 117 188 264 303 336 362 400 0 0 0 0 0 0 0 0 0 0 
15 38 54 66 77 105 118 189 265 304 337 363 391 0 0 0 0 0 0 0 0 0 0 
16 39 55 67 78 106 119 190 266 305 338 364 392 0 0 0 0 0 0 0 0 0 0 
17 40 56 68 79 107 120 181 267 306 339 365 393 0 0 0 0 0 0 0 0 0 0 
18 31 57 69 80 108 111 182 268 307 340 366 394 0 0 0 0 0 0 0 0 0 0 
19 32 58 70 71 109 112 183 269 308 331 367 395 0 0 0 0 0 0 0 0 0 0 
20 33 59 61 72 110 113 184 270 309 332 368 396 0 0 0 0 0 0 0 0 0 0 
11 23 38 94 139 214 0 0 0 0 0 0 0 0 0 0 0 0 0 0 0 0 0 
12 24 39 95 140 215 0 0 0 0 0 0 0 0 0 0 0 0 0 0 0 0 0 
13 25 40 96 131 216 0 0 0 0 0 0 0 0 0 0 0 0 0 0 0 0 0 
14 26 31 97 132 217 0 0 0 0 0 0 0 0 0 0 0 0 0 0 0 0 0 
15 27 32 98 133 218 0 0 0 0 0 0 0 0 0 0 0 0 0 0 0 0 0 
16 28 33 99 134 219 0 0 0 0 0 0 0 0 0 0 0 0 0 0 0 0 0 
17 29 34 100 135 220 0 0 0 0 0 0 0 0 0 0 0 0 0 0 0 0 0 
18 30 35 91 136 211 0 0 0 0 0 0 0 0 0 0 0 0 0 0 0 0 0 
19 21 36 92 137 212 0 0 0 0 0 0 0 0 0 0 0 0 0 0 0 0 0 
20 22 37 93 138 213 0 0 0 0 0 0 0 0 0 0 0 0 0 0 0 0 0 
1 16 35 66 117 162 244 307 0 0 0 0 0 0 0 0 0 0 0 0 0 0 0 
2 17 36 67 118 163 245 308 0 0 0 0 0 0 0 0 0 0 0 0 0 0 0 
3 18 37 68 119 164 246 309 0 0 0 0 0 0 0 0 0 0 0 0 0 0 0 
4 19 38 69 120 165 247 310 0 0 0 0 0 0 0 0 0 0 0 0 0 0 0 
5 20 39 70 111 166 248 301 0 0 0 0 0 0 0 0 0 0 0 0 0 0 0 
6 11 40 61 112 167 249 302 0 0 0 0 0 0 0 0 0 0 0 0 0 0 0 
7 12 31 62 113 168 250 303 0 0 0 0 0 0 0 0 0 0 0 0 0 0 0 
8 13 32 63 114 169 241 304 0 0 0 0 0 0 0 0 0 0 0 0 0 0 0 
9 14 33 64 115 170 242 305 0 0 0 0 0 0 0 0 0 0 0 0 0 0 0 
10 15 34 65 116 161 243 306 0 0 0 0 0 0 0 0 0 0 0 0 0 0 0 
1 30 31 100 158 197 338 371 405 0 0 0 0 0 0 0 0 0 0 0 0 0 0 
2 21 32 91 159 198 339 372 406 0 0 0 0 0 0 0 0 0 0 0 0 0 0 
3 22 33 92 160 199 340 373 407 0 0 0 0 0 0 0 0 0 0 0 0 0 0 
4 23 34 93 151 200 331 374 408 0 0 0 0 0 0 0 0 0 0 0 0 0 0 
5 24 35 94 152 191 332 375 409 0 0 0 0 0 0 0 0 0 0 0 0 0 0 
6 25 36 95 153 192 333 376 410 0 0 0 0 0 0 0 0 0 0 0 0 0 0 
7 26 37 96 154 193 334 377 401 0 0 0 0 0 0 0 0 0 0 0 0 0 0 
8 27 38 97 155 194 335 378 402 0 0 0 0 0 0 0 0 0 0 0 0 0 0 
9 28 39 98 156 195 336 379 403 0 0 0 0 0 0 0 0 0 0 0 0 0 0 
10 29 40 99 157 196 337 380 404 0 0 0 0 0 0 0 0 0 0 0 0 0 0 
1 11 44 57 63 75 96 123 144 152 170 172 207 355 382 416 0 0 0 0 0 0 0 
2 12 45 58 64 76 97 124 145 153 161 173 208 356 383 417 0 0 0 0 0 0 0 
3 13 46 59 65 77 98 125 146 154 162 174 209 357 384 418 0 0 0 0 0 0 0 
4 14 47 60 66 78 99 126 147 155 163 175 210 358 385 419 0 0 0 0 0 0 0 
5 15 48 51 67 79 100 127 148 156 164 176 201 359 386 420 0 0 0 0 0 0 0 
6 16 49 52 68 80 91 128 149 157 165 177 202 360 387 411 0 0 0 0 0 0 0 
7 17 50 53 69 71 92 129 150 158 166 178 203 351 388 412 0 0 0 0 0 0 0 
8 18 41 54 70 72 93 130 141 159 167 179 204 352 389 413 0 0 0 0 0 0 0 
9 19 42 55 61 73 94 121 142 160 168 180 205 353 390 414 0 0 0 0 0 0 0 
10 20 43 56 62 74 95 122 143 151 169 171 206 354 381 415 0 0 0 0 0 0 0 
11 21 84 168 173 268 329 342 393 0 0 0 0 0 0 0 0 0 0 0 0 0 0 
12 22 85 169 174 269 330 343 394 0 0 0 0 0 0 0 0 0 0 0 0 0 0 
13 23 86 170 175 270 321 344 395 0 0 0 0 0 0 0 0 0 0 0 0 0 0 
14 24 87 161 176 261 322 345 396 0 0 0 0 0 0 0 0 0 0 0 0 0 0 
15 25 88 162 177 262 323 346 397 0 0 0 0 0 0 0 0 0 0 0 0 0 0 
16 26 89 163 178 263 324 347 398 0 0 0 0 0 0 0 0 0 0 0 0 0 0 
17 27 90 164 179 264 325 348 399 0 0 0 0 0 0 0 0 0 0 0 0 0 0 
18 28 81 165 180 265 326 349 400 0 0 0 0 0 0 0 0 0 0 0 0 0 0 
19 29 82 166 171 266 327 350 391 0 0 0 0 0 0 0 0 0 0 0 0 0 0 
20 30 83 167 172 267 328 341 392 0 0 0 0 0 0 0 0 0 0 0 0 0 0 
21 31 73 119 135 144 218 264 311 343 377 408 0 0 0 0 0 0 0 0 0 0 0 
22 32 74 120 136 145 219 265 312 344 378 409 0 0 0 0 0 0 0 0 0 0 0 
23 33 75 111 137 146 220 266 313 345 379 410 0 0 0 0 0 0 0 0 0 0 0 
24 34 76 112 138 147 211 267 314 346 380 401 0 0 0 0 0 0 0 0 0 0 0 
25 35 77 113 139 148 212 268 315 347 371 402 0 0 0 0 0 0 0 0 0 0 0 
26 36 78 114 140 149 213 269 316 348 372 403 0 0 0 0 0 0 0 0 0 0 0 
27 37 79 115 131 150 214 270 317 349 373 404 0 0 0 0 0 0 0 0 0 0 0 
28 38 80 116 132 141 215 261 318 350 374 405 0 0 0 0 0 0 0 0 0 0 0 
29 39 71 117 133 142 216 262 319 341 375 406 0 0 0 0 0 0 0 0 0 0 0 
30 40 72 118 134 143 217 263 320 342 376 407 0 0 0 0 0 0 0 0 0 0 0 
41 0 0 0 0 0 0 0 0 0 0 0 0 0 0 0 0 0 0 0 0 0 0 
42 0 0 0 0 0 0 0 0 0 0 0 0 0 0 0 0 0 0 0 0 0 0 
43 0 0 0 0 0 0 0 0 0 0 0 0 0 0 0 0 0 0 0 0 0 0 
44 0 0 0 0 0 0 0 0 0 0 0 0 0 0 0 0 0 0 0 0 0 0 
45 0 0 0 0 0 0 0 0 0 0 0 0 0 0 0 0 0 0 0 0 0 0 
46 0 0 0 0 0 0 0 0 0 0 0 0 0 0 0 0 0 0 0 0 0 0 
47 0 0 0 0 0 0 0 0 0 0 0 0 0 0 0 0 0 0 0 0 0 0 
48 0 0 0 0 0 0 0 0 0 0 0 0 0 0 0 0 0 0 0 0 0 0 
49 0 0 0 0 0 0 0 0 0 0 0 0 0 0 0 0 0 0 0 0 0 0 
50 0 0 0 0 0 0 0 0 0 0 0 0 0 0 0 0 0 0 0 0 0 0 
51 0 0 0 0 0 0 0 0 0 0 0 0 0 0 0 0 0 0 0 0 0 0 
52 0 0 0 0 0 0 0 0 0 0 0 0 0 0 0 0 0 0 0 0 0 0 
53 0 0 0 0 0 0 0 0 0 0 0 0 0 0 0 0 0 0 0 0 0 0 
54 0 0 0 0 0 0 0 0 0 0 0 0 0 0 0 0 0 0 0 0 0 0 
55 0 0 0 0 0 0 0 0 0 0 0 0 0 0 0 0 0 0 0 0 0 0 
56 0 0 0 0 0 0 0 0 0 0 0 0 0 0 0 0 0 0 0 0 0 0 
57 0 0 0 0 0 0 0 0 0 0 0 0 0 0 0 0 0 0 0 0 0 0 
58 0 0 0 0 0 0 0 0 0 0 0 0 0 0 0 0 0 0 0 0 0 0 
59 0 0 0 0 0 0 0 0 0 0 0 0 0 0 0 0 0 0 0 0 0 0 
60 0 0 0 0 0 0 0 0 0 0 0 0 0 0 0 0 0 0 0 0 0 0 
61 0 0 0 0 0 0 0 0 0 0 0 0 0 0 0 0 0 0 0 0 0 0 
62 0 0 0 0 0 0 0 0 0 0 0 0 0 0 0 0 0 0 0 0 0 0 
63 0 0 0 0 0 0 0 0 0 0 0 0 0 0 0 0 0 0 0 0 0 0 
64 0 0 0 0 0 0 0 0 0 0 0 0 0 0 0 0 0 0 0 0 0 0 
65 0 0 0 0 0 0 0 0 0 0 0 0 0 0 0 0 0 0 0 0 0 0 
66 0 0 0 0 0 0 0 0 0 0 0 0 0 0 0 0 0 0 0 0 0 0 
67 0 0 0 0 0 0 0 0 0 0 0 0 0 0 0 0 0 0 0 0 0 0 
68 0 0 0 0 0 0 0 0 0 0 0 0 0 0 0 0 0 0 0 0 0 0 
69 0 0 0 0 0 0 0 0 0 0 0 0 0 0 0 0 0 0 0 0 0 0 
70 0 0 0 0 0 0 0 0 0 0 0 0 0 0 0 0 0 0 0 0 0 0 
71 0 0 0 0 0 0 0 0 0 0 0 0 0 0 0 0 0 0 0 0 0 0 
72 0 0 0 0 0 0 0 0 0 0 0 0 0 0 0 0 0 0 0 0 0 0 
73 0 0 0 0 0 0 0 0 0 0 0 0 0 0 0 0 0 0 0 0 0 0 
74 0 0 0 0 0 0 0 0 0 0 0 0 0 0 0 0 0 0 0 0 0 0 
75 0 0 0 0 0 0 0 0 0 0 0 0 0 0 0 0 0 0 0 0 0 0 
76 0 0 0 0 0 0 0 0 0 0 0 0 0 0 0 0 0 0 0 0 0 0 
77 0 0 0 0 0 0 0 0 0 0 0 0 0 0 0 0 0 0 0 0 0 0 
78 0 0 0 0 0 0 0 0 0 0 0 0 0 0 0 0 0 0 0 0 0 0 
79 0 0 0 0 0 0 0 0 0 0 0 0 0 0 0 0 0 0 0 0 0 0 
80 0 0 0 0 0 0 0 0 0 0 0 0 0 0 0 0 0 0 0 0 0 0 
81 0 0 0 0 0 0 0 0 0 0 0 0 0 0 0 0 0 0 0 0 0 0 
82 0 0 0 0 0 0 0 0 0 0 0 0 0 0 0 0 0 0 0 0 0 0 
83 0 0 0 0 0 0 0 0 0 0 0 0 0 0 0 0 0 0 0 0 0 0 
84 0 0 0 0 0 0 0 0 0 0 0 0 0 0 0 0 0 0 0 0 0 0 
85 0 0 0 0 0 0 0 0 0 0 0 0 0 0 0 0 0 0 0 0 0 0 
86 0 0 0 0 0 0 0 0 0 0 0 0 0 0 0 0 0 0 0 0 0 0 
87 0 0 0 0 0 0 0 0 0 0 0 0 0 0 0 0 0 0 0 0 0 0 
88 0 0 0 0 0 0 0 0 0 0 0 0 0 0 0 0 0 0 0 0 0 0 
89 0 0 0 0 0 0 0 0 0 0 0 0 0 0 0 0 0 0 0 0 0 0 
90 0 0 0 0 0 0 0 0 0 0 0 0 0 0 0 0 0 0 0 0 0 0 
91 0 0 0 0 0 0 0 0 0 0 0 0 0 0 0 0 0 0 0 0 0 0 
92 0 0 0 0 0 0 0 0 0 0 0 0 0 0 0 0 0 0 0 0 0 0 
93 0 0 0 0 0 0 0 0 0 0 0 0 0 0 0 0 0 0 0 0 0 0 
94 0 0 0 0 0 0 0 0 0 0 0 0 0 0 0 0 0 0 0 0 0 0 
95 0 0 0 0 0 0 0 0 0 0 0 0 0 0 0 0 0 0 0 0 0 0 
96 0 0 0 0 0 0 0 0 0 0 0 0 0 0 0 0 0 0 0 0 0 0 
97 0 0 0 0 0 0 0 0 0 0 0 0 0 0 0 0 0 0 0 0 0 0 
98 0 0 0 0 0 0 0 0 0 0 0 0 0 0 0 0 0 0 0 0 0 0 
99 0 0 0 0 0 0 0 0 0 0 0 0 0 0 0 0 0 0 0 0 0 0 
100 0 0 0 0 0 0 0 0 0 0 0 0 0 0 0 0 0 0 0 0 0 0 
101 0 0 0 0 0 0 0 0 0 0 0 0 0 0 0 0 0 0 0 0 0 0 
102 0 0 0 0 0 0 0 0 0 0 0 0 0 0 0 0 0 0 0 0 0 0 
103 0 0 0 0 0 0 0 0 0 0 0 0 0 0 0 0 0 0 0 0 0 0 
104 0 0 0 0 0 0 0 0 0 0 0 0 0 0 0 0 0 0 0 0 0 0 
105 0 0 0 0 0 0 0 0 0 0 0 0 0 0 0 0 0 0 0 0 0 0 
106 0 0 0 0 0 0 0 0 0 0 0 0 0 0 0 0 0 0 0 0 0 0 
107 0 0 0 0 0 0 0 0 0 0 0 0 0 0 0 0 0 0 0 0 0 0 
108 0 0 0 0 0 0 0 0 0 0 0 0 0 0 0 0 0 0 0 0 0 0 
109 0 0 0 0 0 0 0 0 0 0 0 0 0 0 0 0 0 0 0 0 0 0 
110 0 0 0 0 0 0 0 0 0 0 0 0 0 0 0 0 0 0 0 0 0 0 
111 0 0 0 0 0 0 0 0 0 0 0 0 0 0 0 0 0 0 0 0 0 0 
112 0 0 0 0 0 0 0 0 0 0 0 0 0 0 0 0 0 0 0 0 0 0 
113 0 0 0 0 0 0 0 0 0 0 0 0 0 0 0 0 0 0 0 0 0 0 
114 0 0 0 0 0 0 0 0 0 0 0 0 0 0 0 0 0 0 0 0 0 0 
115 0 0 0 0 0 0 0 0 0 0 0 0 0 0 0 0 0 0 0 0 0 0 
116 0 0 0 0 0 0 0 0 0 0 0 0 0 0 0 0 0 0 0 0 0 0 
117 0 0 0 0 0 0 0 0 0 0 0 0 0 0 0 0 0 0 0 0 0 0 
118 0 0 0 0 0 0 0 0 0 0 0 0 0 0 0 0 0 0 0 0 0 0 
119 0 0 0 0 0 0 0 0 0 0 0 0 0 0 0 0 0 0 0 0 0 0 
120 0 0 0 0 0 0 0 0 0 0 0 0 0 0 0 0 0 0 0 0 0 0 
121 0 0 0 0 0 0 0 0 0 0 0 0 0 0 0 0 0 0 0 0 0 0 
122 0 0 0 0 0 0 0 0 0 0 0 0 0 0 0 0 0 0 0 0 0 0 
123 0 0 0 0 0 0 0 0 0 0 0 0 0 0 0 0 0 0 0 0 0 0 
124 0 0 0 0 0 0 0 0 0 0 0 0 0 0 0 0 0 0 0 0 0 0 
125 0 0 0 0 0 0 0 0 0 0 0 0 0 0 0 0 0 0 0 0 0 0 
126 0 0 0 0 0 0 0 0 0 0 0 0 0 0 0 0 0 0 0 0 0 0 
127 0 0 0 0 0 0 0 0 0 0 0 0 0 0 0 0 0 0 0 0 0 0 
128 0 0 0 0 0 0 0 0 0 0 0 0 0 0 0 0 0 0 0 0 0 0 
129 0 0 0 0 0 0 0 0 0 0 0 0 0 0 0 0 0 0 0 0 0 0 
130 0 0 0 0 0 0 0 0 0 0 0 0 0 0 0 0 0 0 0 0 0 0 
131 0 0 0 0 0 0 0 0 0 0 0 0 0 0 0 0 0 0 0 0 0 0 
132 0 0 0 0 0 0 0 0 0 0 0 0 0 0 0 0 0 0 0 0 0 0 
133 0 0 0 0 0 0 0 0 0 0 0 0 0 0 0 0 0 0 0 0 0 0 
134 0 0 0 0 0 0 0 0 0 0 0 0 0 0 0 0 0 0 0 0 0 0 
135 0 0 0 0 0 0 0 0 0 0 0 0 0 0 0 0 0 0 0 0 0 0 
136 0 0 0 0 0 0 0 0 0 0 0 0 0 0 0 0 0 0 0 0 0 0 
137 0 0 0 0 0 0 0 0 0 0 0 0 0 0 0 0 0 0 0 0 0 0 
138 0 0 0 0 0 0 0 0 0 0 0 0 0 0 0 0 0 0 0 0 0 0 
139 0 0 0 0 0 0 0 0 0 0 0 0 0 0 0 0 0 0 0 0 0 0 
140 0 0 0 0 0 0 0 0 0 0 0 0 0 0 0 0 0 0 0 0 0 0 
141 0 0 0 0 0 0 0 0 0 0 0 0 0 0 0 0 0 0 0 0 0 0 
142 0 0 0 0 0 0 0 0 0 0 0 0 0 0 0 0 0 0 0 0 0 0 
143 0 0 0 0 0 0 0 0 0 0 0 0 0 0 0 0 0 0 0 0 0 0 
144 0 0 0 0 0 0 0 0 0 0 0 0 0 0 0 0 0 0 0 0 0 0 
145 0 0 0 0 0 0 0 0 0 0 0 0 0 0 0 0 0 0 0 0 0 0 
146 0 0 0 0 0 0 0 0 0 0 0 0 0 0 0 0 0 0 0 0 0 0 
147 0 0 0 0 0 0 0 0 0 0 0 0 0 0 0 0 0 0 0 0 0 0 
148 0 0 0 0 0 0 0 0 0 0 0 0 0 0 0 0 0 0 0 0 0 0 
149 0 0 0 0 0 0 0 0 0 0 0 0 0 0 0 0 0 0 0 0 0 0 
150 0 0 0 0 0 0 0 0 0 0 0 0 0 0 0 0 0 0 0 0 0 0 
151 0 0 0 0 0 0 0 0 0 0 0 0 0 0 0 0 0 0 0 0 0 0 
152 0 0 0 0 0 0 0 0 0 0 0 0 0 0 0 0 0 0 0 0 0 0 
153 0 0 0 0 0 0 0 0 0 0 0 0 0 0 0 0 0 0 0 0 0 0 
154 0 0 0 0 0 0 0 0 0 0 0 0 0 0 0 0 0 0 0 0 0 0 
155 0 0 0 0 0 0 0 0 0 0 0 0 0 0 0 0 0 0 0 0 0 0 
156 0 0 0 0 0 0 0 0 0 0 0 0 0 0 0 0 0 0 0 0 0 0 
157 0 0 0 0 0 0 0 0 0 0 0 0 0 0 0 0 0 0 0 0 0 0 
158 0 0 0 0 0 0 0 0 0 0 0 0 0 0 0 0 0 0 0 0 0 0 
159 0 0 0 0 0 0 0 0 0 0 0 0 0 0 0 0 0 0 0 0 0 0 
160 0 0 0 0 0 0 0 0 0 0 0 0 0 0 0 0 0 0 0 0 0 0 
161 0 0 0 0 0 0 0 0 0 0 0 0 0 0 0 0 0 0 0 0 0 0 
162 0 0 0 0 0 0 0 0 0 0 0 0 0 0 0 0 0 0 0 0 0 0 
163 0 0 0 0 0 0 0 0 0 0 0 0 0 0 0 0 0 0 0 0 0 0 
164 0 0 0 0 0 0 0 0 0 0 0 0 0 0 0 0 0 0 0 0 0 0 
165 0 0 0 0 0 0 0 0 0 0 0 0 0 0 0 0 0 0 0 0 0 0 
166 0 0 0 0 0 0 0 0 0 0 0 0 0 0 0 0 0 0 0 0 0 0 
167 0 0 0 0 0 0 0 0 0 0 0 0 0 0 0 0 0 0 0 0 0 0 
168 0 0 0 0 0 0 0 0 0 0 0 0 0 0 0 0 0 0 0 0 0 0 
169 0 0 0 0 0 0 0 0 0 0 0 0 0 0 0 0 0 0 0 0 0 0 
170 0 0 0 0 0 0 0 0 0 0 0 0 0 0 0 0 0 0 0 0 0 0 
171 0 0 0 0 0 0 0 0 0 0 0 0 0 0 0 0 0 0 0 0 0 0 
172 0 0 0 0 0 0 0 0 0 0 0 0 0 0 0 0 0 0 0 0 0 0 
173 0 0 0 0 0 0 0 0 0 0 0 0 0 0 0 0 0 0 0 0 0 0 
174 0 0 0 0 0 0 0 0 0 0 0 0 0 0 0 0 0 0 0 0 0 0 
175 0 0 0 0 0 0 0 0 0 0 0 0 0 0 0 0 0 0 0 0 0 0 
176 0 0 0 0 0 0 0 0 0 0 0 0 0 0 0 0 0 0 0 0 0 0 
177 0 0 0 0 0 0 0 0 0 0 0 0 0 0 0 0 0 0 0 0 0 0 
178 0 0 0 0 0 0 0 0 0 0 0 0 0 0 0 0 0 0 0 0 0 0 
179 0 0 0 0 0 0 0 0 0 0 0 0 0 0 0 0 0 0 0 0 0 0 
180 0 0 0 0 0 0 0 0 0 0 0 0 0 0 0 0 0 0 0 0 0 0 
181 0 0 0 0 0 0 0 0 0 0 0 0 0 0 0 0 0 0 0 0 0 0 
182 0 0 0 0 0 0 0 0 0 0 0 0 0 0 0 0 0 0 0 0 0 0 
183 0 0 0 0 0 0 0 0 0 0 0 0 0 0 0 0 0 0 0 0 0 0 
184 0 0 0 0 0 0 0 0 0 0 0 0 0 0 0 0 0 0 0 0 0 0 
185 0 0 0 0 0 0 0 0 0 0 0 0 0 0 0 0 0 0 0 0 0 0 
186 0 0 0 0 0 0 0 0 0 0 0 0 0 0 0 0 0 0 0 0 0 0 
187 0 0 0 0 0 0 0 0 0 0 0 0 0 0 0 0 0 0 0 0 0 0 
188 0 0 0 0 0 0 0 0 0 0 0 0 0 0 0 0 0 0 0 0 0 0 
189 0 0 0 0 0 0 0 0 0 0 0 0 0 0 0 0 0 0 0 0 0 0 
190 0 0 0 0 0 0 0 0 0 0 0 0 0 0 0 0 0 0 0 0 0 0 
191 0 0 0 0 0 0 0 0 0 0 0 0 0 0 0 0 0 0 0 0 0 0 
192 0 0 0 0 0 0 0 0 0 0 0 0 0 0 0 0 0 0 0 0 0 0 
193 0 0 0 0 0 0 0 0 0 0 0 0 0 0 0 0 0 0 0 0 0 0 
194 0 0 0 0 0 0 0 0 0 0 0 0 0 0 0 0 0 0 0 0 0 0 
195 0 0 0 0 0 0 0 0 0 0 0 0 0 0 0 0 0 0 0 0 0 0 
196 0 0 0 0 0 0 0 0 0 0 0 0 0 0 0 0 0 0 0 0 0 0 
197 0 0 0 0 0 0 0 0 0 0 0 0 0 0 0 0 0 0 0 0 0 0 
198 0 0 0 0 0 0 0 0 0 0 0 0 0 0 0 0 0 0 0 0 0 0 
199 0 0 0 0 0 0 0 0 0 0 0 0 0 0 0 0 0 0 0 0 0 0 
200 0 0 0 0 0 0 0 0 0 0 0 0 0 0 0 0 0 0 0 0 0 0 
201 0 0 0 0 0 0 0 0 0 0 0 0 0 0 0 0 0 0 0 0 0 0 
202 0 0 0 0 0 0 0 0 0 0 0 0 0 0 0 0 0 0 0 0 0 0 
203 0 0 0 0 0 0 0 0 0 0 0 0 0 0 0 0 0 0 0 0 0 0 
204 0 0 0 0 0 0 0 0 0 0 0 0 0 0 0 0 0 0 0 0 0 0 
205 0 0 0 0 0 0 0 0 0 0 0 0 0 0 0 0 0 0 0 0 0 0 
206 0 0 0 0 0 0 0 0 0 0 0 0 0 0 0 0 0 0 0 0 0 0 
207 0 0 0 0 0 0 0 0 0 0 0 0 0 0 0 0 0 0 0 0 0 0 
208 0 0 0 0 0 0 0 0 0 0 0 0 0 0 0 0 0 0 0 0 0 0 
209 0 0 0 0 0 0 0 0 0 0 0 0 0 0 0 0 0 0 0 0 0 0 
210 0 0 0 0 0 0 0 0 0 0 0 0 0 0 0 0 0 0 0 0 0 0 
211 0 0 0 0 0 0 0 0 0 0 0 0 0 0 0 0 0 0 0 0 0 0 
212 0 0 0 0 0 0 0 0 0 0 0 0 0 0 0 0 0 0 0 0 0 0 
213 0 0 0 0 0 0 0 0 0 0 0 0 0 0 0 0 0 0 0 0 0 0 
214 0 0 0 0 0 0 0 0 0 0 0 0 0 0 0 0 0 0 0 0 0 0 
215 0 0 0 0 0 0 0 0 0 0 0 0 0 0 0 0 0 0 0 0 0 0 
216 0 0 0 0 0 0 0 0 0 0 0 0 0 0 0 0 0 0 0 0 0 0 
217 0 0 0 0 0 0 0 0 0 0 0 0 0 0 0 0 0 0 0 0 0 0 
218 0 0 0 0 0 0 0 0 0 0 0 0 0 0 0 0 0 0 0 0 0 0 
219 0 0 0 0 0 0 0 0 0 0 0 0 0 0 0 0 0 0 0 0 0 0 
220 0 0 0 0 0 0 0 0 0 0 0 0 0 0 0 0 0 0 0 0 0 0 
221 0 0 0 0 0 0 0 0 0 0 0 0 0 0 0 0 0 0 0 0 0 0 
222 0 0 0 0 0 0 0 0 0 0 0 0 0 0 0 0 0 0 0 0 0 0 
223 0 0 0 0 0 0 0 0 0 0 0 0 0 0 0 0 0 0 0 0 0 0 
224 0 0 0 0 0 0 0 0 0 0 0 0 0 0 0 0 0 0 0 0 0 0 
225 0 0 0 0 0 0 0 0 0 0 0 0 0 0 0 0 0 0 0 0 0 0 
226 0 0 0 0 0 0 0 0 0 0 0 0 0 0 0 0 0 0 0 0 0 0 
227 0 0 0 0 0 0 0 0 0 0 0 0 0 0 0 0 0 0 0 0 0 0 
228 0 0 0 0 0 0 0 0 0 0 0 0 0 0 0 0 0 0 0 0 0 0 
229 0 0 0 0 0 0 0 0 0 0 0 0 0 0 0 0 0 0 0 0 0 0 
230 0 0 0 0 0 0 0 0 0 0 0 0 0 0 0 0 0 0 0 0 0 0 
231 0 0 0 0 0 0 0 0 0 0 0 0 0 0 0 0 0 0 0 0 0 0 
232 0 0 0 0 0 0 0 0 0 0 0 0 0 0 0 0 0 0 0 0 0 0 
233 0 0 0 0 0 0 0 0 0 0 0 0 0 0 0 0 0 0 0 0 0 0 
234 0 0 0 0 0 0 0 0 0 0 0 0 0 0 0 0 0 0 0 0 0 0 
235 0 0 0 0 0 0 0 0 0 0 0 0 0 0 0 0 0 0 0 0 0 0 
236 0 0 0 0 0 0 0 0 0 0 0 0 0 0 0 0 0 0 0 0 0 0 
237 0 0 0 0 0 0 0 0 0 0 0 0 0 0 0 0 0 0 0 0 0 0 
238 0 0 0 0 0 0 0 0 0 0 0 0 0 0 0 0 0 0 0 0 0 0 
239 0 0 0 0 0 0 0 0 0 0 0 0 0 0 0 0 0 0 0 0 0 0 
240 0 0 0 0 0 0 0 0 0 0 0 0 0 0 0 0 0 0 0 0 0 0 
241 0 0 0 0 0 0 0 0 0 0 0 0 0 0 0 0 0 0 0 0 0 0 
242 0 0 0 0 0 0 0 0 0 0 0 0 0 0 0 0 0 0 0 0 0 0 
243 0 0 0 0 0 0 0 0 0 0 0 0 0 0 0 0 0 0 0 0 0 0 
244 0 0 0 0 0 0 0 0 0 0 0 0 0 0 0 0 0 0 0 0 0 0 
245 0 0 0 0 0 0 0 0 0 0 0 0 0 0 0 0 0 0 0 0 0 0 
246 0 0 0 0 0 0 0 0 0 0 0 0 0 0 0 0 0 0 0 0 0 0 
247 0 0 0 0 0 0 0 0 0 0 0 0 0 0 0 0 0 0 0 0 0 0 
248 0 0 0 0 0 0 0 0 0 0 0 0 0 0 0 0 0 0 0 0 0 0 
249 0 0 0 0 0 0 0 0 0 0 0 0 0 0 0 0 0 0 0 0 0 0 
250 0 0 0 0 0 0 0 0 0 0 0 0 0 0 0 0 0 0 0 0 0 0 
251 0 0 0 0 0 0 0 0 0 0 0 0 0 0 0 0 0 0 0 0 0 0 
252 0 0 0 0 0 0 0 0 0 0 0 0 0 0 0 0 0 0 0 0 0 0 
253 0 0 0 0 0 0 0 0 0 0 0 0 0 0 0 0 0 0 0 0 0 0 
254 0 0 0 0 0 0 0 0 0 0 0 0 0 0 0 0 0 0 0 0 0 0 
255 0 0 0 0 0 0 0 0 0 0 0 0 0 0 0 0 0 0 0 0 0 0 
256 0 0 0 0 0 0 0 0 0 0 0 0 0 0 0 0 0 0 0 0 0 0 
257 0 0 0 0 0 0 0 0 0 0 0 0 0 0 0 0 0 0 0 0 0 0 
258 0 0 0 0 0 0 0 0 0 0 0 0 0 0 0 0 0 0 0 0 0 0 
259 0 0 0 0 0 0 0 0 0 0 0 0 0 0 0 0 0 0 0 0 0 0 
260 0 0 0 0 0 0 0 0 0 0 0 0 0 0 0 0 0 0 0 0 0 0 
261 0 0 0 0 0 0 0 0 0 0 0 0 0 0 0 0 0 0 0 0 0 0 
262 0 0 0 0 0 0 0 0 0 0 0 0 0 0 0 0 0 0 0 0 0 0 
263 0 0 0 0 0 0 0 0 0 0 0 0 0 0 0 0 0 0 0 0 0 0 
264 0 0 0 0 0 0 0 0 0 0 0 0 0 0 0 0 0 0 0 0 0 0 
265 0 0 0 0 0 0 0 0 0 0 0 0 0 0 0 0 0 0 0 0 0 0 
266 0 0 0 0 0 0 0 0 0 0 0 0 0 0 0 0 0 0 0 0 0 0 
267 0 0 0 0 0 0 0 0 0 0 0 0 0 0 0 0 0 0 0 0 0 0 
268 0 0 0 0 0 0 0 0 0 0 0 0 0 0 0 0 0 0 0 0 0 0 
269 0 0 0 0 0 0 0 0 0 0 0 0 0 0 0 0 0 0 0 0 0 0 
270 0 0 0 0 0 0 0 0 0 0 0 0 0 0 0 0 0 0 0 0 0 0 
271 0 0 0 0 0 0 0 0 0 0 0 0 0 0 0 0 0 0 0 0 0 0 
272 0 0 0 0 0 0 0 0 0 0 0 0 0 0 0 0 0 0 0 0 0 0 
273 0 0 0 0 0 0 0 0 0 0 0 0 0 0 0 0 0 0 0 0 0 0 
274 0 0 0 0 0 0 0 0 0 0 0 0 0 0 0 0 0 0 0 0 0 0 
275 0 0 0 0 0 0 0 0 0 0 0 0 0 0 0 0 0 0 0 0 0 0 
276 0 0 0 0 0 0 0 0 0 0 0 0 0 0 0 0 0 0 0 0 0 0 
277 0 0 0 0 0 0 0 0 0 0 0 0 0 0 0 0 0 0 0 0 0 0 
278 0 0 0 0 0 0 0 0 0 0 0 0 0 0 0 0 0 0 0 0 0 0 
279 0 0 0 0 0 0 0 0 0 0 0 0 0 0 0 0 0 0 0 0 0 0 
280 0 0 0 0 0 0 0 0 0 0 0 0 0 0 0 0 0 0 0 0 0 0 
281 0 0 0 0 0 0 0 0 0 0 0 0 0 0 0 0 0 0 0 0 0 0 
282 0 0 0 0 0 0 0 0 0 0 0 0 0 0 0 0 0 0 0 0 0 0 
283 0 0 0 0 0 0 0 0 0 0 0 0 0 0 0 0 0 0 0 0 0 0 
284 0 0 0 0 0 0 0 0 0 0 0 0 0 0 0 0 0 0 0 0 0 0 
285 0 0 0 0 0 0 0 0 0 0 0 0 0 0 0 0 0 0 0 0 0 0 
286 0 0 0 0 0 0 0 0 0 0 0 0 0 0 0 0 0 0 0 0 0 0 
287 0 0 0 0 0 0 0 0 0 0 0 0 0 0 0 0 0 0 0 0 0 0 
288 0 0 0 0 0 0 0 0 0 0 0 0 0 0 0 0 0 0 0 0 0 0 
289 0 0 0 0 0 0 0 0 0 0 0 0 0 0 0 0 0 0 0 0 0 0 
290 0 0 0 0 0 0 0 0 0 0 0 0 0 0 0 0 0 0 0 0 0 0 
291 0 0 0 0 0 0 0 0 0 0 0 0 0 0 0 0 0 0 0 0 0 0 
292 0 0 0 0 0 0 0 0 0 0 0 0 0 0 0 0 0 0 0 0 0 0 
293 0 0 0 0 0 0 0 0 0 0 0 0 0 0 0 0 0 0 0 0 0 0 
294 0 0 0 0 0 0 0 0 0 0 0 0 0 0 0 0 0 0 0 0 0 0 
295 0 0 0 0 0 0 0 0 0 0 0 0 0 0 0 0 0 0 0 0 0 0 
296 0 0 0 0 0 0 0 0 0 0 0 0 0 0 0 0 0 0 0 0 0 0 
297 0 0 0 0 0 0 0 0 0 0 0 0 0 0 0 0 0 0 0 0 0 0 
298 0 0 0 0 0 0 0 0 0 0 0 0 0 0 0 0 0 0 0 0 0 0 
299 0 0 0 0 0 0 0 0 0 0 0 0 0 0 0 0 0 0 0 0 0 0 
300 0 0 0 0 0 0 0 0 0 0 0 0 0 0 0 0 0 0 0 0 0 0 
301 0 0 0 0 0 0 0 0 0 0 0 0 0 0 0 0 0 0 0 0 0 0 
302 0 0 0 0 0 0 0 0 0 0 0 0 0 0 0 0 0 0 0 0 0 0 
303 0 0 0 0 0 0 0 0 0 0 0 0 0 0 0 0 0 0 0 0 0 0 
304 0 0 0 0 0 0 0 0 0 0 0 0 0 0 0 0 0 0 0 0 0 0 
305 0 0 0 0 0 0 0 0 0 0 0 0 0 0 0 0 0 0 0 0 0 0 
306 0 0 0 0 0 0 0 0 0 0 0 0 0 0 0 0 0 0 0 0 0 0 
307 0 0 0 0 0 0 0 0 0 0 0 0 0 0 0 0 0 0 0 0 0 0 
308 0 0 0 0 0 0 0 0 0 0 0 0 0 0 0 0 0 0 0 0 0 0 
309 0 0 0 0 0 0 0 0 0 0 0 0 0 0 0 0 0 0 0 0 0 0 
310 0 0 0 0 0 0 0 0 0 0 0 0 0 0 0 0 0 0 0 0 0 0 
311 0 0 0 0 0 0 0 0 0 0 0 0 0 0 0 0 0 0 0 0 0 0 
312 0 0 0 0 0 0 0 0 0 0 0 0 0 0 0 0 0 0 0 0 0 0 
313 0 0 0 0 0 0 0 0 0 0 0 0 0 0 0 0 0 0 0 0 0 0 
314 0 0 0 0 0 0 0 0 0 0 0 0 0 0 0 0 0 0 0 0 0 0 
315 0 0 0 0 0 0 0 0 0 0 0 0 0 0 0 0 0 0 0 0 0 0 
316 0 0 0 0 0 0 0 0 0 0 0 0 0 0 0 0 0 0 0 0 0 0 
317 0 0 0 0 0 0 0 0 0 0 0 0 0 0 0 0 0 0 0 0 0 0 
318 0 0 0 0 0 0 0 0 0 0 0 0 0 0 0 0 0 0 0 0 0 0 
319 0 0 0 0 0 0 0 0 0 0 0 0 0 0 0 0 0 0 0 0 0 0 
320 0 0 0 0 0 0 0 0 0 0 0 0 0 0 0 0 0 0 0 0 0 0 
321 0 0 0 0 0 0 0 0 0 0 0 0 0 0 0 0 0 0 0 0 0 0 
322 0 0 0 0 0 0 0 0 0 0 0 0 0 0 0 0 0 0 0 0 0 0 
323 0 0 0 0 0 0 0 0 0 0 0 0 0 0 0 0 0 0 0 0 0 0 
324 0 0 0 0 0 0 0 0 0 0 0 0 0 0 0 0 0 0 0 0 0 0 
325 0 0 0 0 0 0 0 0 0 0 0 0 0 0 0 0 0 0 0 0 0 0 
326 0 0 0 0 0 0 0 0 0 0 0 0 0 0 0 0 0 0 0 0 0 0 
327 0 0 0 0 0 0 0 0 0 0 0 0 0 0 0 0 0 0 0 0 0 0 
328 0 0 0 0 0 0 0 0 0 0 0 0 0 0 0 0 0 0 0 0 0 0 
329 0 0 0 0 0 0 0 0 0 0 0 0 0 0 0 0 0 0 0 0 0 0 
330 0 0 0 0 0 0 0 0 0 0 0 0 0 0 0 0 0 0 0 0 0 0 
331 0 0 0 0 0 0 0 0 0 0 0 0 0 0 0 0 0 0 0 0 0 0 
332 0 0 0 0 0 0 0 0 0 0 0 0 0 0 0 0 0 0 0 0 0 0 
333 0 0 0 0 0 0 0 0 0 0 0 0 0 0 0 0 0 0 0 0 0 0 
334 0 0 0 0 0 0 0 0 0 0 0 0 0 0 0 0 0 0 0 0 0 0 
335 0 0 0 0 0 0 0 0 0 0 0 0 0 0 0 0 0 0 0 0 0 0 
336 0 0 0 0 0 0 0 0 0 0 0 0 0 0 0 0 0 0 0 0 0 0 
337 0 0 0 0 0 0 0 0 0 0 0 0 0 0 0 0 0 0 0 0 0 0 
338 0 0 0 0 0 0 0 0 0 0 0 0 0 0 0 0 0 0 0 0 0 0 
339 0 0 0 0 0 0 0 0 0 0 0 0 0 0 0 0 0 0 0 0 0 0 
340 0 0 0 0 0 0 0 0 0 0 0 0 0 0 0 0 0 0 0 0 0 0 
341 0 0 0 0 0 0 0 0 0 0 0 0 0 0 0 0 0 0 0 0 0 0 
342 0 0 0 0 0 0 0 0 0 0 0 0 0 0 0 0 0 0 0 0 0 0 
343 0 0 0 0 0 0 0 0 0 0 0 0 0 0 0 0 0 0 0 0 0 0 
344 0 0 0 0 0 0 0 0 0 0 0 0 0 0 0 0 0 0 0 0 0 0 
345 0 0 0 0 0 0 0 0 0 0 0 0 0 0 0 0 0 0 0 0 0 0 
346 0 0 0 0 0 0 0 0 0 0 0 0 0 0 0 0 0 0 0 0 0 0 
347 0 0 0 0 0 0 0 0 0 0 0 0 0 0 0 0 0 0 0 0 0 0 
348 0 0 0 0 0 0 0 0 0 0 0 0 0 0 0 0 0 0 0 0 0 0 
349 0 0 0 0 0 0 0 0 0 0 0 0 0 0 0 0 0 0 0 0 0 0 
350 0 0 0 0 0 0 0 0 0 0 0 0 0 0 0 0 0 0 0 0 0 0 
351 0 0 0 0 0 0 0 0 0 0 0 0 0 0 0 0 0 0 0 0 0 0 
352 0 0 0 0 0 0 0 0 0 0 0 0 0 0 0 0 0 0 0 0 0 0 
353 0 0 0 0 0 0 0 0 0 0 0 0 0 0 0 0 0 0 0 0 0 0 
354 0 0 0 0 0 0 0 0 0 0 0 0 0 0 0 0 0 0 0 0 0 0 
355 0 0 0 0 0 0 0 0 0 0 0 0 0 0 0 0 0 0 0 0 0 0 
356 0 0 0 0 0 0 0 0 0 0 0 0 0 0 0 0 0 0 0 0 0 0 
357 0 0 0 0 0 0 0 0 0 0 0 0 0 0 0 0 0 0 0 0 0 0 
358 0 0 0 0 0 0 0 0 0 0 0 0 0 0 0 0 0 0 0 0 0 0 
359 0 0 0 0 0 0 0 0 0 0 0 0 0 0 0 0 0 0 0 0 0 0 
360 0 0 0 0 0 0 0 0 0 0 0 0 0 0 0 0 0 0 0 0 0 0 
361 0 0 0 0 0 0 0 0 0 0 0 0 0 0 0 0 0 0 0 0 0 0 
362 0 0 0 0 0 0 0 0 0 0 0 0 0 0 0 0 0 0 0 0 0 0 
363 0 0 0 0 0 0 0 0 0 0 0 0 0 0 0 0 0 0 0 0 0 0 
364 0 0 0 0 0 0 0 0 0 0 0 0 0 0 0 0 0 0 0 0 0 0 
365 0 0 0 0 0 0 0 0 0 0 0 0 0 0 0 0 0 0 0 0 0 0 
366 0 0 0 0 0 0 0 0 0 0 0 0 0 0 0 0 0 0 0 0 0 0 
367 0 0 0 0 0 0 0 0 0 0 0 0 0 0 0 0 0 0 0 0 0 0 
368 0 0 0 0 0 0 0 0 0 0 0 0 0 0 0 0 0 0 0 0 0 0 
369 0 0 0 0 0 0 0 0 0 0 0 0 0 0 0 0 0 0 0 0 0 0 
370 0 0 0 0 0 0 0 0 0 0 0 0 0 0 0 0 0 0 0 0 0 0 
371 0 0 0 0 0 0 0 0 0 0 0 0 0 0 0 0 0 0 0 0 0 0 
372 0 0 0 0 0 0 0 0 0 0 0 0 0 0 0 0 0 0 0 0 0 0 
373 0 0 0 0 0 0 0 0 0 0 0 0 0 0 0 0 0 0 0 0 0 0 
374 0 0 0 0 0 0 0 0 0 0 0 0 0 0 0 0 0 0 0 0 0 0 
375 0 0 0 0 0 0 0 0 0 0 0 0 0 0 0 0 0 0 0 0 0 0 
376 0 0 0 0 0 0 0 0 0 0 0 0 0 0 0 0 0 0 0 0 0 0 
377 0 0 0 0 0 0 0 0 0 0 0 0 0 0 0 0 0 0 0 0 0 0 
378 0 0 0 0 0 0 0 0 0 0 0 0 0 0 0 0 0 0 0 0 0 0 
379 0 0 0 0 0 0 0 0 0 0 0 0 0 0 0 0 0 0 0 0 0 0 
380 0 0 0 0 0 0 0 0 0 0 0 0 0 0 0 0 0 0 0 0 0 0 
381 0 0 0 0 0 0 0 0 0 0 0 0 0 0 0 0 0 0 0 0 0 0 
382 0 0 0 0 0 0 0 0 0 0 0 0 0 0 0 0 0 0 0 0 0 0 
383 0 0 0 0 0 0 0 0 0 0 0 0 0 0 0 0 0 0 0 0 0 0 
384 0 0 0 0 0 0 0 0 0 0 0 0 0 0 0 0 0 0 0 0 0 0 
385 0 0 0 0 0 0 0 0 0 0 0 0 0 0 0 0 0 0 0 0 0 0 
386 0 0 0 0 0 0 0 0 0 0 0 0 0 0 0 0 0 0 0 0 0 0 
387 0 0 0 0 0 0 0 0 0 0 0 0 0 0 0 0 0 0 0 0 0 0 
388 0 0 0 0 0 0 0 0 0 0 0 0 0 0 0 0 0 0 0 0 0 0 
389 0 0 0 0 0 0 0 0 0 0 0 0 0 0 0 0 0 0 0 0 0 0 
390 0 0 0 0 0 0 0 0 0 0 0 0 0 0 0 0 0 0 0 0 0 0 
391 0 0 0 0 0 0 0 0 0 0 0 0 0 0 0 0 0 0 0 0 0 0 
392 0 0 0 0 0 0 0 0 0 0 0 0 0 0 0 0 0 0 0 0 0 0 
393 0 0 0 0 0 0 0 0 0 0 0 0 0 0 0 0 0 0 0 0 0 0 
394 0 0 0 0 0 0 0 0 0 0 0 0 0 0 0 0 0 0 0 0 0 0 
395 0 0 0 0 0 0 0 0 0 0 0 0 0 0 0 0 0 0 0 0 0 0 
396 0 0 0 0 0 0 0 0 0 0 0 0 0 0 0 0 0 0 0 0 0 0 
397 0 0 0 0 0 0 0 0 0 0 0 0 0 0 0 0 0 0 0 0 0 0 
398 0 0 0 0 0 0 0 0 0 0 0 0 0 0 0 0 0 0 0 0 0 0 
399 0 0 0 0 0 0 0 0 0 0 0 0 0 0 0 0 0 0 0 0 0 0 
400 0 0 0 0 0 0 0 0 0 0 0 0 0 0 0 0 0 0 0 0 0 0 
401 0 0 0 0 0 0 0 0 0 0 0 0 0 0 0 0 0 0 0 0 0 0 
402 0 0 0 0 0 0 0 0 0 0 0 0 0 0 0 0 0 0 0 0 0 0 
403 0 0 0 0 0 0 0 0 0 0 0 0 0 0 0 0 0 0 0 0 0 0 
404 0 0 0 0 0 0 0 0 0 0 0 0 0 0 0 0 0 0 0 0 0 0 
405 0 0 0 0 0 0 0 0 0 0 0 0 0 0 0 0 0 0 0 0 0 0 
406 0 0 0 0 0 0 0 0 0 0 0 0 0 0 0 0 0 0 0 0 0 0 
407 0 0 0 0 0 0 0 0 0 0 0 0 0 0 0 0 0 0 0 0 0 0 
408 0 0 0 0 0 0 0 0 0 0 0 0 0 0 0 0 0 0 0 0 0 0 
409 0 0 0 0 0 0 0 0 0 0 0 0 0 0 0 0 0 0 0 0 0 0 
410 0 0 0 0 0 0 0 0 0 0 0 0 0 0 0 0 0 0 0 0 0 0 
411 0 0 0 0 0 0 0 0 0 0 0 0 0 0 0 0 0 0 0 0 0 0 
412 0 0 0 0 0 0 0 0 0 0 0 0 0 0 0 0 0 0 0 0 0 0 
413 0 0 0 0 0 0 0 0 0 0 0 0 0 0 0 0 0 0 0 0 0 0 
414 0 0 0 0 0 0 0 0 0 0 0 0 0 0 0 0 0 0 0 0 0 0 
415 0 0 0 0 0 0 0 0 0 0 0 0 0 0 0 0 0 0 0 0 0 0 
416 0 0 0 0 0 0 0 0 0 0 0 0 0 0 0 0 0 0 0 0 0 0 
417 0 0 0 0 0 0 0 0 0 0 0 0 0 0 0 0 0 0 0 0 0 0 
418 0 0 0 0 0 0 0 0 0 0 0 0 0 0 0 0 0 0 0 0 0 0 
419 0 0 0 0 0 0 0 0 0 0 0 0 0 0 0 0 0 0 0 0 0 0 
420 0 0 0 0 0 0 0 0 0 0 0 0 0 0 0 0 0 0 0 0 0 0 
1 11 21 31 61 91 101 111 0 0 
2 12 22 32 62 92 102 112 0 0 
3 13 23 33 63 93 103 113 0 0 
4 14 24 34 64 94 104 114 0 0 
5 15 25 35 65 95 105 115 0 0 
6 16 26 36 66 96 106 116 0 0 
7 17 27 37 67 97 107 117 0 0 
8 18 28 38 68 98 108 118 0 0 
9 19 29 39 69 99 109 119 0 0 
10 20 30 40 70 100 110 120 0 0 
8 35 41 51 69 71 81 96 111 121 
9 36 42 52 70 72 82 97 112 122 
10 37 43 53 61 73 83 98 113 123 
1 38 44 54 62 74 84 99 114 124 
2 39 45 55 63 75 85 100 115 125 
3 40 46 56 64 76 86 91 116 126 
4 31 47 57 65 77 87 92 117 127 
5 32 48 58 66 78 88 93 118 128 
6 33 49 59 67 79 89 94 119 129 
7 34 50 60 68 80 90 95 120 130 
1 15 40 50 89 102 121 131 0 0 
2 16 31 41 90 103 122 132 0 0 
3 17 32 42 81 104 123 133 0 0 
4 18 33 43 82 105 124 134 0 0 
5 19 34 44 83 106 125 135 0 0 
6 20 35 45 84 107 126 136 0 0 
7 11 36 46 85 108 127 137 0 0 
8 12 37 47 86 109 128 138 0 0 
9 13 38 48 87 110 129 139 0 0 
10 14 39 49 88 101 130 140 0 0 
19 26 43 57 63 78 84 97 101 131 
20 27 44 58 64 79 85 98 102 132 
11 28 45 59 65 80 86 99 103 133 
12 29 46 60 66 71 87 100 104 134 
13 30 47 51 67 72 88 91 105 135 
14 21 48 52 68 73 89 92 106 136 
15 22 49 53 69 74 90 93 107 137 
16 23 50 54 70 75 81 94 108 138 
17 24 41 55 61 76 82 95 109 139 
18 25 42 56 62 77 83 96 110 140 
1 17 118 141 0 0 0 0 0 0 
2 18 119 142 0 0 0 0 0 0 
3 19 120 143 0 0 0 0 0 0 
4 20 111 144 0 0 0 0 0 0 
5 11 112 145 0 0 0 0 0 0 
6 12 113 146 0 0 0 0 0 0 
7 13 114 147 0 0 0 0 0 0 
8 14 115 148 0 0 0 0 0 0 
9 15 116 149 0 0 0 0 0 0 
10 16 117 150 0 0 0 0 0 0 
1 12 53 72 115 151 0 0 0 0 
2 13 54 73 116 152 0 0 0 0 
3 14 55 74 117 153 0 0 0 0 
4 15 56 75 118 154 0 0 0 0 
5 16 57 76 119 155 0 0 0 0 
6 17 58 77 120 156 0 0 0 0 
7 18 59 78 111 157 0 0 0 0 
8 19 60 79 112 158 0 0 0 0 
9 20 51 80 113 159 0 0 0 0 
10 11 52 71 114 160 0 0 0 0 
1 55 80 96 119 161 0 0 0 0 
2 56 71 97 120 162 0 0 0 0 
3 57 72 98 111 163 0 0 0 0 
4 58 73 99 112 164 0 0 0 0 
5 59 74 100 113 165 0 0 0 0 
6 60 75 91 114 166 0 0 0 0 
7 51 76 92 115 167 0 0 0 0 
8 52 77 93 116 168 0 0 0 0 
9 53 78 94 117 169 0 0 0 0 
10 54 79 95 118 170 0 0 0 0 
11 56 79 117 139 171 0 0 0 0 
12 57 80 118 140 172 0 0 0 0 
13 58 71 119 131 173 0 0 0 0 
14 59 72 120 132 174 0 0 0 0 
15 60 73 111 133 175 0 0 0 0 
16 51 74 112 134 176 0 0 0 0 
17 52 75 113 135 177 0 0 0 0 
18 53 76 114 136 178 0 0 0 0 
19 54 77 115 137 179 0 0 0 0 
20 55 78 116 138 180 0 0 0 0 
1 16 128 181 0 0 0 0 0 0 
2 17 129 182 0 0 0 0 0 0 
3 18 130 183 0 0 0 0 0 0 
4 19 121 184 0 0 0 0 0 0 
5 20 122 185 0 0 0 0 0 0 
6 11 123 186 0 0 0 0 0 0 
7 12 124 187 0 0 0 0 0 0 
8 13 125 188 0 0 0 0 0 0 
9 14 126 189 0 0 0 0 0 0 
10 15 127 190 0 0 0 0 0 0 
11 88 102 116 191 0 0 0 0 0 
12 89 103 117 192 0 0 0 0 0 
13 90 104 118 193 0 0 0 0 0 
14 81 105 119 194 0 0 0 0 0 
15 82 106 120 195 0 0 0 0 0 
16 83 107 111 196 0 0 0 0 0 
17 84 108 112 197 0 0 0 0 0 
18 85 109 113 198 0 0 0 0 0 
19 86 110 114 199 0 0 0 0 0 
20 87 101 115 200 0 0 0 0 0 
1 18 67 71 201 0 0 0 0 0 
2 19 68 72 202 0 0 0 0 0 
3 20 69 73 203 0 0 0 0 0 
4 11 70 74 204 0 0 0 0 0 
5 12 61 75 205 0 0 0 0 0 
6 13 62 76 206 0 0 0 0 0 
7 14 63 77 207 0 0 0 0 0 
8 15 64 78 208 0 0 0 0 0 
9 16 65 79 209 0 0 0 0 0 
10 17 66 80 210 0 0 0 0 0 
1 78 95 133 211 0 0 0 0 0 
2 79 96 134 212 0 0 0 0 0 
3 80 97 135 213 0 0 0 0 0 
4 71 98 136 214 0 0 0 0 0 
5 72 99 137 215 0 0 0 0 0 
6 73 100 138 216 0 0 0 0 0 
7 74 91 139 217 0 0 0 0 0 
8 75 92 140 218 0 0 0 0 0 
9 76 93 131 219 0 0 0 0 0 
10 77 94 132 220 0 0 0 0 0 
11 34 119 221 0 0 0 0 0 0 
12 35 120 222 0 0 0 0 0 0 
13 36 111 223 0 0 0 0 0 0 
14 37 112 224 0 0 0 0 0 0 
15 38 113 225 0 0 0 0 0 0 
16 39 114 226 0 0 0 0 0 0 
17 40 115 227 0 0 0 0 0 0 
18 31 116 228 0 0 0 0 0 0 
19 32 117 229 0 0 0 0 0 0 
20 33 118 230 0 0 0 0 0 0 
1 13 83 137 231 0 0 0 0 0 
2 14 84 138 232 0 0 0 0 0 
3 15 85 139 233 0 0 0 0 0 
4 16 86 140 234 0 0 0 0 0 
5 17 87 131 235 0 0 0 0 0 
6 18 88 132 236 0 0 0 0 0 
7 19 89 133 237 0 0 0 0 0 
8 20 90 134 238 0 0 0 0 0 
9 11 81 135 239 0 0 0 0 0 
10 12 82 136 240 0 0 0 0 0 
11 69 118 138 241 0 0 0 0 0 
12 70 119 139 242 0 0 0 0 0 
13 61 120 140 243 0 0 0 0 0 
14 62 111 131 244 0 0 0 0 0 
15 63 112 132 245 0 0 0 0 0 
16 64 113 133 246 0 0 0 0 0 
17 65 114 134 247 0 0 0 0 0 
18 66 115 135 248 0 0 0 0 0 
19 67 116 136 249 0 0 0 0 0 
20 68 117 137 250 0 0 0 0 0 
1 104 120 251 0 0 0 0 0 0 
2 105 111 252 0 0 0 0 0 0 
3 106 112 253 0 0 0 0 0 0 
4 107 113 254 0 0 0 0 0 0 
5 108 114 255 0 0 0 0 0 0 
6 109 115 256 0 0 0 0 0 0 
7 110 116 257 0 0 0 0 0 0 
8 101 117 258 0 0 0 0 0 0 
9 102 118 259 0 0 0 0 0 0 
10 103 119 260 0 0 0 0 0 0 
11 100 112 124 261 0 0 0 0 0 
12 91 113 125 262 0 0 0 0 0 
13 92 114 126 263 0 0 0 0 0 
14 93 115 127 264 0 0 0 0 0 
15 94 116 128 265 0 0 0 0 0 
16 95 117 129 266 0 0 0 0 0 
17 96 118 130 267 0 0 0 0 0 
18 97 119 121 268 0 0 0 0 0 
19 98 120 122 269 0 0 0 0 0 
20 99 111 123 270 0 0 0 0 0 
11 55 120 129 271 0 0 0 0 0 
12 56 111 130 272 0 0 0 0 0 
13 57 112 121 273 0 0 0 0 0 
14 58 113 122 274 0 0 0 0 0 
15 59 114 123 275 0 0 0 0 0 
16 60 115 124 276 0 0 0 0 0 
17 51 116 125 277 0 0 0 0 0 
18 52 117 126 278 0 0 0 0 0 
19 53 118 127 279 0 0 0 0 0 
20 54 119 128 280 0 0 0 0 0 
1 69 77 281 0 0 0 0 0 0 
2 70 78 282 0 0 0 0 0 0 
3 61 79 283 0 0 0 0 0 0 
4 62 80 284 0 0 0 0 0 0 
5 63 71 285 0 0 0 0 0 0 
6 64 72 286 0 0 0 0 0 0 
7 65 73 287 0 0 0 0 0 0 
8 66 74 288 0 0 0 0 0 0 
9 67 75 289 0 0 0 0 0 0 
10 68 76 290 0 0 0 0 0 0 
1 19 105 291 0 0 0 0 0 0 
2 20 106 292 0 0 0 0 0 0 
3 11 107 293 0 0 0 0 0 0 
4 12 108 294 0 0 0 0 0 0 
5 13 109 295 0 0 0 0 0 0 
6 14 110 296 0 0 0 0 0 0 
7 15 101 297 0 0 0 0 0 0 
8 16 102 298 0 0 0 0 0 0 
9 17 103 299 0 0 0 0 0 0 
10 18 104 300 0 0 0 0 0 0 
11 49 115 301 0 0 0 0 0 0 
12 50 116 302 0 0 0 0 0 0 
13 41 117 303 0 0 0 0 0 0 
14 42 118 304 0 0 0 0 0 0 
15 43 119 305 0 0 0 0 0 0 
16 44 120 306 0 0 0 0 0 0 
17 45 111 307 0 0 0 0 0 0 
18 46 112 308 0 0 0 0 0 0 
19 47 113 309 0 0 0 0 0 0 
20 48 114 310 0 0 0 0 0 0 
1 88 134 311 0 0 0 0 0 0 
2 89 135 312 0 0 0 0 0 0 
3 90 136 313 0 0 0 0 0 0 
4 81 137 314 0 0 0 0 0 0 
5 82 138 315 0 0 0 0 0 0 
6 83 139 316 0 0 0 0 0 0 
7 84 140 317 0 0 0 0 0 0 
8 85 131 318 0 0 0 0 0 0 
9 86 132 319 0 0 0 0 0 0 
10 87 133 320 0 0 0 0 0 0 
11 25 321 0 0 0 0 0 0 0 
12 26 322 0 0 0 0 0 0 0 
13 27 323 0 0 0 0 0 0 0 
14 28 324 0 0 0 0 0 0 0 
15 29 325 0 0 0 0 0 0 0 
16 30 326 0 0 0 0 0 0 0 
17 21 327 0 0 0 0 0 0 0 
18 22 328 0 0 0 0 0 0 0 
19 23 329 0 0 0 0 0 0 0 
20 24 330 0 0 0 0 0 0 0 
1 36 59 331 0 0 0 0 0 0 
2 37 60 332 0 0 0 0 0 0 
3 38 51 333 0 0 0 0 0 0 
4 39 52 334 0 0 0 0 0 0 
5 40 53 335 0 0 0 0 0 0 
6 31 54 336 0 0 0 0 0 0 
7 32 55 337 0 0 0 0 0 0 
8 33 56 338 0 0 0 0 0 0 
9 34 57 339 0 0 0 0 0 0 
10 35 58 340 0 0 0 0 0 0 
11 30 98 341 0 0 0 0 0 0 
12 21 99 342 0 0 0 0 0 0 
13 22 100 343 0 0 0 0 0 0 
14 23 91 344 0 0 0 0 0 0 
15 24 92 345 0 0 0 0 0 0 
16 25 93 346 0 0 0 0 0 0 
17 26 94 347 0 0 0 0 0 0 
18 27 95 348 0 0 0 0 0 0 
19 28 96 349 0 0 0 0 0 0 
20 29 97 350 0 0 0 0 0 0 
1 56 351 0 0 0 0 0 0 0 
2 57 352 0 0 0 0 0 0 0 
3 58 353 0 0 0 0 0 0 0 
4 59 354 0 0 0 0 0 0 0 
5 60 355 0 0 0 0 0 0 0 
6 51 356 0 0 0 0 0 0 0 
7 52 357 0 0 0 0 0 0 0 
8 53 358 0 0 0 0 0 0 0 
9 54 359 0 0 0 0 0 0 0 
10 55 360 0 0 0 0 0 0 0 
21 71 124 138 361 0 0 0 0 0 
22 72 125 139 362 0 0 0 0 0 
23 73 126 140 363 0 0 0 0 0 
24 74 127 131 364 0 0 0 0 0 
25 75 128 132 365 0 0 0 0 0 
26 76 129 133 366 0 0 0 0 0 
27 77 130 134 367 0 0 0 0 0 
28 78 121 135 368 0 0 0 0 0 
29 79 122 136 369 0 0 0 0 0 
30 80 123 137 370 0 0 0 0 0 
1 63 371 0 0 0 0 0 0 0 
2 64 372 0 0 0 0 0 0 0 
3 65 373 0 0 0 0 0 0 0 
4 66 374 0 0 0 0 0 0 0 
5 67 375 0 0 0 0 0 0 0 
6 68 376 0 0 0 0 0 0 0 
7 69 377 0 0 0 0 0 0 0 
8 70 378 0 0 0 0 0 0 0 
9 61 379 0 0 0 0 0 0 0 
10 62 380 0 0 0 0 0 0 0 
11 27 51 381 0 0 0 0 0 0 
12 28 52 382 0 0 0 0 0 0 
13 29 53 383 0 0 0 0 0 0 
14 30 54 384 0 0 0 0 0 0 
15 21 55 385 0 0 0 0 0 0 
16 22 56 386 0 0 0 0 0 0 
17 23 57 387 0 0 0 0 0 0 
18 24 58 388 0 0 0 0 0 0 
19 25 59 389 0 0 0 0 0 0 
20 26 60 390 0 0 0 0 0 0 
1 45 391 0 0 0 0 0 0 0 
2 46 392 0 0 0 0 0 0 0 
3 47 393 0 0 0 0 0 0 0 
4 48 394 0 0 0 0 0 0 0 
5 49 395 0 0 0 0 0 0 0 
6 50 396 0 0 0 0 0 0 0 
7 41 397 0 0 0 0 0 0 0 
8 42 398 0 0 0 0 0 0 0 
9 43 399 0 0 0 0 0 0 0 
10 44 400 0 0 0 0 0 0 0 
21 56 72 95 401 0 0 0 0 0 
22 57 73 96 402 0 0 0 0 0 
23 58 74 97 403 0 0 0 0 0 
24 59 75 98 404 0 0 0 0 0 
25 60 76 99 405 0 0 0 0 0 
26 51 77 100 406 0 0 0 0 0 
27 52 78 91 407 0 0 0 0 0 
28 53 79 92 408 0 0 0 0 0 
29 54 80 93 409 0 0 0 0 0 
30 55 71 94 410 0 0 0 0 0 
11 131 411 0 0 0 0 0 0 0 
12 132 412 0 0 0 0 0 0 0 
13 133 413 0 0 0 0 0 0 0 
14 134 414 0 0 0 0 0 0 0 
15 135 415 0 0 0 0 0 0 0 
16 136 416 0 0 0 0 0 0 0 
17 137 417 0 0 0 0 0 0 0 
18 138 418 0 0 0 0 0 0 0 
19 139 419 0 0 0 0 0 0 0 
20 140 420 0 0 0 0 0 0 0 
1 51 123 421 0 0 0 0 0 0 
2 52 124 422 0 0 0 0 0 0 
3 53 125 423 0 0 0 0 0 0 
4 54 126 424 0 0 0 0 0 0 
5 55 127 425 0 0 0 0 0 0 
6 56 128 426 0 0 0 0 0 0 
7 57 129 427 0 0 0 0 0 0 
8 58 130 428 0 0 0 0 0 0 
9 59 121 429 0 0 0 0 0 0 
10 60 122 430 0 0 0 0 0 0 
21 79 104 431 0 0 0 0 0 0 
22 80 105 432 0 0 0 0 0 0 
23 71 106 433 0 0 0 0 0 0 
24 72 107 434 0 0 0 0 0 0 
25 73 108 435 0 0 0 0 0 0 
26 74 109 436 0 0 0 0 0 0 
27 75 110 437 0 0 0 0 0 0 
28 76 101 438 0 0 0 0 0 0 
29 77 102 439 0 0 0 0 0 0 
30 78 103 440 0 0 0 0 0 0 
1 130 139 441 0 0 0 0 0 0 
2 121 140 442 0 0 0 0 0 0 
3 122 131 443 0 0 0 0 0 0 
4 123 132 444 0 0 0 0 0 0 
5 124 133 445 0 0 0 0 0 0 
6 125 134 446 0 0 0 0 0 0 
7 126 135 447 0 0 0 0 0 0 
8 127 136 448 0 0 0 0 0 0 
9 128 137 449 0 0 0 0 0 0 
10 129 138 450 0 0 0 0 0 0 
11 58 117 451 0 0 0 0 0 0 
12 59 118 452 0 0 0 0 0 0 
13 60 119 453 0 0 0 0 0 0 
14 51 120 454 0 0 0 0 0 0 
15 52 111 455 0 0 0 0 0 0 
16 53 112 456 0 0 0 0 0 0 
17 54 113 457 0 0 0 0 0 0 
18 55 114 458 0 0 0 0 0 0 
19 56 115 459 0 0 0 0 0 0 
20 57 116 460 0 0 0 0 0 0 
1 24 73 461 0 0 0 0 0 0 
2 25 74 462 0 0 0 0 0 0 
3 26 75 463 0 0 0 0 0 0 
4 27 76 464 0 0 0 0 0 0 
5 28 77 465 0 0 0 0 0 0 
6 29 78 466 0 0 0 0 0 0 
7 30 79 467 0 0 0 0 0 0 
8 21 80 468 0 0 0 0 0 0 
9 22 71 469 0 0 0 0 0 0 
10 23 72 470 0 0 0 0 0 0 
101 135 471 0 0 0 0 0 0 0 
102 136 472 0 0 0 0 0 0 0 
103 137 473 0 0 0 0 0 0 0 
104 138 474 0 0 0 0 0 0 0 
105 139 475 0 0 0 0 0 0 0 
106 140 476 0 0 0 0 0 0 0 
107 131 477 0 0 0 0 0 0 0 
108 132 478 0 0 0 0 0 0 0 
109 133 479 0 0 0 0 0 0 0 
110 134 480 0 0 0 0 0 0 0 
11 54 120 481 0 0 0 0 0 0 
12 55 111 482 0 0 0 0 0 0 
13 56 112 483 0 0 0 0 0 0 
14 57 113 484 0 0 0 0 0 0 
15 58 114 485 0 0 0 0 0 0 
16 59 115 486 0 0 0 0 0 0 
17 60 116 487 0 0 0 0 0 0 
18 51 117 488 0 0 0 0 0 0 
19 52 118 489 0 0 0 0 0 0 
20 53 119 490 0 0 0 0 0 0 
1 75 129 491 0 0 0 0 0 0 
2 76 130 492 0 0 0 0 0 0 
3 77 121 493 0 0 0 0 0 0 
4 78 122 494 0 0 0 0 0 0 
5 79 123 495 0 0 0 0 0 0 
6 80 124 496 0 0 0 0 0 0 
7 71 125 497 0 0 0 0 0 0 
8 72 126 498 0 0 0 0 0 0 
9 73 127 499 0 0 0 0 0 0 
10 74 128 500 0 0 0 0 0 0 
21 107 134 501 0 0 0 0 0 0 
22 108 135 502 0 0 0 0 0 0 
23 109 136 503 0 0 0 0 0 0 
24 110 137 504 0 0 0 0 0 0 
25 101 138 505 0 0 0 0 0 0 
26 102 139 506 0 0 0 0 0 0 
27 103 140 507 0 0 0 0 0 0 
28 104 131 508 0 0 0 0 0 0 
29 105 132 509 0 0 0 0 0 0 
30 106 133 510 0 0 0 0 0 0 
11 53 116 511 0 0 0 0 0 0 
12 54 117 512 0 0 0 0 0 0 
13 55 118 513 0 0 0 0 0 0 
14 56 119 514 0 0 0 0 0 0 
15 57 120 515 0 0 0 0 0 0 
16 58 111 516 0 0 0 0 0 0 
17 59 112 517 0 0 0 0 0 0 
18 60 113 518 0 0 0 0 0 0 
19 51 114 519 0 0 0 0 0 0 
20 52 115 520 0 0 0 0 0 0 
