520 420
23 10
22 22 22 22 22 22 22 22 22 22 23 23 23 23 23 23 23 23 23 23 10 10 10 10 10 10 10 10 10 10 5 5 5 5 5 5 5 5 5 5 5 5 5 5 5 5 5 5 5 5 14 14 14 14 14 14 14 14 14 14 7 7 7 7 7 7 7 7 7 7 13 13 13 13 13 13 13 13 13 13 6 6 6 6 6 6 6 6 6 6 8 8 8 8 8 8 8 8 8 8 9 9 9 9 9 9 9 9 9 9 16 16 16 16 16 16 16 16 16 16 9 9 9 9 9 9 9 9 9 9 12 12 12 12 12 12 12 12 12 12 1 1 1 1 1 1 1 1 1 1 1 1 1 1 1 1 1 1 1 1 1 1 1 1 1 1 1 1 1 1 1 1 1 1 1 1 1 1 1 1 1 1 1 1 1 1 1 1 1 1 1 1 1 1 1 1 1 1 1 1 1 1 1 1 1 1 1 1 1 1 1 1 1 1 1 1 1 1 1 1 1 1 1 1 1 1 1 1 1 1 1 1 1 1 1 1 1 1 1 1 1 1 1 1 1 1 1 1 1 1 1 1 1 1 1 1 1 1 1 1 1 1 1 1 1 1 1 1 1 1 1 1 1 1 1 1 1 1 1 1 1 1 1 1 1 1 1 1 1 1 1 1 1 1 1 1 1 1 1 1 1 1 1 1 1 1 1 1 1 1 1 1 1 1 1 1 1 1 1 1 1 1 1 1 1 1 1 1 1 1 1 1 1 1 1 1 1 1 1 1 1 1 1 1 1 1 1 1 1 1 1 1 1 1 1 1 1 1 1 1 1 1 1 1 1 1 1 1 1 1 1 1 1 1 1 1 1 1 1 1 1 1 1 1 1 1 1 1 1 1 1 1 1 1 1 1 1 1 1 1 1 1 1 1 1 1 1 1 1 1 1 1 1 1 1 1 1 1 1 1 1 1 1 1 1 1 1 1 1 1 1 1 1 1 1 1 1 1 1 1 1 1 1 1 1 1 1 1 1 1 1 1 1 1 1 1 1 1 1 1 1 1 1 1 1 1 1 1 1 1 1 1 1 1 1 1 1 1 1 1 1 1 1 1 1 1 1 1 1 1 1 1 1 1 1 1 1 1 1 1 1 1 1 1 1 1 1 1 1 1 1 1 1 1 1 1 1 1 1 1 
8 8 8 8 8 8 8 8 8 8 10 10 10 10 10 10 10 10 10 10 8 8 8 8 8 8 8 8 8 8 10 10 10 10 10 10 10 10 10 10 4 4 4 4 4 4 4 4 4 4 6 6 6 6 6 6 6 6 6 6 6 6 6 6 6 6 6 6 6 6 6 6 6 6 6 6 6 6 6 6 4 4 4 4 4 4 4 4 4 4 5 5 5 5 5 5 5 5 5 5 5 5 5 5 5 5 5 5 5 5 5 5 5 5 5 5 5 5 5 5 4 4 4 4 4 4 4 4 4 4 5 5 5 5 5 5 5 5 5 5 5 5 5 5 5 5 5 5 5 5 4 4 4 4 4 4 4 4 4 4 5 5 5 5 5 5 5 5 5 5 5 5 5 5 5 5 5 5 5 5 4 4 4 4 4 4 4 4 4 4 4 4 4 4 4 4 4 4 4 4 4 4 4 4 4 4 4 4 4 4 4 4 4 4 4 4 4 4 4 4 3 3 3 3 3 3 3 3 3 3 4 4 4 4 4 4 4 4 4 4 4 4 4 4 4 4 4 4 4 4 3 3 3 3 3 3 3 3 3 3 5 5 5 5 5 5 5 5 5 5 3 3 3 3 3 3 3 3 3 3 4 4 4 4 4 4 4 4 4 4 3 3 3 3 3 3 3 3 3 3 5 5 5 5 5 5 5 5 5 5 3 3 3 3 3 3 3 3 3 3 4 4 4 4 4 4 4 4 4 4 4 4 4 4 4 4 4 4 4 4 4 4 4 4 4 4 4 4 4 4 4 4 4 4 4 4 4 4 4 4 4 4 4 4 4 4 4 4 4 4 3 3 3 3 3 3 3 3 3 3 4 4 4 4 4 4 4 4 4 4 4 4 4 4 4 4 4 4 4 4 4 4 4 4 4 4 4 4 4 4 4 4 4 4 4 4 4 4 4 4 
1 14 21 41 51 61 81 101 111 131 151 181 191 211 231 251 271 291 321 341 361 391 
2 15 22 42 52 62 82 102 112 132 152 182 192 212 232 252 272 292 322 342 362 392 
3 16 23 43 53 63 83 103 113 133 153 183 193 213 233 253 273 293 323 343 363 393 
4 17 24 44 54 64 84 104 114 134 154 184 194 214 234 254 274 294 324 344 364 394 
5 18 25 45 55 65 85 105 115 135 155 185 195 215 235 255 275 295 325 345 365 395 
6 19 26 46 56 66 86 106 116 136 156 186 196 216 236 256 276 296 326 346 366 396 
7 20 27 47 57 67 87 107 117 137 157 187 197 217 237 257 277 297 327 347 367 397 
8 11 28 48 58 68 88 108 118 138 158 188 198 218 238 258 278 298 328 348 368 398 
9 12 29 49 59 69 89 109 119 139 159 189 199 219 239 259 279 299 329 349 369 399 
10 13 30 50 60 70 90 110 120 140 160 190 200 220 240 260 280 300 330 350 370 400 
1 27 33 45 60 71 86 91 104 121 139 141 161 171 193 201 221 241 281 311 351 381 411 
2 28 34 46 51 72 87 92 105 122 140 142 162 172 194 202 222 242 282 312 352 382 412 
3 29 35 47 52 73 88 93 106 123 131 143 163 173 195 203 223 243 283 313 353 383 413 
4 30 36 48 53 74 89 94 107 124 132 144 164 174 196 204 224 244 284 314 354 384 414 
5 21 37 49 54 75 90 95 108 125 133 145 165 175 197 205 225 245 285 315 355 385 415 
6 22 38 50 55 76 81 96 109 126 134 146 166 176 198 206 226 246 286 316 356 386 416 
7 23 39 41 56 77 82 97 110 127 135 147 167 177 199 207 227 247 287 317 357 387 417 
8 24 40 42 57 78 83 98 101 128 136 148 168 178 200 208 228 248 288 318 358 388 418 
9 25 31 43 58 79 84 99 102 129 137 149 169 179 191 209 229 249 289 319 359 389 419 
10 26 32 44 59 80 85 100 103 130 138 150 170 180 192 210 230 250 290 320 360 390 420 
1 36 227 242 261 285 301 331 368 401 
2 37 228 243 262 286 302 332 369 402 
3 38 229 244 263 287 303 333 370 403 
4 39 230 245 264 288 304 334 361 404 
5 40 221 246 265 289 305 335 362 405 
6 31 222 247 266 290 306 336 363 406 
7 32 223 248 267 281 307 337 364 407 
8 33 224 249 268 282 308 338 365 408 
9 34 225 250 269 283 309 339 366 409 
10 35 226 241 270 284 310 340 367 410 
1 17 22 128 236 
2 18 23 129 237 
3 19 24 130 238 
4 20 25 121 239 
5 11 26 122 240 
6 12 27 123 231 
7 13 28 124 232 
8 14 29 125 233 
9 15 30 126 234 
10 16 21 127 235 
11 22 39 203 297 
12 23 40 204 298 
13 24 31 205 299 
14 25 32 206 300 
15 26 33 207 291 
16 27 34 208 292 
17 28 35 209 293 
18 29 36 210 294 
19 30 37 201 295 
20 21 38 202 296 
11 35 59 67 76 177 233 256 281 306 321 354 388 419 
12 36 60 68 77 178 234 257 282 307 322 355 389 420 
13 37 51 69 78 179 235 258 283 308 323 356 390 411 
14 38 52 70 79 180 236 259 284 309 324 357 381 412 
15 39 53 61 80 171 237 260 285 310 325 358 382 413 
16 40 54 62 71 172 238 251 286 301 326 359 383 414 
17 31 55 63 72 173 239 252 287 302 327 360 384 415 
18 32 56 64 73 174 240 253 288 303 328 351 385 416 
19 33 57 65 74 175 231 254 289 304 329 352 386 417 
20 34 58 66 75 176 232 255 290 305 330 353 387 418 
1 13 39 105 143 183 279 
2 14 40 106 144 184 280 
3 15 31 107 145 185 271 
4 16 32 108 146 186 272 
5 17 33 109 147 187 273 
6 18 34 110 148 188 274 
7 19 35 101 149 189 275 
8 20 36 102 150 190 276 
9 11 37 103 141 181 277 
10 12 38 104 142 182 278 
11 34 60 62 73 101 114 185 261 310 333 369 397 
12 35 51 63 74 102 115 186 262 301 334 370 398 
13 36 52 64 75 103 116 187 263 302 335 361 399 
14 37 53 65 76 104 117 188 264 303 336 362 400 
15 38 54 66 77 105 118 189 265 304 337 363 391 
16 39 55 67 78 106 119 190 266 305 338 364 392 
17 40 56 68 79 107 120 181 267 306 339 365 393 
18 31 57 69 80 108 111 182 268 307 340 366 394 
19 32 58 70 71 109 112 183 269 308 331 367 395 
20 33 59 61 72 110 113 184 270 309 332 368 396 
11 23 38 94 139 214 
12 24 39 95 140 215 
13 25 40 96 131 216 
14 26 31 97 132 217 
15 27 32 98 133 218 
16 28 33 99 134 219 
17 29 34 100 135 220 
18 30 35 91 136 211 
19 21 36 92 137 212 
20 22 37 93 138 213 
1 16 35 66 117 162 244 307 
2 17 36 67 118 163 245 308 
3 18 37 68 119 164 246 309 
4 19 38 69 120 165 247 310 
5 20 39 70 111 166 248 301 
6 11 40 61 112 167 249 302 
7 12 31 62 113 168 250 303 
8 13 32 63 114 169 241 304 
9 14 33 64 115 170 242 305 
10 15 34 65 116 161 243 306 
1 30 31 100 158 197 338 371 405 
2 21 32 91 159 198 339 372 406 
3 22 33 92 160 199 340 373 407 
4 23 34 93 151 200 331 374 408 
5 24 35 94 152 191 332 375 409 
6 25 36 95 153 192 333 376 410 
7 26 37 96 154 193 334 377 401 
8 27 38 97 155 194 335 378 402 
9 28 39 98 156 195 336 379 403 
10 29 40 99 157 196 337 380 404 
1 11 44 57 63 75 96 123 144 152 170 172 207 355 382 416 
2 12 45 58 64 76 97 124 145 153 161 173 208 356 383 417 
3 13 46 59 65 77 98 125 146 154 162 174 209 357 384 418 
4 14 47 60 66 78 99 126 147 155 163 175 210 358 385 419 
5 15 48 51 67 79 100 127 148 156 164 176 201 359 386 420 
6 16 49 52 68 80 91 128 149 157 165 177 202 360 387 411 
7 17 50 53 69 71 92 129 150 158 166 178 203 351 388 412 
8 18 41 54 70 72 93 130 141 159 167 179 204 352 389 413 
9 19 42 55 61 73 94 121 142 160 168 180 205 353 390 414 
10 20 43 56 62 74 95 122 143 151 169 171 206 354 381 415 
11 21 84 168 173 268 329 342 393 
12 22 85 169 174 269 330 343 394 
13 23 86 170 175 270 321 344 395 
14 24 87 161 176 261 322 345 396 
15 25 88 162 177 262 323 346 397 
16 26 89 163 178 263 324 347 398 
17 27 90 164 179 264 325 348 399 
18 28 81 165 180 265 326 349 400 
19 29 82 166 171 266 327 350 391 
20 30 83 167 172 267 328 341 392 
21 31 73 119 135 144 218 264 311 343 377 408 
22 32 74 120 136 145 219 265 312 344 378 409 
23 33 75 111 137 146 220 266 313 345 379 410 
24 34 76 112 138 147 211 267 314 346 380 401 
25 35 77 113 139 148 212 268 315 347 371 402 
26 36 78 114 140 149 213 269 316 348 372 403 
27 37 79 115 131 150 214 270 317 349 373 404 
28 38 80 116 132 141 215 261 318 350 374 405 
29 39 71 117 133 142 216 262 319 341 375 406 
30 40 72 118 134 143 217 263 320 342 376 407 
41 
42 
43 
44 
45 
46 
47 
48 
49 
50 
51 
52 
53 
54 
55 
56 
57 
58 
59 
60 
61 
62 
63 
64 
65 
66 
67 
68 
69 
70 
71 
72 
73 
74 
75 
76 
77 
78 
79 
80 
81 
82 
83 
84 
85 
86 
87 
88 
89 
90 
91 
92 
93 
94 
95 
96 
97 
98 
99 
100 
101 
102 
103 
104 
105 
106 
107 
108 
109 
110 
111 
112 
113 
114 
115 
116 
117 
118 
119 
120 
121 
122 
123 
124 
125 
126 
127 
128 
129 
130 
131 
132 
133 
134 
135 
136 
137 
138 
139 
140 
141 
142 
143 
144 
145 
146 
147 
148 
149 
150 
151 
152 
153 
154 
155 
156 
157 
158 
159 
160 
161 
162 
163 
164 
165 
166 
167 
168 
169 
170 
171 
172 
173 
174 
175 
176 
177 
178 
179 
180 
181 
182 
183 
184 
185 
186 
187 
188 
189 
190 
191 
192 
193 
194 
195 
196 
197 
198 
199 
200 
201 
202 
203 
204 
205 
206 
207 
208 
209 
210 
211 
212 
213 
214 
215 
216 
217 
218 
219 
220 
221 
222 
223 
224 
225 
226 
227 
228 
229 
230 
231 
232 
233 
234 
235 
236 
237 
238 
239 
240 
241 
242 
243 
244 
245 
246 
247 
248 
249 
250 
251 
252 
253 
254 
255 
256 
257 
258 
259 
260 
261 
262 
263 
264 
265 
266 
267 
268 
269 
270 
271 
272 
273 
274 
275 
276 
277 
278 
279 
280 
281 
282 
283 
284 
285 
286 
287 
288 
289 
290 
291 
292 
293 
294 
295 
296 
297 
298 
299 
300 
301 
302 
303 
304 
305 
306 
307 
308 
309 
310 
311 
312 
313 
314 
315 
316 
317 
318 
319 
320 
321 
322 
323 
324 
325 
326 
327 
328 
329 
330 
331 
332 
333 
334 
335 
336 
337 
338 
339 
340 
341 
342 
343 
344 
345 
346 
347 
348 
349 
350 
351 
352 
353 
354 
355 
356 
357 
358 
359 
360 
361 
362 
363 
364 
365 
366 
367 
368 
369 
370 
371 
372 
373 
374 
375 
376 
377 
378 
379 
380 
381 
382 
383 
384 
385 
386 
387 
388 
389 
390 
391 
392 
393 
394 
395 
396 
397 
398 
399 
400 
401 
402 
403 
404 
405 
406 
407 
408 
409 
410 
411 
412 
413 
414 
415 
416 
417 
418 
419 
420 
1 11 21 31 61 91 101 111 
2 12 22 32 62 92 102 112 
3 13 23 33 63 93 103 113 
4 14 24 34 64 94 104 114 
5 15 25 35 65 95 105 115 
6 16 26 36 66 96 106 116 
7 17 27 37 67 97 107 117 
8 18 28 38 68 98 108 118 
9 19 29 39 69 99 109 119 
10 20 30 40 70 100 110 120 
8 35 41 51 69 71 81 96 111 121 
9 36 42 52 70 72 82 97 112 122 
10 37 43 53 61 73 83 98 113 123 
1 38 44 54 62 74 84 99 114 124 
2 39 45 55 63 75 85 100 115 125 
3 40 46 56 64 76 86 91 116 126 
4 31 47 57 65 77 87 92 117 127 
5 32 48 58 66 78 88 93 118 128 
6 33 49 59 67 79 89 94 119 129 
7 34 50 60 68 80 90 95 120 130 
1 15 40 50 89 102 121 131 
2 16 31 41 90 103 122 132 
3 17 32 42 81 104 123 133 
4 18 33 43 82 105 124 134 
5 19 34 44 83 106 125 135 
6 20 35 45 84 107 126 136 
7 11 36 46 85 108 127 137 
8 12 37 47 86 109 128 138 
9 13 38 48 87 110 129 139 
10 14 39 49 88 101 130 140 
19 26 43 57 63 78 84 97 101 131 
20 27 44 58 64 79 85 98 102 132 
11 28 45 59 65 80 86 99 103 133 
12 29 46 60 66 71 87 100 104 134 
13 30 47 51 67 72 88 91 105 135 
14 21 48 52 68 73 89 92 106 136 
15 22 49 53 69 74 90 93 107 137 
16 23 50 54 70 75 81 94 108 138 
17 24 41 55 61 76 82 95 109 139 
18 25 42 56 62 77 83 96 110 140 
1 17 118 141 
2 18 119 142 
3 19 120 143 
4 20 111 144 
5 11 112 145 
6 12 113 146 
7 13 114 147 
8 14 115 148 
9 15 116 149 
10 16 117 150 
1 12 53 72 115 151 
2 13 54 73 116 152 
3 14 55 74 117 153 
4 15 56 75 118 154 
5 16 57 76 119 155 
6 17 58 77 120 156 
7 18 59 78 111 157 
8 19 60 79 112 158 
9 20 51 80 113 159 
10 11 52 71 114 160 
1 55 80 96 119 161 
2 56 71 97 120 162 
3 57 72 98 111 163 
4 58 73 99 112 164 
5 59 74 100 113 165 
6 60 75 91 114 166 
7 51 76 92 115 167 
8 52 77 93 116 168 
9 53 78 94 117 169 
10 54 79 95 118 170 
11 56 79 117 139 171 
12 57 80 118 140 172 
13 58 71 119 131 173 
14 59 72 120 132 174 
15 60 73 111 133 175 
16 51 74 112 134 176 
17 52 75 113 135 177 
18 53 76 114 136 178 
19 54 77 115 137 179 
20 55 78 116 138 180 
1 16 128 181 
2 17 129 182 
3 18 130 183 
4 19 121 184 
5 20 122 185 
6 11 123 186 
7 12 124 187 
8 13 125 188 
9 14 126 189 
10 15 127 190 
11 88 102 116 191 
12 89 103 117 192 
13 90 104 118 193 
14 81 105 119 194 
15 82 106 120 195 
16 83 107 111 196 
17 84 108 112 197 
18 85 109 113 198 
19 86 110 114 199 
20 87 101 115 200 
1 18 67 71 201 
2 19 68 72 202 
3 20 69 73 203 
4 11 70 74 204 
5 12 61 75 205 
6 13 62 76 206 
7 14 63 77 207 
8 15 64 78 208 
9 16 65 79 209 
10 17 66 80 210 
1 78 95 133 211 
2 79 96 134 212 
3 80 97 135 213 
4 71 98 136 214 
5 72 99 137 215 
6 73 100 138 216 
7 74 91 139 217 
8 75 92 140 218 
9 76 93 131 219 
10 77 94 132 220 
11 34 119 221 
12 35 120 222 
13 36 111 223 
14 37 112 224 
15 38 113 225 
16 39 114 226 
17 40 115 227 
18 31 116 228 
19 32 117 229 
20 33 118 230 
1 13 83 137 231 
2 14 84 138 232 
3 15 85 139 233 
4 16 86 140 234 
5 17 87 131 235 
6 18 88 132 236 
7 19 89 133 237 
8 20 90 134 238 
9 11 81 135 239 
10 12 82 136 240 
11 69 118 138 241 
12 70 119 139 242 
13 61 120 140 243 
14 62 111 131 244 
15 63 112 132 245 
16 64 113 133 246 
17 65 114 134 247 
18 66 115 135 248 
19 67 116 136 249 
20 68 117 137 250 
1 104 120 251 
2 105 111 252 
3 106 112 253 
4 107 113 254 
5 108 114 255 
6 109 115 256 
7 110 116 257 
8 101 117 258 
9 102 118 259 
10 103 119 260 
11 100 112 124 261 
12 91 113 125 262 
13 92 114 126 263 
14 93 115 127 264 
15 94 116 128 265 
16 95 117 129 266 
17 96 118 130 267 
18 97 119 121 268 
19 98 120 122 269 
20 99 111 123 270 
11 55 120 129 271 
12 56 111 130 272 
13 57 112 121 273 
14 58 113 122 274 
15 59 114 123 275 
16 60 115 124 276 
17 51 116 125 277 
18 52 117 126 278 
19 53 118 127 279 
20 54 119 128 280 
1 69 77 281 
2 70 78 282 
3 61 79 283 
4 62 80 284 
5 63 71 285 
6 64 72 286 
7 65 73 287 
8 66 74 288 
9 67 75 289 
10 68 76 290 
1 19 105 291 
2 20 106 292 
3 11 107 293 
4 12 108 294 
5 13 109 295 
6 14 110 296 
7 15 101 297 
8 16 102 298 
9 17 103 299 
10 18 104 300 
11 49 115 301 
12 50 116 302 
13 41 117 303 
14 42 118 304 
15 43 119 305 
16 44 120 306 
17 45 111 307 
18 46 112 308 
19 47 113 309 
20 48 114 310 
1 88 134 311 
2 89 135 312 
3 90 136 313 
4 81 137 314 
5 82 138 315 
6 83 139 316 
7 84 140 317 
8 85 131 318 
9 86 132 319 
10 87 133 320 
11 25 321 
12 26 322 
13 27 323 
14 28 324 
15 29 325 
16 30 326 
17 21 327 
18 22 328 
19 23 329 
20 24 330 
1 36 59 331 
2 37 60 332 
3 38 51 333 
4 39 52 334 
5 40 53 335 
6 31 54 336 
7 32 55 337 
8 33 56 338 
9 34 57 339 
10 35 58 340 
11 30 98 341 
12 21 99 342 
13 22 100 343 
14 23 91 344 
15 24 92 345 
16 25 93 346 
17 26 94 347 
18 27 95 348 
19 28 96 349 
20 29 97 350 
1 56 351 
2 57 352 
3 58 353 
4 59 354 
5 60 355 
6 51 356 
7 52 357 
8 53 358 
9 54 359 
10 55 360 
21 71 124 138 361 
22 72 125 139 362 
23 73 126 140 363 
24 74 127 131 364 
25 75 128 132 365 
26 76 129 133 366 
27 77 130 134 367 
28 78 121 135 368 
29 79 122 136 369 
30 80 123 137 370 
1 63 371 
2 64 372 
3 65 373 
4 66 374 
5 67 375 
6 68 376 
7 69 377 
8 70 378 
9 61 379 
10 62 380 
11 27 51 381 
12 28 52 382 
13 29 53 383 
14 30 54 384 
15 21 55 385 
16 22 56 386 
17 23 57 387 
18 24 58 388 
19 25 59 389 
20 26 60 390 
1 45 391 
2 46 392 
3 47 393 
4 48 394 
5 49 395 
6 50 396 
7 41 397 
8 42 398 
9 43 399 
10 44 400 
21 56 72 95 401 
22 57 73 96 402 
23 58 74 97 403 
24 59 75 98 404 
25 60 76 99 405 
26 51 77 100 406 
27 52 78 91 407 
28 53 79 92 408 
29 54 80 93 409 
30 55 71 94 410 
11 131 411 
12 132 412 
13 133 413 
14 134 414 
15 135 415 
16 136 416 
17 137 417 
18 138 418 
19 139 419 
20 140 420 
1 51 123 421 
2 52 124 422 
3 53 125 423 
4 54 126 424 
5 55 127 425 
6 56 128 426 
7 57 129 427 
8 58 130 428 
9 59 121 429 
10 60 122 430 
21 79 104 431 
22 80 105 432 
23 71 106 433 
24 72 107 434 
25 73 108 435 
26 74 109 436 
27 75 110 437 
28 76 101 438 
29 77 102 439 
30 78 103 440 
1 130 139 441 
2 121 140 442 
3 122 131 443 
4 123 132 444 
5 124 133 445 
6 125 134 446 
7 126 135 447 
8 127 136 448 
9 128 137 449 
10 129 138 450 
11 58 117 451 
12 59 118 452 
13 60 119 453 
14 51 120 454 
15 52 111 455 
16 53 112 456 
17 54 113 457 
18 55 114 458 
19 56 115 459 
20 57 116 460 
1 24 73 461 
2 25 74 462 
3 26 75 463 
4 27 76 464 
5 28 77 465 
6 29 78 466 
7 30 79 467 
8 21 80 468 
9 22 71 469 
10 23 72 470 
101 135 471 
102 136 472 
103 137 473 
104 138 474 
105 139 475 
106 140 476 
107 131 477 
108 132 478 
109 133 479 
110 134 480 
11 54 120 481 
12 55 111 482 
13 56 112 483 
14 57 113 484 
15 58 114 485 
16 59 115 486 
17 60 116 487 
18 51 117 488 
19 52 118 489 
20 53 119 490 
1 75 129 491 
2 76 130 492 
3 77 121 493 
4 78 122 494 
5 79 123 495 
6 80 124 496 
7 71 125 497 
8 72 126 498 
9 73 127 499 
10 74 128 500 
21 107 134 501 
22 108 135 502 
23 109 136 503 
24 110 137 504 
25 101 138 505 
26 102 139 506 
27 103 140 507 
28 104 131 508 
29 105 132 509 
30 106 133 510 
11 53 116 511 
12 54 117 512 
13 55 118 513 
14 56 119 514 
15 57 120 515 
16 58 111 516 
17 59 112 517 
18 60 113 518 
19 51 114 519 
20 52 115 520 
