1068 557 
6 8 
3 3 3 3 3 3 3 3 3 3 3 3 3 3 3 3 3 3 3 3 3 3 3 3 4 3 3 3 3 3 3 3 3 3 3 3 3 3 3 3 3 3 3 3 3 3 3 3 4 3 3 3 3 3 3 3 3 3 3 4 3 3 3 3 3 3 3 3 3 3 3 3 3 3 3 3 3 3 3 3 3 4 3 3 3 3 3 3 3 3 3 3 3 3 3 3 4 3 4 3 3 3 3 3 3 4 3 4 3 3 3 3 3 3 4 3 3 3 3 3 3 3 3 3 3 3 3 3 4 3 3 3 3 3 3 3 4 3 4 3 3 3 3 3 3 3 3 3 3 3 3 3 3 3 3 3 3 3 3 3 3 3 3 3 3 3 3 4 3 3 3 3 3 3 4 3 3 3 3 3 3 3 3 4 3 3 3 3 3 4 3 3 3 3 3 3 3 3 3 3 3 3 3 3 3 3 3 3 3 3 3 3 3 3 3 3 3 3 3 3 3 3 3 3 3 3 3 3 3 3 3 3 3 3 3 3 3 3 3 3 3 3 4 3 3 3 3 3 4 3 4 3 4 3 3 3 3 3 3 3 3 3 3 3 3 3 3 3 3 3 3 3 3 3 3 3 3 3 3 3 3 3 3 3 3 3 3 3 3 3 3 3 3 3 3 3 3 4 3 3 3 3 3 3 3 3 3 4 3 3 4 3 3 3 3 3 3 3 3 3 3 3 3 3 3 3 3 3 3 3 3 3 3 3 3 3 3 3 3 3 3 3 3 3 3 3 3 3 3 3 3 3 3 3 3 3 3 3 3 3 3 3 3 4 3 3 3 3 3 4 3 3 3 3 4 3 3 3 4 3 3 4 3 3 3 3 3 3 3 3 3 3 3 3 3 3 3 3 4 3 3 3 4 3 3 3 3 3 3 3 3 3 3 3 3 3 3 3 4 3 3 3 3 3 3 3 3 3 3 3 3 3 3 3 3 3 3 4 3 3 3 3 3 3 3 3 3 3 3 3 3 3 3 3 3 3 3 3 3 3 3 3 3 3 3 3 3 3 3 3 3 3 3 3 3 4 3 3 3 3 3 3 3 3 3 3 3 3 3 3 3 3 3 3 3 3 3 3 3 3 3 3 3 3 3 3 3 3 3 3 3 3 3 3 3 3 3 3 3 3 3 3 3 3 3 3 3 3 3 3 3 3 3 3 3 3 3 3 3 3 3 3 3 3 3 3 3 3 3 3 3 3 3 3 3 3 3 3 3 3 3 3 3 3 3 3 3 3 3 3 3 3 3 3 3 3 3 3 3 3 3 3 3 3 3 3 4 3 3 3 3 3 3 3 3 3 3 3 3 3 3 3 3 3 3 3 3 3 3 3 3 3 3 3 3 3 3 3 3 3 3 3 3 3 3 3 3 3 3 3 3 3 3 3 3 3 3 3 3 3 3 3 3 3 3 3 3 3 3 3 3 3 3 3 3 3 3 3 3 3 3 3 3 3 3 3 3 3 3 3 3 3 3 3 3 3 3 3 3 3 4 3 3 3 3 3 3 3 3 3 3 3 3 3 3 3 3 3 3 3 3 3 3 3 3 3 3 3 3 3 3 3 3 3 3 3 3 3 3 3 3 3 3 3 3 3 3 3 3 3 3 3 3 3 3 3 3 3 3 3 3 3 3 3 3 3 3 3 3 3 3 3 3 3 3 3 3 3 3 3 3 3 3 3 3 3 3 3 3 3 3 3 3 3 3 3 3 3 4 3 3 3 3 3 3 3 3 3 4 3 3 3 3 3 3 3 3 3 3 4 3 3 3 3 3 3 3 3 3 3 3 3 3 3 3 3 3 3 3 3 3 3 3 3 3 3 3 3 3 4 3 3 3 3 3 3 3 3 3 3 3 3 3 3 3 3 3 3 3 3 4 3 3 3 3 3 3 4 3 3 3 3 3 3 3 3 3 3 3 3 3 4 3 3 3 3 3 3 3 3 3 3 3 3 3 3 3 3 3 3 3 3 3 3 3 3 3 3 3 3 3 3 3 3 3 3 3 3 3 3 3 3 3 3 3 3 3 3 3 3 3 3 3 3 3 3 3 3 3 3 3 3 3 3 3 3 3 4 3 3 3 3 3 3 3 3 3 3 3 3 3 4 3 3 3 3 3 3 3 3 3 3 3 3 3 4 3 3 3 3 3 3 3 3 3 3 3 3 3 3 3 3 3 3 3 3 3 3 3 3 3 3 3 3 3 3 3 3 3 3 3 3 3 3 3 3 3 3 3 4 4 5 5 5 5 6 5 4 4 3 3 3 3 1 1 1 1 1 1 1 1 1 1 1 1 1 1 1 2 2 2 2 2 2 2 2 2 2 2 2 2 2 2 1 1 1 1 1 1 1 1 1 1 1 1 1 1 1 
6 6 6 6 6 8 6 7 6 6 6 6 6 6 6 6 6 6 6 6 6 6 7 6 6 6 6 6 7 6 6 6 6 6 6 6 6 6 6 6 7 6 6 6 6 6 7 6 6 6 6 6 6 6 6 6 6 6 6 6 7 6 6 6 6 6 6 6 6 6 7 6 6 6 6 6 6 6 6 6 6 6 6 6 6 6 6 7 6 6 6 6 6 6 6 6 6 6 8 6 6 6 7 6 6 6 6 6 6 6 6 6 6 6 6 6 6 6 6 6 6 6 6 6 6 6 8 6 6 6 6 6 6 6 6 6 7 6 6 6 6 6 6 7 6 6 6 6 6 6 6 7 7 6 6 6 6 6 6 6 6 6 6 6 6 6 6 7 6 6 6 6 6 6 6 6 6 7 6 6 6 6 6 6 6 6 6 6 6 6 6 6 6 6 6 6 6 7 6 6 6 6 6 6 6 6 6 6 6 6 6 6 6 6 6 6 6 6 6 6 6 6 6 6 6 6 6 6 6 6 6 6 6 7 6 6 6 6 6 6 6 6 6 6 6 6 6 6 6 6 6 6 6 6 6 6 6 6 6 6 6 6 6 6 6 6 6 6 6 6 6 6 6 6 6 6 6 6 6 6 6 6 6 6 6 6 6 6 6 6 6 6 6 6 6 6 7 7 6 6 6 6 6 6 6 6 6 6 6 6 6 6 6 6 6 6 6 6 6 6 6 6 6 6 6 6 6 6 6 6 6 6 6 6 6 6 6 6 6 6 6 6 6 6 6 6 6 6 6 6 6 6 6 6 6 6 7 6 6 6 6 6 6 6 5 6 5 5 6 5 6 6 6 6 6 6 6 6 6 6 5 6 5 6 5 6 6 6 6 6 7 6 6 5 6 6 6 6 6 5 6 5 7 5 6 6 6 6 6 6 6 6 6 6 6 6 6 6 6 6 5 6 6 6 6 6 6 5 6 6 6 5 6 6 6 6 5 6 6 6 6 6 5 7 6 6 5 5 6 7 6 6 6 6 5 6 5 5 5 6 6 6 6 6 7 6 6 5 5 6 6 6 5 6 6 6 6 6 6 6 6 6 6 5 6 5 6 6 6 6 5 6 6 6 6 6 5 6 5 6 6 6 6 5 4 4 4 4 4 4 4 4 3 3 3 3 3 3 3 3 3 3 3 3 3 3 3 3 3 3 3 3 3 3 3 3 3 3 3 3 3 3 3 3 3 3 3 3 3 3 3 3 3 3 3 3 3 
1 139 395 0 0 0 
2 20 420 0 0 0 
3 169 393 0 0 0 
4 289 346 0 0 0 
5 360 391 0 0 0 
6 173 443 0 0 0 
7 288 494 0 0 0 
8 194 236 0 0 0 
9 219 367 0 0 0 
10 30 363 0 0 0 
11 409 432 0 0 0 
12 93 456 0 0 0 
13 16 465 0 0 0 
14 318 379 0 0 0 
15 297 365 0 0 0 
17 131 285 0 0 0 
18 376 474 0 0 0 
19 96 402 0 0 0 
21 27 197 0 0 0 
22 90 401 0 0 0 
23 80 102 0 0 0 
24 89 126 0 0 0 
25 196 213 0 0 0 
26 184 501 0 0 0 
28 167 186 513 0 0 
29 305 444 0 0 0 
31 242 429 0 0 0 
32 51 415 0 0 0 
33 42 295 0 0 0 
34 281 310 0 0 0 
35 459 491 0 0 0 
36 95 158 0 0 0 
37 38 46 0 0 0 
39 198 470 0 0 0 
40 323 389 0 0 0 
41 223 243 0 0 0 
43 425 495 0 0 0 
44 161 250 0 0 0 
45 74 321 0 0 0 
47 116 447 0 0 0 
48 153 314 0 0 0 
49 77 185 0 0 0 
50 57 334 0 0 0 
52 230 262 0 0 0 
53 241 296 0 0 0 
54 221 381 0 0 0 
55 61 119 0 0 0 
56 308 344 0 0 0 
58 287 304 514 0 0 
59 157 309 0 0 0 
60 123 482 0 0 0 
62 201 343 0 0 0 
63 154 434 0 0 0 
64 274 422 0 0 0 
65 336 372 0 0 0 
66 104 448 0 0 0 
67 202 259 0 0 0 
68 149 206 0 0 0 
69 160 283 0 0 0 
70 258 354 539 0 0 
71 280 325 0 0 0 
72 88 181 0 0 0 
73 175 475 0 0 0 
75 313 377 0 0 0 
76 251 267 0 0 0 
78 384 437 0 0 0 
79 333 478 0 0 0 
81 237 467 0 0 0 
82 136 453 0 0 0 
83 171 457 0 0 0 
84 189 261 0 0 0 
85 132 493 0 0 0 
86 271 484 0 0 0 
87 193 345 0 0 0 
91 339 468 0 0 0 
92 331 487 0 0 0 
94 105 442 0 0 0 
97 166 303 0 0 0 
98 200 355 0 0 0 
99 125 264 0 0 0 
100 327 421 0 0 0 
101 152 239 515 0 0 
103 390 489 0 0 0 
106 168 373 0 0 0 
107 400 485 0 0 0 
108 278 371 0 0 0 
109 117 399 0 0 0 
110 317 472 0 0 0 
111 112 406 0 0 0 
113 300 481 0 0 0 
114 209 416 0 0 0 
115 122 182 0 0 0 
118 366 414 0 0 0 
120 179 187 0 0 0 
121 170 199 0 0 0 
124 180 431 0 0 0 
127 128 341 534 0 0 
129 204 320 0 0 0 
130 228 240 516 0 0 
133 165 326 0 0 0 
134 301 370 0 0 0 
135 208 214 0 0 0 
137 188 294 0 0 0 
138 245 423 0 0 0 
140 449 502 0 0 0 
141 265 466 517 0 0 
142 330 417 0 0 0 
143 311 378 518 0 0 
144 439 455 0 0 0 
145 222 503 0 0 0 
146 162 302 0 0 0 
147 426 461 0 0 0 
148 411 418 0 0 0 
150 220 477 0 0 0 
151 322 386 529 0 0 
155 404 464 0 0 0 
156 282 441 0 0 0 
159 207 403 0 0 0 
163 316 374 0 0 0 
164 229 385 0 0 0 
172 249 292 0 0 0 
174 337 430 0 0 0 
176 349 394 0 0 0 
177 298 438 0 0 0 
178 232 342 0 0 0 
183 260 500 0 0 0 
190 352 451 0 0 0 
191 380 488 0 0 0 
192 293 436 519 0 0 
195 279 299 0 0 0 
203 375 454 0 0 0 
205 450 499 0 0 0 
210 275 410 0 0 0 
211 252 277 0 0 0 
212 387 407 0 0 0 
215 266 382 0 0 0 
216 263 480 520 0 0 
217 269 273 0 0 0 
218 235 435 535 0 0 
224 225 357 0 0 0 
226 368 452 0 0 0 
227 257 335 0 0 0 
231 348 364 0 0 0 
233 238 413 0 0 0 
234 268 351 0 0 0 
244 427 479 0 0 0 
246 419 462 0 0 0 
247 328 496 0 0 0 
248 272 362 0 0 0 
253 359 497 0 0 0 
254 356 471 0 0 0 
255 383 408 0 0 0 
256 369 486 0 0 0 
270 307 460 0 0 0 
276 388 463 0 0 0 
284 340 446 0 0 0 
286 290 445 0 0 0 
291 397 405 0 0 0 
306 319 329 0 0 0 
312 332 492 0 0 0 
315 469 483 0 0 0 
324 353 412 0 0 0 
338 428 440 0 0 0 
347 396 433 0 0 0 
350 361 476 0 0 0 
358 473 498 0 0 0 
392 490 504 0 0 0 
398 424 458 521 0 0 
1 65 67 0 0 0 
2 95 126 0 0 0 
3 178 367 0 0 0 
4 132 313 0 0 0 
5 275 468 0 0 0 
6 11 482 0 0 0 
7 353 377 522 0 0 
8 303 429 0 0 0 
9 371 381 0 0 0 
10 345 432 0 0 0 
12 23 274 0 0 0 
13 74 435 0 0 0 
14 154 453 0 0 0 
15 235 283 0 0 0 
16 194 476 0 0 0 
17 204 493 523 0 0 
18 121 123 0 0 0 
19 261 387 0 0 0 
20 301 487 0 0 0 
21 296 446 0 0 0 
22 142 447 0 0 0 
24 251 354 524 0 0 
25 26 101 0 0 0 
27 155 443 0 0 0 
28 49 68 0 0 0 
29 358 461 0 0 0 
30 201 339 0 0 0 
31 254 418 0 0 0 
32 37 181 0 0 0 
33 138 143 0 0 0 
34 103 439 0 0 0 
35 146 298 0 0 0 
36 380 430 0 0 0 
38 330 479 0 0 0 
39 210 327 0 0 0 
40 125 191 0 0 0 
41 399 500 0 0 0 
42 180 288 0 0 0 
43 183 295 0 0 0 
44 214 485 0 0 0 
45 398 501 0 0 0 
46 242 375 0 0 0 
47 93 211 0 0 0 
48 257 334 0 0 0 
50 356 395 0 0 0 
51 122 141 0 0 0 
52 374 492 0 0 0 
53 124 292 0 0 0 
54 62 349 0 0 0 
55 306 415 0 0 0 
56 87 208 0 0 0 
57 133 452 0 0 0 
58 128 157 0 0 0 
59 246 314 0 0 0 
60 350 451 0 0 0 
61 113 441 0 0 0 
63 255 467 0 0 0 
64 179 478 0 0 0 
66 106 403 0 0 0 
69 323 416 0 0 0 
70 362 469 0 0 0 
71 189 268 0 0 0 
72 291 448 0 0 0 
73 212 400 0 0 0 
75 81 413 0 0 0 
76 215 228 0 0 0 
77 117 406 0 0 0 
78 174 450 0 0 0 
79 192 433 0 0 0 
80 444 463 0 0 0 
82 105 145 0 0 0 
83 290 318 0 0 0 
84 281 299 0 0 0 
85 229 262 0 0 0 
86 263 454 540 0 0 
88 253 438 0 0 0 
89 366 496 0 0 0 
90 110 348 0 0 0 
91 188 440 0 0 0 
92 140 490 0 0 0 
94 98 386 532 0 0 
96 150 256 0 0 0 
97 224 460 525 0 0 
99 217 322 0 0 0 
100 315 498 526 0 0 
102 186 489 0 0 0 
104 332 449 0 0 0 
107 171 287 0 0 0 
108 213 316 0 0 0 
109 114 309 0 0 0 
111 137 459 0 0 0 
112 240 472 0 0 0 
115 144 222 0 0 0 
116 284 342 0 0 0 
118 270 477 0 0 0 
119 176 423 0 0 0 
120 320 384 0 0 0 
127 168 293 0 0 0 
129 202 428 0 0 0 
130 152 442 0 0 0 
131 402 464 0 0 0 
134 172 226 0 0 0 
135 267 480 0 0 0 
136 336 474 0 0 0 
139 169 248 0 0 0 
147 282 365 0 0 0 
148 273 325 0 0 0 
149 190 504 0 0 0 
151 311 347 0 0 0 
153 233 470 0 0 0 
156 326 369 0 0 0 
158 329 458 0 0 0 
159 234 266 0 0 0 
160 340 360 0 0 0 
161 359 431 0 0 0 
162 170 333 0 0 0 
163 286 305 0 0 0 
164 265 344 0 0 0 
165 364 499 0 0 0 
166 408 422 0 0 0 
167 289 328 0 0 0 
173 196 335 0 0 0 
175 232 392 0 0 0 
177 279 483 0 0 0 
182 419 465 0 0 0 
184 252 494 0 0 0 
185 221 411 0 0 0 
187 243 258 0 0 0 
193 200 456 0 0 0 
195 389 484 527 0 0 
197 205 373 0 0 0 
198 244 425 0 0 0 
199 412 426 0 0 0 
203 324 331 0 0 0 
206 379 437 0 0 0 
207 237 394 0 0 0 
209 230 357 0 0 0 
216 410 486 0 0 0 
218 372 502 0 0 0 
219 405 488 543 0 0 
220 341 393 0 0 0 
223 321 407 0 0 0 
225 300 409 544 0 0 
227 264 294 0 0 0 
231 378 385 0 0 0 
236 337 421 0 0 0 
238 310 396 0 0 0 
239 304 370 0 0 0 
241 307 455 0 0 0 
245 388 491 0 0 0 
247 376 427 0 0 0 
249 338 361 0 0 0 
250 297 383 0 0 0 
259 277 351 0 0 0 
260 363 445 0 0 0 
269 390 497 0 0 0 
271 404 434 0 0 0 
272 280 481 0 0 0 
276 285 368 0 0 0 
278 302 414 0 0 0 
308 424 473 0 0 0 
312 355 495 0 0 0 
60 317 397 0 0 0 
319 333 391 0 0 0 
343 401 462 0 0 0 
58 177 346 0 0 0 
352 354 413 0 0 0 
69 382 471 0 0 0 
99 417 457 0 0 0 
340 378 420 0 0 0 
436 475 503 0 0 0 
150 206 466 0 0 0 
1 103 158 0 0 0 
2 212 409 0 0 0 
3 43 86 0 0 0 
4 386 435 0 0 0 
5 190 276 0 0 0 
6 186 266 0 0 0 
7 137 450 0 0 0 
8 136 138 0 0 0 
9 226 408 0 0 0 
10 133 438 0 0 0 
11 122 288 0 0 0 
12 203 309 0 0 0 
13 305 480 0 0 0 
14 93 291 0 0 0 
15 198 459 0 0 0 
16 77 116 0 0 0 
17 38 293 0 0 0 
18 299 374 0 0 0 
19 152 349 0 0 0 
20 257 320 0 0 0 
21 381 469 0 0 0 
22 224 473 0 0 0 
23 280 385 0 0 0 
24 66 429 541 0 0 
25 242 468 0 0 0 
26 246 282 0 0 0 
27 109 214 0 0 0 
28 192 327 0 0 0 
29 237 253 0 0 0 
30 53 502 545 0 0 
31 265 298 0 0 0 
32 41 370 0 0 0 
33 209 428 0 0 0 
34 348 500 0 0 0 
35 155 401 546 0 0 
36 355 426 0 0 0 
37 98 268 0 0 0 
39 72 307 0 0 0 
40 118 119 547 0 0 
42 189 302 0 0 0 
44 347 397 0 0 0 
45 123 168 528 0 0 
46 57 112 0 0 0 
47 306 335 0 0 0 
48 52 503 0 0 0 
49 124 125 0 0 0 
50 313 460 0 0 0 
51 248 297 0 0 0 
54 324 427 0 0 0 
55 238 440 0 0 0 
56 247 249 0 0 0 
59 372 414 0 0 0 
61 135 490 0 0 0 
62 85 337 0 0 0 
63 223 254 0 0 0 
64 130 445 0 0 0 
65 457 486 0 0 0 
67 353 404 0 0 0 
68 95 454 548 0 0 
70 200 256 0 0 0 
71 384 398 0 0 0 
73 389 422 0 0 0 
74 165 357 531 0 0 
75 332 342 0 0 0 
76 129 219 0 0 0 
78 471 496 0 0 0 
79 259 418 0 0 0 
80 178 376 0 0 0 
81 107 458 0 0 0 
82 205 504 0 0 0 
83 229 452 0 0 0 
84 92 255 0 0 0 
87 144 391 0 0 0 
88 382 392 0 0 0 
89 100 161 0 0 0 
90 403 478 0 0 0 
91 231 393 0 0 0 
94 316 338 0 0 0 
96 160 172 533 0 0 
97 269 495 0 0 0 
101 197 390 0 0 0 
102 142 235 0 0 0 
104 263 368 0 0 0 
105 323 498 0 0 0 
106 264 434 0 0 0 
108 110 487 0 0 0 
111 281 308 0 0 0 
113 421 472 0 0 0 
114 148 455 0 0 0 
115 289 394 0 0 0 
117 170 220 0 0 0 
120 419 425 0 0 0 
121 217 267 0 0 0 
126 184 286 0 0 0 
127 176 258 0 0 0 
128 277 383 0 0 0 
131 233 273 0 0 0 
132 245 399 549 0 0 
134 325 461 0 0 0 
139 228 476 0 0 0 
140 182 430 0 0 0 
141 285 336 0 0 0 
143 410 462 0 0 0 
145 244 369 0 0 0 
146 312 318 0 0 0 
147 215 296 0 0 0 
149 272 287 0 0 0 
151 221 441 0 0 0 
153 194 484 0 0 0 
154 201 489 0 0 0 
156 303 482 0 0 0 
157 240 360 0 0 0 
159 230 304 0 0 0 
162 330 362 0 0 0 
163 319 464 0 0 0 
164 387 405 0 0 0 
166 396 437 0 0 0 
167 260 314 0 0 0 
169 358 407 0 0 0 
171 187 339 0 0 0 
173 311 467 0 0 0 
174 322 475 0 0 0 
175 193 239 0 0 0 
179 300 474 0 0 0 
180 442 463 0 0 0 
181 294 371 0 0 0 
183 211 400 0 0 0 
185 251 499 0 0 0 
161 188 465 0 0 0 
191 234 275 0 0 0 
195 243 494 0 0 0 
196 199 431 0 0 0 
202 222 481 0 0 0 
204 363 477 0 0 0 
207 361 379 0 0 0 
42 208 334 550 0 0 
210 400 412 0 0 0 
213 245 417 0 0 0 
216 310 432 0 0 0 
218 252 451 0 0 0 
225 341 449 0 0 0 
227 276 279 0 0 0 
148 232 317 0 0 0 
236 346 456 0 0 0 
241 261 328 0 0 0 
250 364 402 0 0 0 
262 278 359 0 0 0 
270 373 444 0 0 0 
271 340 424 0 0 0 
274 423 492 0 0 0 
283 290 331 0 0 0 
284 326 380 0 0 0 
12 292 321 0 0 0 
295 483 501 0 0 0 
301 453 470 0 0 0 
315 377 466 0 0 0 
329 367 416 0 0 0 
343 352 356 0 0 0 
344 365 436 0 0 0 
198 345 411 0 0 0 
350 415 493 0 0 0 
351 446 491 0 0 0 
366 439 443 0 0 0 
222 375 485 0 0 0 
158 388 433 0 0 0 
104 108 395 0 0 0 
406 420 448 0 0 0 
226 447 497 0 0 0 
339 397 479 0 0 0 
113 356 488 0 0 0 
1 127 283 0 0 0 
2 121 346 0 0 0 
3 286 347 0 0 0 
4 389 479 0 0 0 
5 261 495 0 0 0 
6 83 105 0 0 0 
7 52 296 0 0 0 
8 15 319 0 0 0 
9 167 242 0 0 0 
10 189 421 0 0 0 
11 114 355 0 0 0 
13 145 279 0 0 0 
14 282 399 0 0 0 
16 106 164 0 0 0 
17 208 284 0 0 0 
18 183 343 0 0 0 
19 123 428 0 0 0 
20 144 274 0 0 0 
21 224 451 0 0 0 
22 288 405 0 0 0 
23 82 199 0 0 0 
24 53 481 0 0 0 
25 323 413 0 0 0 
26 368 427 0 0 0 
27 191 301 0 0 0 
28 195 225 0 0 0 
29 174 468 0 0 0 
30 32 412 0 0 0 
31 99 361 0 0 0 
33 72 218 0 0 0 
34 203 322 0 0 0 
35 169 431 0 0 0 
36 112 187 0 0 0 
37 290 419 0 0 0 
38 251 335 0 0 0 
39 122 165 0 0 0 
40 87 353 0 0 0 
41 205 332 0 0 0 
43 207 366 0 0 0 
44 153 486 0 0 0 
45 215 487 0 0 0 
46 62 409 0 0 0 
47 231 315 0 0 0 
48 54 277 0 0 0 
49 85 424 0 0 0 
50 175 378 0 0 0 
51 78 299 0 0 0 
55 57 102 0 0 0 
56 154 272 0 0 0 
58 358 371 0 0 0 
59 338 499 0 0 0 
60 63 503 0 0 0 
61 402 473 0 0 0 
64 81 369 0 0 0 
65 116 437 0 0 0 
66 150 151 0 0 0 
67 260 392 0 0 0 
68 131 228 0 0 0 
69 156 188 0 0 0 
70 140 459 0 0 0 
71 155 176 0 0 0 
73 111 285 0 0 0 
74 149 306 0 0 0 
75 268 365 0 0 0 
76 193 388 0 0 0 
77 101 383 0 0 0 
79 94 501 0 0 0 
80 255 466 0 0 0 
84 171 221 0 0 0 
86 418 423 0 0 0 
88 393 417 0 0 0 
89 92 493 0 0 0 
90 484 504 0 0 0 
91 267 404 0 0 0 
93 197 216 0 0 0 
95 253 441 0 0 0 
96 120 213 538 0 0 
97 129 177 0 0 0 
98 118 139 0 0 0 
100 117 190 0 0 0 
103 204 275 0 0 0 
107 220 450 0 0 0 
109 244 265 0 0 0 
110 141 354 0 0 0 
115 196 271 0 0 0 
119 269 448 0 0 0 
124 317 480 0 0 0 
125 157 396 0 0 0 
126 344 410 0 0 0 
128 163 326 0 0 0 
130 357 434 0 0 0 
132 325 403 0 0 0 
133 273 496 0 0 0 
134 137 143 0 0 0 
135 304 307 0 0 0 
136 159 310 0 0 0 
138 206 488 0 0 0 
142 152 485 0 0 0 
146 172 475 0 0 0 
147 264 474 0 0 0 
160 295 415 0 0 0 
162 266 364 0 0 0 
166 362 462 0 0 0 
168 411 498 0 0 0 
170 238 446 0 0 0 
173 249 341 0 0 0 
178 302 470 0 0 0 
179 210 416 0 0 0 
159 180 246 0 0 0 
181 247 433 0 0 0 
182 254 477 0 0 0 
184 394 472 0 0 0 
185 212 376 0 0 0 
186 360 502 0 0 0 
192 256 262 0 0 0 
194 420 443 0 0 0 
200 300 305 0 0 0 
201 367 490 0 0 0 
202 386 452 0 0 0 
209 330 464 0 0 0 
211 303 463 0 0 0 
214 316 337 0 0 0 
217 445 469 0 0 0 
219 235 281 0 0 0 
223 391 438 0 0 0 
227 229 432 0 0 0 
230 308 408 0 0 0 
232 435 440 0 0 0 
233 324 407 0 0 0 
234 426 447 0 0 0 
236 436 497 0 0 0 
237 309 395 0 0 0 
239 298 372 0 0 0 
240 257 359 0 0 0 
241 311 457 0 0 0 
243 250 414 0 0 0 
248 293 455 0 0 0 
252 333 461 0 0 0 
258 329 460 0 0 0 
259 449 453 0 0 0 
162 263 320 0 0 0 
270 331 384 0 0 0 
278 289 482 0 0 0 
280 345 430 0 0 0 
287 465 491 0 0 0 
291 334 398 0 0 0 
292 297 401 0 0 0 
294 312 439 0 0 0 
313 454 489 0 0 0 
314 380 483 0 0 0 
318 352 478 0 0 0 
321 328 406 0 0 0 
327 348 467 0 0 0 
336 375 444 0 0 0 
342 349 422 0 0 0 
345 350 500 0 0 0 
321 351 363 0 0 0 
352 370 387 0 0 0 
48 373 379 0 0 0 
374 390 476 0 0 0 
300 377 382 0 0 0 
23 381 471 0 0 0 
118 385 458 0 0 0 
228 425 429 0 0 0 
442 456 493 0 0 0 
10 196 492 0 0 0 
55 193 494 0 0 0 
1 230 495 0 0 0 
2 205 208 0 0 0 
3 109 227 0 0 0 
4 192 430 551 0 0 
5 422 499 0 0 0 
6 31 342 0 0 0 
7 263 327 0 0 0 
8 171 353 0 0 0 
9 307 442 0 0 0 
11 236 255 0 0 0 
12 225 476 0 0 0 
13 176 233 0 0 0 
14 123 360 0 0 0 
15 151 191 0 0 0 
16 30 398 0 0 0 
17 188 237 0 0 0 
18 66 153 0 0 0 
19 194 290 0 0 0 
20 98 417 0 0 0 
21 112 163 0 0 0 
22 187 496 0 0 0 
24 45 408 0 0 0 
25 272 448 0 0 0 
26 278 460 0 0 0 
27 299 478 0 0 0 
28 87 108 0 0 0 
29 452 484 0 0 0 
32 185 369 0 0 0 
33 110 170 0 0 0 
34 334 464 0 0 0 
35 136 472 0 0 0 
36 217 292 0 0 0 
37 52 90 0 0 0 
38 124 453 0 0 0 
39 246 489 0 0 0 
40 88 383 0 0 0 
41 94 283 0 0 0 
42 336 407 0 0 0 
43 111 333 0 0 0 
44 306 449 0 0 0 
46 329 487 0 0 0 
47 222 261 0 0 0 
49 97 491 0 0 0 
50 301 433 0 0 0 
51 497 504 0 0 0 
53 253 364 0 0 0 
54 122 143 0 0 0 
56 142 483 0 0 0 
57 68 69 0 0 0 
58 73 331 0 0 0 
59 219 351 0 0 0 
60 206 258 0 0 0 
61 203 425 0 0 0 
62 129 231 0 0 0 
63 119 502 0 0 0 
64 247 402 0 0 0 
65 92 461 0 0 0 
67 174 223 0 0 0 
70 95 173 0 0 0 
71 323 347 0 0 0 
72 76 207 0 0 0 
74 365 439 0 0 0 
75 133 397 0 0 0 
77 294 456 0 0 0 
78 186 441 0 0 0 
79 80 275 0 0 0 
81 86 224 0 0 0 
82 249 320 0 0 0 
83 183 240 0 0 0 
84 158 305 0 0 0 
85 114 437 0 0 0 
89 238 475 0 0 0 
91 241 332 0 0 0 
93 326 372 0 0 0 
96 267 313 0 0 0 
99 214 494 0 0 0 
100 135 280 0 0 0 
101 229 395 0 0 0 
102 120 168 0 0 0 
103 337 370 0 0 0 
104 115 147 0 0 0 
105 271 273 0 0 0 
106 259 389 0 0 0 
107 234 435 0 0 0 
113 239 274 0 0 0 
116 184 198 0 0 0 
117 175 268 0 0 0 
121 367 384 0 0 0 
125 146 444 0 0 0 
126 434 455 0 0 0 
127 166 426 0 0 0 
128 148 343 0 0 0 
130 279 282 0 0 0 
131 180 385 0 0 0 
132 357 462 0 0 0 
134 335 382 0 0 0 
137 350 375 0 0 0 
138 328 469 0 0 0 
139 211 470 0 0 0 
140 303 501 0 0 0 
141 155 167 0 0 0 
144 269 466 552 0 0 
145 377 414 0 0 0 
149 181 349 0 0 0 
150 388 413 0 0 0 
152 376 465 0 0 0 
154 200 387 0 0 0 
156 378 403 0 0 0 
157 197 348 0 0 0 
160 199 411 0 0 0 
161 202 340 0 0 0 
164 330 394 530 0 0 
165 213 490 0 0 0 
169 251 380 0 0 0 
172 346 457 0 0 0 
177 262 412 0 0 0 
178 304 420 0 0 0 
179 254 368 0 0 0 
182 235 358 0 0 0 
189 379 400 0 0 0 
190 314 418 0 0 0 
195 324 459 0 0 0 
201 285 498 553 0 0 
204 308 311 0 0 0 
209 212 390 0 0 0 
210 381 440 0 0 0 
215 318 468 0 0 0 
216 297 424 0 0 0 
218 399 431 0 0 0 
220 289 374 0 0 0 
221 291 436 0 0 0 
226 458 500 0 0 0 
232 245 409 0 0 0 
242 325 446 0 0 0 
243 344 396 0 0 0 
244 404 488 0 0 0 
248 276 492 0 0 0 
250 260 355 0 0 0 
252 477 479 0 0 0 
256 319 471 0 0 0 
257 366 416 0 0 0 
264 354 363 0 0 0 
265 295 296 0 0 0 
266 421 428 0 0 0 
270 316 410 0 0 0 
277 419 432 0 0 0 
281 284 427 0 0 0 
286 287 503 0 0 0 
288 338 423 0 0 0 
293 302 451 0 0 0 
298 339 467 0 0 0 
309 415 480 0 0 0 
310 356 445 542 0 0 
312 405 454 0 0 0 
315 317 443 0 0 0 
322 341 463 0 0 0 
359 450 473 0 0 0 
361 391 447 0 0 0 
362 438 474 0 0 0 
132 371 485 0 0 0 
373 393 481 0 0 0 
25 386 401 0 0 0 
275 392 482 0 0 0 
288 406 486 0 0 0 
117 429 452 0 0 0 
1 31 282 0 0 0 
2 124 356 0 0 0 
3 186 350 0 0 0 
4 190 398 0 0 0 
5 403 494 0 0 0 
6 261 474 0 0 0 
7 14 329 0 0 0 
8 364 371 0 0 0 
9 20 106 554 0 0 
10 142 256 0 0 0 
11 160 272 0 0 0 
12 461 503 0 0 0 
13 88 111 0 0 0 
15 17 274 0 0 0 
16 266 401 0 0 0 
18 180 439 555 0 0 
19 137 248 0 0 0 
21 198 346 0 0 0 
22 470 481 0 0 0 
23 289 308 0 0 0 
24 246 333 0 0 0 
26 121 467 0 0 0 
27 68 358 0 0 0 
28 152 366 0 0 0 
29 185 310 0 0 0 
30 378 425 0 0 0 
32 270 446 0 0 0 
33 75 125 0 0 0 
34 426 465 0 0 0 
35 47 273 556 0 0 
36 278 415 0 0 0 
37 138 360 0 0 0 
38 100 312 0 0 0 
39 318 341 0 0 0 
40 321 379 0 0 0 
41 97 173 0 0 0 
42 70 148 0 0 0 
43 82 337 0 0 0 
44 168 177 0 0 0 
45 269 284 0 0 0 
46 338 466 0 0 0 
48 193 454 0 0 0 
49 91 183 0 0 0 
50 107 434 0 0 0 
51 87 231 0 0 0 
52 217 301 0 0 0 
53 313 376 0 0 0 
54 264 390 0 0 0 
55 192 205 0 0 0 
56 233 441 0 0 0 
57 393 412 0 0 0 
58 271 355 0 0 0 
59 158 330 0 0 0 
60 77 464 0 0 0 
61 268 362 0 0 0 
62 81 431 0 0 0 
63 162 316 0 0 0 
64 122 386 0 0 0 
65 317 492 0 0 0 
66 105 451 0 0 0 
67 224 294 0 0 0 
69 144 363 0 0 0 
71 95 374 0 0 0 
72 229 418 0 0 0 
73 133 184 0 0 0 
74 290 388 0 0 0 
76 163 424 0 0 0 
78 164 211 0 0 0 
79 241 324 0 0 0 
80 263 323 0 0 0 
83 375 380 0 0 0 
84 420 477 0 0 0 
85 283 397 0 0 0 
86 189 465 0 0 0 
41 89 488 0 0 0 
90 127 212 0 0 0 
92 197 435 0 0 0 
93 242 262 0 0 0 
94 280 336 0 0 0 
96 126 351 0 0 0 
98 195 291 0 0 0 
99 140 210 0 0 0 
101 153 391 0 0 0 
102 143 223 0 0 0 
103 240 471 0 0 0 
104 462 475 0 0 0 
108 281 298 0 0 0 
109 118 165 0 0 0 
110 151 495 0 0 0 
112 307 413 0 0 0 
113 127 227 0 0 0 
88 114 501 0 0 0 
8 115 352 0 0 0 
23 116 354 0 0 0 
119 161 478 0 0 0 
120 157 222 557 0 0 
123 141 417 0 0 0 
128 405 429 0 0 0 
129 134 502 0 0 0 
130 252 332 0 0 0 
131 171 449 0 0 0 
135 179 436 0 0 0 
136 168 175 0 0 0 
139 167 396 0 0 0 
99 145 343 0 0 0 
146 156 349 0 0 0 
147 384 440 0 0 0 
149 395 500 0 0 0 
150 201 309 0 0 0 
154 232 299 536 0 0 
155 277 493 0 0 0 
159 244 306 0 0 0 
166 345 382 0 0 0 
169 236 460 0 0 0 
170 297 304 0 0 0 
172 258 485 0 0 0 
174 218 408 0 0 0 
176 327 445 0 0 0 
178 196 344 0 0 0 
181 203 315 0 0 0 
153 182 377 0 0 0 
187 392 476 0 0 0 
188 314 487 0 0 0 
191 213 456 537 0 0 
194 295 322 0 0 0 
199 326 433 0 0 0 
200 427 450 0 0 0 
202 245 293 0 0 0 
204 225 411 0 0 0 
206 438 442 0 0 0 
207 300 331 0 0 0 
208 339 357 0 0 0 
47 209 430 0 0 0 
214 328 372 0 0 0 
215 259 369 0 0 0 
216 422 483 0 0 0 
219 357 482 0 0 0 
220 298 416 0 0 0 
221 250 361 0 0 0 
226 419 472 0 0 0 
228 423 444 0 0 0 
230 444 496 0 0 0 
234 257 387 0 0 0 
235 260 403 0 0 0 
178 237 353 0 0 0 
6 238 479 0 0 0 
29 239 249 0 0 0 
234 243 498 0 0 0 
247 303 480 0 0 0 
71 251 254 0 0 0 
198 253 276 0 0 0 
137 255 334 0 0 0 
265 287 320 0 0 0 
127 267 406 0 0 0 
279 311 490 0 0 0 
152 285 410 0 0 0 
61 286 453 0 0 0 
292 347 450 0 0 0 
296 391 409 0 0 0 
103 302 389 0 0 0 
144 305 399 0 0 0 
6 319 373 0 0 0 
325 414 463 0 0 0 
297 335 489 0 0 0 
99 340 407 0 0 0 
342 348 359 0 0 0 
505 513 528 0 0 0 
505 506 514 529 0 0 
506 507 515 530 0 0 
505 507 508 516 531 0 
506 508 509 517 532 0 
507 509 510 518 533 0 
508 510 511 519 534 0 
505 509 511 512 520 535 
506 510 512 521 536 0 
507 511 522 537 0 0 
508 512 523 538 0 0 
509 524 539 0 0 0 
510 525 540 0 0 0 
511 526 541 0 0 0 
512 527 542 0 0 0 
513 0 0 0 0 0 
514 0 0 0 0 0 
515 0 0 0 0 0 
516 0 0 0 0 0 
517 0 0 0 0 0 
518 0 0 0 0 0 
519 0 0 0 0 0 
520 0 0 0 0 0 
521 0 0 0 0 0 
522 0 0 0 0 0 
523 0 0 0 0 0 
524 0 0 0 0 0 
525 0 0 0 0 0 
526 0 0 0 0 0 
527 0 0 0 0 0 
528 543 0 0 0 0 
529 544 0 0 0 0 
530 545 0 0 0 0 
531 546 0 0 0 0 
532 547 0 0 0 0 
533 548 0 0 0 0 
534 549 0 0 0 0 
535 550 0 0 0 0 
536 551 0 0 0 0 
537 552 0 0 0 0 
538 553 0 0 0 0 
539 554 0 0 0 0 
540 555 0 0 0 0 
541 556 0 0 0 0 
542 557 0 0 0 0 
543 0 0 0 0 0 
544 0 0 0 0 0 
545 0 0 0 0 0 
546 0 0 0 0 0 
547 0 0 0 0 0 
548 0 0 0 0 0 
549 0 0 0 0 0 
550 0 0 0 0 0 
551 0 0 0 0 0 
552 0 0 0 0 0 
553 0 0 0 0 0 
554 0 0 0 0 0 
555 0 0 0 0 0 
556 0 0 0 0 0 
557 0 0 0 0 0 
1 169 341 511 678 843 0 0 
2 170 342 512 679 844 0 0 
3 171 343 513 680 845 0 0 
4 172 344 514 681 846 0 0 
5 173 345 515 682 847 0 0 
6 174 346 516 683 848 988 1004 
7 175 347 517 684 849 0 0 
8 176 348 518 685 850 935 0 
9 177 349 519 686 851 0 0 
10 178 350 520 676 852 0 0 
11 174 351 521 687 853 0 0 
12 179 352 493 688 854 0 0 
13 180 353 522 689 855 0 0 
14 181 354 523 690 849 0 0 
15 182 355 518 691 856 0 0 
13 183 356 524 692 857 0 0 
16 184 357 525 693 856 0 0 
17 185 358 526 694 858 0 0 
18 186 359 527 695 859 0 0 
2 187 360 528 696 851 0 0 
19 188 361 529 697 860 0 0 
20 189 362 530 698 861 0 0 
21 179 363 531 672 862 936 0 
22 190 364 532 699 863 0 0 
23 191 365 533 700 839 0 0 
24 191 366 534 701 864 0 0 
19 192 367 535 702 865 0 0 
25 193 368 536 703 866 0 0 
26 194 369 537 704 867 989 0 
10 195 370 538 692 868 0 0 
27 196 371 539 683 843 0 0 
28 197 372 538 705 869 0 0 
29 198 373 540 706 870 0 0 
30 199 374 541 707 871 0 0 
31 200 375 542 708 872 0 0 
32 201 376 543 709 873 0 0 
33 197 377 544 710 874 0 0 
33 202 357 545 711 875 0 0 
34 203 378 546 712 876 0 0 
35 204 379 547 713 877 0 0 
36 205 372 548 714 878 917 0 
29 206 380 476 715 879 0 0 
37 207 343 549 716 880 0 0 
38 208 381 550 717 881 0 0 
39 209 382 551 699 882 0 0 
33 210 383 552 718 883 0 0 
40 211 384 553 719 872 975 0 
41 212 385 554 669 884 0 0 
42 193 386 555 720 885 0 0 
43 213 387 556 721 886 0 0 
28 214 388 557 722 887 0 0 
44 215 385 517 710 888 0 0 
45 216 370 532 723 889 0 0 
46 217 389 554 724 890 0 0 
47 218 390 558 677 891 0 0 
48 219 391 559 725 892 0 0 
43 220 383 558 726 893 0 0 
49 221 334 560 727 894 0 0 
50 222 392 561 728 895 0 0 
51 223 331 562 729 896 0 0 
47 224 393 563 730 897 999 0 
52 217 394 552 731 898 0 0 
53 225 395 562 732 899 0 0 
54 226 396 564 733 900 0 0 
55 169 397 565 734 901 0 0 
56 227 364 566 694 902 0 0 
57 169 398 567 735 903 0 0 
58 193 399 568 726 865 0 0 
59 228 336 569 726 904 0 0 
60 229 400 570 736 879 0 0 
61 230 401 571 737 905 992 0 
62 231 378 540 738 906 0 0 
63 232 402 572 727 907 0 0 
39 180 403 573 739 908 0 0 
64 233 404 574 740 870 0 0 
65 234 405 575 738 909 0 0 
42 235 356 576 741 896 0 0 
66 236 406 557 742 910 0 0 
67 237 407 577 743 911 0 0 
21 238 408 578 743 912 0 0 
68 233 409 564 744 898 0 0 
69 239 410 531 745 880 0 0 
70 240 411 516 746 913 0 0 
71 241 412 579 747 914 0 0 
72 242 394 555 748 915 0 0 
73 243 343 580 744 916 0 0 
74 219 413 547 703 887 0 0 
62 244 414 581 713 855 934 0 
22 245 415 582 749 917 0 0 
20 246 416 583 710 918 0 0 
75 247 417 584 750 885 0 0 
76 248 412 582 734 919 0 0 
12 211 354 585 751 920 0 0 
77 249 418 577 714 921 0 0 
32 170 399 586 736 905 0 0 
18 250 419 587 752 922 0 0 
78 251 420 588 720 878 0 0 
79 249 377 589 696 923 0 0 
80 252 337 539 753 924 947 1007 
81 253 415 590 754 875 0 0 
82 191 421 576 755 925 0 0 
21 254 422 558 756 926 0 0 
83 199 341 591 757 927 1002 0 
56 255 423 506 758 928 0 0 
77 239 424 516 759 902 0 0 
84 227 425 524 760 851 0 0 
85 256 409 592 761 886 0 0 
86 257 426 506 703 929 0 0 
87 258 367 593 680 930 0 0 
88 246 426 594 706 931 0 0 
89 259 427 572 716 855 0 0 
89 260 383 543 697 932 0 0 
90 224 428 510 762 933 0 0 
91 258 429 521 748 934 0 0 
92 261 430 595 758 935 0 0 
40 262 356 565 763 936 0 0 
87 235 431 590 764 842 0 0 
93 263 379 589 673 930 0 0 
47 264 379 596 732 937 0 0 
94 265 432 587 756 938 0 0 
95 185 433 512 765 864 0 0 
92 214 351 546 724 900 0 0 
51 185 382 527 690 939 0 0 
96 216 386 597 711 844 0 0 
80 204 386 598 766 870 0 0 
22 170 434 599 767 922 0 0 
97 266 435 511 768 918 933 996 
97 221 436 600 769 940 0 0 
98 267 405 588 731 941 0 0 
99 268 396 601 770 942 0 0 
16 269 437 568 771 943 0 0 
72 172 438 602 772 837 0 0 
100 220 350 603 740 907 0 0 
101 270 439 604 773 941 0 0 
102 271 393 605 754 944 0 0 
69 272 348 606 708 945 0 0 
103 259 347 604 774 859 994 0 
104 198 348 607 775 874 0 0 
1 273 440 589 776 946 0 0 
105 248 441 570 777 924 0 0 
106 214 442 594 778 939 0 0 
107 189 422 608 725 852 0 0 
108 198 443 604 724 926 0 0 
109 261 413 528 779 904 1003 0 
110 239 444 522 780 947 0 0 
111 200 445 609 766 948 0 0 
112 274 446 610 758 949 0 0 
113 275 429 483 769 879 0 0 
58 276 447 573 781 950 0 0 
114 250 340 566 782 951 0 0 
115 277 448 566 691 931 0 0 
82 268 359 608 783 866 998 0 
41 278 449 550 694 925 963 0 
53 181 450 559 784 952 0 0 
116 192 375 571 778 953 0 0 
117 279 451 569 785 948 0 0 
50 221 452 598 786 938 0 0 
32 280 341 505 747 895 0 0 
118 281 453 606 619 954 0 0 
59 282 419 611 787 853 0 0 
38 283 415 469 788 937 0 0 
111 284 454 612 651 899 0 0 
119 285 455 600 697 909 0 0 
120 286 456 524 789 910 0 0 
100 287 403 546 790 930 0 0 
78 288 457 613 768 955 0 0 
25 289 458 519 778 946 0 0 
84 266 382 614 756 881 945 0 
3 273 459 542 791 956 0 0 
95 284 431 615 706 957 0 0 
70 256 460 579 685 943 0 0 
121 270 419 609 792 958 0 0 
6 290 461 616 736 878 0 0 
122 236 462 537 735 959 0 0 
63 291 463 556 764 945 0 0 
123 264 435 571 689 960 0 0 
124 292 334 588 793 881 0 0 
125 171 408 617 794 961 987 0 
94 226 464 618 795 944 0 0 
96 206 465 619 771 858 0 0 
62 197 466 620 781 962 0 0 
92 293 441 621 796 963 0 0 
126 207 467 526 746 885 0 0 
24 294 434 622 763 907 0 0 
42 295 468 623 705 867 0 0 
25 254 346 624 742 845 0 0 
94 296 460 543 698 964 0 0 
103 247 469 569 693 965 0 0 
71 230 380 520 797 916 0 0 
127 276 345 590 798 846 0 0 
128 204 470 535 691 966 0 0 
129 237 368 625 681 891 0 0 
74 297 463 575 677 884 0 0 
8 183 449 626 695 967 0 0 
130 298 471 536 799 923 0 0 
23 290 472 595 676 961 0 0 
19 299 421 585 786 919 0 0 
34 300 355 500 763 860 993 0 
95 301 472 531 787 968 0 0 
79 297 400 627 784 969 0 0 
52 195 450 628 800 951 0 0 
57 267 473 629 788 970 0 0 
131 302 352 541 730 962 0 0 
98 184 474 591 801 971 0 0 
132 299 410 548 679 891 0 0 
58 303 340 607 729 972 0 0 
118 304 475 549 738 973 0 0 
102 219 476 525 679 974 0 0 
91 305 373 630 802 975 0 0 
133 203 477 618 803 924 0 0 
134 211 467 631 776 910 0 0 
135 232 342 623 802 918 0 0 
23 257 478 587 790 966 0 0 
102 208 367 632 753 976 0 0 
136 234 446 551 804 977 0 0 
137 306 479 585 805 978 0 0 
138 252 433 633 709 888 0 0 
139 307 480 540 806 959 0 0 
9 308 405 634 728 979 0 0 
114 309 431 592 807 980 0 0 
46 295 448 579 808 981 0 0 
110 261 473 504 719 938 0 0 
36 310 395 635 735 926 0 0 
140 251 362 529 744 903 0 0 
140 311 481 536 688 971 0 0 
141 270 349 508 809 982 0 0 
142 312 482 636 680 933 0 0 
99 234 440 568 674 983 0 0 
120 242 411 636 755 906 0 0 
44 305 453 637 678 984 0 0 
143 313 417 553 731 887 0 0 
125 291 483 638 810 952 0 0 
144 278 437 639 689 892 0 0 
145 281 470 640 761 985 990 0 
139 182 422 634 796 986 0 0 
8 314 484 641 687 956 0 0 
68 304 369 642 693 987 0 0 
144 315 390 615 749 988 0 0 
82 316 463 643 762 989 0 0 
99 260 452 644 746 927 0 0 
45 317 485 645 750 911 0 0 
27 210 365 519 811 920 0 0 
36 296 471 646 812 990 0 0 
146 300 444 593 813 954 0 0 
104 318 438 478 810 970 0 0 
147 222 366 619 712 863 0 0 
148 319 391 620 733 991 0 0 
149 273 388 647 814 859 0 0 
121 320 391 616 745 989 0 0 
38 321 486 646 815 981 0 0 
65 190 468 545 791 992 0 0 
134 294 480 648 816 942 0 0 
150 244 369 586 723 993 0 0 
151 196 395 621 795 992 0 0 
152 225 412 578 687 994 0 0 
153 250 400 625 817 852 0 0 
142 212 360 644 818 985 0 0 
60 296 435 649 729 958 0 0 
57 322 407 650 760 977 0 0 
126 323 458 567 815 986 0 0 
71 186 485 515 719 848 0 0 
44 242 487 625 793 920 0 0 
137 243 423 651 684 912 0 0 
80 312 425 610 819 890 0 0 
106 286 371 593 820 995 0 0 
136 281 346 612 821 857 0 0 
65 271 433 584 752 996 0 0 
145 230 377 574 764 897 0 0 
138 324 420 596 779 882 0 0 
154 263 488 652 822 869 0 0 
73 325 489 595 759 894 0 0 
149 326 447 559 700 853 0 0 
138 275 437 603 759 872 0 0 
54 179 490 528 762 856 0 0 
133 173 470 591 743 840 0 0 
155 327 345 482 814 993 0 0 
134 322 436 554 823 953 0 0 
86 328 487 653 701 873 0 0 
130 292 482 522 770 997 0 0 
61 326 363 654 754 921 0 0 
30 241 427 634 824 929 0 0 
117 274 366 523 770 843 0 0 
59 182 491 511 714 915 0 0 
156 262 492 525 824 882 0 0 
16 327 442 572 800 998 0 0 
157 285 434 513 825 999 0 0 
49 256 447 655 825 995 0 0 
7 206 351 530 826 841 0 0 
4 289 430 653 807 862 0 0 
157 240 491 544 695 908 0 0 
158 231 354 656 808 923 0 0 
121 216 493 657 709 1000 0 0 
129 266 357 647 827 970 0 0 
103 312 466 658 741 903 0 0 
29 207 494 611 820 967 0 0 
45 188 446 517 820 1001 0 0 
15 321 388 657 805 957 1006 0 
124 200 371 643 828 929 980 0 
130 241 358 557 702 952 0 0 
90 311 464 627 671 973 0 0 
101 187 495 535 721 888 0 0 
111 328 380 617 827 1002 0 0 
78 176 451 631 777 991 0 0 
49 316 453 605 794 957 0 0 
26 285 353 627 747 1003 0 0 
159 218 384 573 717 954 0 0 
154 317 378 605 686 932 0 0 
48 329 427 637 801 862 0 0 
50 258 352 642 829 951 0 0 
30 315 479 606 830 867 0 0 
108 277 461 645 801 997 0 0 
160 330 445 658 831 875 0 0 
64 172 387 659 752 889 0 0 
41 222 458 660 798 965 0 0 
161 253 496 553 832 962 0 0 
119 257 418 632 822 899 0 0 
88 331 483 597 832 901 0 0 
14 240 445 661 804 876 0 0 
159 332 455 518 817 1004 0 0 
98 265 360 651 745 995 0 0 
39 310 493 662 667 877 0 0 
115 252 462 541 833 967 0 0 
35 228 424 533 737 912 0 0 
162 302 389 639 799 911 0 0 
61 275 439 602 811 1005 0 0 
100 279 492 600 751 968 0 0 
81 203 368 663 684 960 0 0 
148 289 485 662 775 976 0 0 
159 280 497 649 718 849 0 0 
107 202 454 630 789 895 0 0 
76 302 491 652 727 973 0 0 
160 255 404 548 750 942 0 0 
67 284 332 648 716 863 0 0 
43 212 476 656 707 994 0 0 
142 290 384 545 773 1006 0 0 
55 272 442 664 715 921 0 0 
122 314 394 632 757 880 0 0 
163 320 418 561 826 883 0 0 
75 195 460 509 828 974 0 0 
156 282 338 489 788 1007 0 0 
97 309 481 616 833 876 0 0 
125 262 404 665 683 1008 0 0 
52 333 498 526 769 947 0 0 
48 286 499 599 812 961 0 0 
74 178 500 654 666 955 0 0 
4 334 484 512 792 860 0 0 
164 277 381 513 737 1000 0 0 
143 246 374 663 786 1008 0 0 
123 217 359 665 781 948 0 0 
165 223 501 666 774 845 0 0 
145 322 502 667 728 922 0 0 
127 335 498 661 668 935 0 0 
162 175 398 547 685 987 0 0 
60 190 335 594 819 936 0 0 
79 330 376 521 815 894 0 0 
151 213 498 510 830 844 0 0 
140 305 403 601 772 974 979 0 
166 194 459 560 796 865 0 0 
150 283 487 644 834 1008 0 0 
5 282 452 624 690 874 0 0 
165 320 475 539 835 981 0 0 
149 229 454 613 836 897 0 0 
10 323 474 667 819 904 0 0 
143 287 486 612 723 850 0 0 
15 274 499 574 739 0 0 0 
93 245 503 549 818 866 0 0 
9 171 497 628 765 0 0 0 
141 327 423 534 795 0 0 0 
153 279 444 564 705 977 0 0 
101 316 372 668 757 0 0 0 
86 177 466 560 837 850 0 0 
55 307 392 643 751 976 0 0 
84 299 488 669 838 1004 0 0 
119 215 358 670 807 905 0 0 
131 210 504 664 774 913 0 0 
17 319 408 623 783 889 0 0 
64 175 496 671 780 963 0 0 
108 313 338 556 785 868 0 0 
14 303 475 669 797 877 0 0 
128 201 492 660 791 913 0 0 
46 177 361 672 803 0 0 0 
136 336 414 671 773 955 0 0 
152 321 436 576 713 0 0 0 
66 265 401 652 765 949 0 0 
120 313 363 673 771 0 0 0 
115 249 344 629 839 900 0 0 
135 186 456 668 784 985 0 0 
155 318 505 575 782 908 0 0 
35 298 402 514 760 1002 0 0 
83 324 421 670 802 890 0 0 
5 332 413 635 835 925 1001 0 
167 291 414 567 840 964 0 0 
3 309 417 581 838 893 0 0 
123 304 430 622 789 0 0 0 
1 213 506 642 755 950 0 0 
164 315 457 598 812 946 0 0 
158 331 381 509 740 915 0 0 
168 209 401 656 692 846 0 0 
87 205 438 523 806 1003 0 0 
85 232 467 477 797 0 0 0 
20 333 375 657 839 857 0 0 
18 269 486 563 733 0 0 0 
118 227 416 602 785 847 986 0 
116 325 398 584 813 0 0 0 
158 308 456 530 831 940 0 0 
89 235 507 662 841 996 0 0 
135 310 459 639 715 1007 0 0 
152 288 349 637 699 959 0 0 
11 311 342 552 810 1001 0 0 
133 306 443 599 822 998 0 0 
113 295 500 614 787 971 0 0 
162 301 477 538 793 893 0 0 
144 233 335 533 782 932 0 0 
93 328 392 646 780 1005 0 0 
28 218 501 611 829 873 0 0 
91 228 497 618 818 980 0 0 
107 337 478 581 696 939 0 0 
113 196 407 580 798 906 0 0 
147 293 432 544 823 982 0 0 
2 338 507 626 794 914 0 0 
81 314 428 520 821 0 0 0 
54 288 402 665 682 978 0 0 
104 264 490 580 826 983 0 0 
168 329 489 555 805 909 0 0 
37 300 432 674 730 868 0 0 
112 301 376 640 768 871 0 0 
146 319 389 534 824 969 0 0 
163 267 373 527 821 0 0 0 
27 176 364 674 842 940 0 0 
122 201 441 654 681 975 0 0 
96 283 472 542 806 898 0 0 
11 178 479 636 823 0 0 0 
164 237 505 620 721 968 0 0 
53 325 425 601 767 886 0 0 
139 180 344 638 761 919 0 0 
129 339 499 641 808 944 0 0 
66 303 457 565 748 0 0 0 
124 244 350 635 836 972 0 0 
109 199 503 658 739 858 0 0 
163 247 390 638 803 949 0 0 
117 224 448 586 742 892 0 0 
77 268 465 675 686 972 0 0 
6 192 503 626 832 0 0 0 
26 238 488 664 766 983 984 0 
157 323 396 633 830 960 0 0 
156 188 502 615 811 869 0 0 
40 189 508 640 835 0 0 0 
56 231 507 596 700 0 0 0 
105 255 481 650 717 943 0 0 
132 236 347 592 834 969 1000 0 
127 223 480 529 827 902 0 0 
141 220 411 629 704 842 0 0 
69 181 495 650 711 999 0 0 
131 243 399 659 831 884 0 0 
109 317 429 647 767 0 0 0 
12 297 484 675 741 966 0 0 
70 337 397 645 792 0 0 0 
168 280 409 673 809 0 0 0 
31 259 355 570 799 0 0 0 
154 251 387 649 701 956 0 0 
112 194 439 648 734 854 0 0 
147 333 443 613 772 928 0 0 
155 238 465 631 833 1005 0 0 
116 269 455 630 707 896 0 0 
13 293 469 655 783 871 916 0 
106 340 496 578 779 883 0 0 
68 225 461 663 828 864 0 0 
75 173 365 537 804 0 0 0 
161 229 361 633 775 0 0 0 
34 278 495 617 776 861 0 0 
151 336 406 672 817 927 0 0 
88 260 428 622 708 982 0 0 
166 329 362 563 834 0 0 0 
17 272 464 610 836 848 0 0 
63 339 462 609 749 928 0 0 
165 183 440 670 688 964 0 0 
114 263 474 621 816 914 0 0 
67 226 416 661 702 937 0 0 
146 202 509 514 816 988 0 0 
137 271 353 597 829 991 0 0 
90 326 473 532 838 861 0 0 
51 174 451 653 840 979 0 0 
161 292 494 660 725 978 0 0 
73 298 449 583 704 0 0 0 
85 208 504 608 837 958 0 0 
153 306 397 550 841 0 0 0 
76 187 426 551 718 965 0 0 
128 308 510 607 813 917 0 0 
83 254 450 659 712 1006 0 0 
167 248 393 628 790 997 0 0 
31 318 502 655 720 0 0 0 
160 215 490 676 814 901 0 0 
72 184 501 582 675 953 0 0 
7 294 471 677 753 847 0 0 
37 330 420 515 678 931 0 0 
148 245 406 603 698 984 0 0 
150 324 508 641 722 0 0 0 
166 253 424 614 800 990 0 0 
132 287 468 561 682 0 0 0 
126 205 374 666 809 950 0 0 
24 209 494 577 777 934 0 0 
105 307 370 624 732 941 0 0 
110 339 385 562 825 854 0 0 
167 276 410 583 722 0 0 0 
1009 1010 1012 1016 0 0 0 0 
1010 1011 1013 1017 0 0 0 0 
1011 1012 1014 1018 0 0 0 0 
1012 1013 1015 1019 0 0 0 0 
1013 1014 1016 1020 0 0 0 0 
1014 1015 1017 1021 0 0 0 0 
1015 1016 1018 1022 0 0 0 0 
1016 1017 1019 1023 0 0 0 0 
25 1009 1024 0 0 0 0 0 
49 1010 1025 0 0 0 0 0 
82 1011 1026 0 0 0 0 0 
99 1012 1027 0 0 0 0 0 
106 1013 1028 0 0 0 0 0 
108 1014 1029 0 0 0 0 0 
129 1015 1030 0 0 0 0 0 
137 1016 1031 0 0 0 0 0 
168 1017 1032 0 0 0 0 0 
175 1018 1033 0 0 0 0 0 
184 1019 1034 0 0 0 0 0 
190 1020 1035 0 0 0 0 0 
251 1021 1036 0 0 0 0 0 
253 1022 1037 0 0 0 0 0 
298 1023 1038 0 0 0 0 0 
382 1009 1039 0 0 0 0 0 
115 1010 1040 0 0 0 0 0 
789 1011 1041 0 0 0 0 0 
403 1012 1042 0 0 0 0 0 
249 1013 1043 0 0 0 0 0 
419 1014 1044 0 0 0 0 0 
97 1015 1045 0 0 0 0 0 
139 1016 1046 0 0 0 0 0 
952 1017 1047 0 0 0 0 0 
966 1018 1048 0 0 0 0 0 
587 1019 1049 0 0 0 0 0 
60 1020 1050 0 0 0 0 0 
243 1021 1051 0 0 0 0 0 
364 1022 1052 0 0 0 0 0 
830 1023 1053 0 0 0 0 0 
308 1039 1054 0 0 0 0 0 
311 1040 1055 0 0 0 0 0 
370 1041 1056 0 0 0 0 0 
375 1042 1057 0 0 0 0 0 
379 1043 1058 0 0 0 0 0 
399 1044 1059 0 0 0 0 0 
438 1045 1060 0 0 0 0 0 
476 1046 1061 0 0 0 0 0 
681 1047 1062 0 0 0 0 0 
779 1048 1063 0 0 0 0 0 
800 1049 1064 0 0 0 0 0 
851 1050 1065 0 0 0 0 0 
858 1051 1066 0 0 0 0 0 
872 1052 1067 0 0 0 0 0 
938 1053 1068 0 0 0 0 0 
