4 96 48
0 29 0 9 25.173988342285156
1 29 0 9 0.9279361963272095
2 29 0 9 0.8726326823234558
3 29 0 9 0.964097797870636
0 39 0 9 25.12407875061035
1 39 0 9 0.8917806148529053
2 39 0 9 0.8635547757148743
3 39 0 9 0.9576641917228699
0 9 0 29 24.872615814208984
1 9 0 29 0.9304429292678833
2 9 0 29 0.8628675937652588
3 9 0 29 0.9705417156219482
0 39 0 29 25.375625610351562
1 39 0 29 0.9196425676345825
2 39 0 29 0.8485647439956665
3 39 0 29 0.9245386719703674
0 9 0 39 25.355121612548828
1 9 0 39 0.9076413512229919
2 9 0 39 0.8635576963424683
3 9 0 39 0.9846141934394836
0 29 0 39 24.964780807495117
1 29 0 39 0.9246445894241333
2 29 0 39 0.8510007262229919
3 29 0 39 0.9499462246894836
0 31 1 4 25.02483367919922
1 31 1 4 0.870191752910614
2 31 1 4 0.7850457429885864
3 31 1 4 0.8072617650032043
0 44 1 4 25.434350967407227
1 44 1 4 0.919839084148407
2 44 1 4 0.8448173403739929
3 44 1 4 0.8868750333786011
0 4 1 31 24.70933723449707
1 4 1 31 0.8878297209739685
2 4 1 31 0.7680034637451172
3 4 1 31 0.8399126529693604
0 44 1 31 25.52532196044922
1 44 1 31 0.9327202439308167
2 44 1 31 0.8330168724060059
3 44 1 31 0.9405173659324646
0 4 1 44 25.27151870727539
1 4 1 44 0.8752956986427307
2 4 1 44 0.7801389098167419
3 4 1 44 0.820731520652771
0 31 1 44 25.407245635986328
1 31 1 44 0.9078697562217712
2 31 1 44 0.782554030418396
3 31 1 44 0.8061288595199585
0 17 2 15 25.482067108154297
1 17 2 15 0.945144772529602
2 17 2 15 0.8955573439598083
3 17 2 15 0.9420816898345947
0 38 2 15 25.559152603149414
1 38 2 15 0.9431952834129333
2 38 2 15 0.8897325396537781
3 38 2 15 0.9563407301902771
0 15 2 17 25.657573699951172
1 15 2 17 0.9393774271011353
2 15 2 17 0.8655974864959717
3 15 2 17 0.9323199391365051
0 38 2 17 24.940948486328125
1 38 2 17 0.9370757937431335
2 38 2 17 0.8977192044258118
3 38 2 17 0.953518271446228
0 15 2 38 25.758975982666016
1 15 2 38 0.945408284664154
2 15 2 38 0.8803824782371521
3 15 2 38 0.976310133934021
0 17 2 38 25.612668991088867
1 17 2 38 0.9229561686515808
2 17 2 38 0.8694368600845337
3 17 2 38 0.9405068159103394
0 21 3 11 26.264890670776367
1 21 3 11 0.9665286540985107
2 21 3 11 0.959229052066803
3 21 3 11 1.1183077096939087
0 37 3 11 25.098514556884766
1 37 3 11 0.9181039333343506
2 37 3 11 0.8746976256370544
3 37 3 11 0.9594734907150269
0 11 3 21 25.472702026367188
1 11 3 21 0.9766742587089539
2 11 3 21 0.9208027720451355
3 11 3 21 1.0694743394851685
0 37 3 21 25.834518432617188
1 37 3 21 0.9625487327575684
2 37 3 21 0.9097208380699158
3 37 3 21 1.016859769821167
0 11 3 37 25.31135368347168
1 11 3 37 0.977179229259491
2 11 3 37 0.9310345649719238
3 11 3 37 1.0307962894439697
0 21 3 37 25.58980941772461
1 21 3 37 0.933831512928009
2 21 3 37 0.9709897637367249
3 21 3 37 1.0960806608200073
0 18 4 14 25.44888687133789
1 18 4 14 0.9132435321807861
2 18 4 14 0.8019797205924988
3 18 4 14 0.8165848255157471
0 46 4 14 25.016828536987305
1 46 4 14 0.8889124989509583
2 46 4 14 0.8153288960456848
3 46 4 14 0.8328209519386292
0 14 4 18 25.22597885131836
1 14 4 18 0.930687665939331
2 14 4 18 0.852973222732544
3 14 4 18 0.9116711020469666
0 46 4 18 24.60139274597168
1 46 4 18 0.9091521501541138
2 46 4 18 0.8382241725921631
3 46 4 18 0.8765652179718018
0 14 4 46 25.755306243896484
1 14 4 46 0.9189302921295166
2 14 4 46 0.846640944480896
3 14 4 46 0.9106589555740356
0 18 4 46 24.745012283325195
1 18 4 46 0.8775652647018433
2 18 4 46 0.7480564117431641
3 18 4 46 0.743408739566803
0 16 5 1 25.902915954589844
1 16 5 1 0.9045166969299316
2 16 5 1 0.8336569666862488
3 16 5 1 0.9304142594337463
0 33 5 1 25.372867584228516
1 33 5 1 0.9356639385223389
2 33 5 1 0.907191276550293
3 33 5 1 0.9794877171516418
0 1 5 16 25.779085159301758
1 1 5 16 0.9403091669082642
2 1 5 16 0.8776659369468689
3 1 5 16 0.9889413118362427
0 33 5 16 25.464962005615234
1 33 5 16 0.9333434104919434
2 33 5 16 0.89484041929245
3 33 5 16 0.9777084589004517
0 1 5 33 25.214073181152344
1 1 5 33 0.9423149824142456
2 1 5 33 0.8485476970672607
3 1 5 33 0.9212533831596375
0 16 5 33 25.867053985595703
1 16 5 33 0.9581549167633057
2 16 5 33 0.8903323411941528
3 16 5 33 0.9236562848091125
0 23 6 8 25.175926208496094
1 23 6 8 0.9027083516120911
2 23 6 8 0.7974050641059875
3 23 6 8 0.7958649396896362
0 41 6 8 25.610942840576172
1 41 6 8 0.9489553570747375
2 41 6 8 0.849372148513794
3 41 6 8 0.9343307614326477
0 8 6 23 25.600799560546875
1 8 6 23 0.9743330478668213
2 8 6 23 0.8713454604148865
3 8 6 23 0.9609839916229248
0 41 6 23 25.53302764892578
1 41 6 23 0.9161562323570251
2 41 6 23 0.8482977151870728
3 41 6 23 0.9099406599998474
0 8 6 41 25.58820915222168
1 8 6 41 0.9573855996131897
2 8 6 41 0.8672186732292175
3 8 6 41 0.9572603702545166
0 23 6 41 25.147781372070312
1 23 6 41 0.8806554079055786
2 23 6 41 0.7946503162384033
3 23 6 41 0.7720052599906921
0 28 7 0 25.693689346313477
1 28 7 0 0.9720079898834229
2 28 7 0 0.8805882930755615
3 28 7 0 0.9153274297714233
0 32 7 0 25.54621124267578
1 32 7 0 0.9009544849395752
2 32 7 0 0.8323825597763062
3 32 7 0 0.8829987049102783
0 0 7 28 25.593830108642578
1 0 7 28 0.9131821990013123
2 0 7 28 0.8195091485977173
3 0 7 28 0.8457848429679871
0 32 7 28 25.911237716674805
1 32 7 28 0.9205654859542847
2 32 7 28 0.8801539540290833
3 32 7 28 0.9373399615287781
0 0 7 32 25.25617027282715
1 0 7 32 0.8515986204147339
2 0 7 32 0.7907311916351318
3 0 7 32 0.8148053884506226
0 28 7 32 25.43854331970215
1 28 7 32 0.9382709860801697
2 28 7 32 0.863703191280365
3 28 7 32 0.9042068719863892
0 26 8 3 25.508197784423828
1 26 8 3 0.9687301516532898
2 26 8 3 0.8654516339302063
3 26 8 3 0.9503496289253235
0 35 8 3 26.2239933013916
1 35 8 3 0.9211863875389099
2 35 8 3 0.8236377239227295
3 35 8 3 0.9119625687599182
0 3 8 26 24.969451904296875
1 3 8 26 0.9567263722419739
2 3 8 26 0.8684373497962952
3 3 8 26 0.906660795211792
0 35 8 26 25.08712387084961
1 35 8 26 0.9064896106719971
2 35 8 26 0.8333553075790405
3 35 8 26 0.8967694640159607
0 3 8 35 25.722923278808594
1 3 8 35 0.9458078145980835
2 3 8 35 0.8970745205879211
3 3 8 35 0.9410490393638611
0 26 8 35 25.638248443603516
1 26 8 35 0.9477907419204712
2 26 8 35 0.872320294380188
3 26 8 35 0.9450445175170898
0 25 9 2 26.05007553100586
1 25 9 2 0.9512283802032471
2 25 9 2 0.9070476293563843
3 25 9 2 0.9590656757354736
0 34 9 2 25.108285903930664
1 34 9 2 0.9137816429138184
2 34 9 2 0.891817033290863
3 34 9 2 0.9994437098503113
0 2 9 25 25.39344024658203
1 2 9 25 0.9223820567131042
2 2 9 25 0.8332813382148743
3 2 9 25 0.8652414083480835
0 34 9 25 25.820554733276367
1 34 9 25 0.9553623199462891
2 34 9 25 0.8705112934112549
3 34 9 25 0.9782188534736633
0 2 9 34 25.596683502197266
1 2 9 34 0.9453091025352478
2 2 9 34 0.8963536620140076
3 2 9 34 0.9783281087875366
0 25 9 34 25.793886184692383
1 25 9 34 0.9330548048019409
2 25 9 34 0.9004166722297668
3 25 9 34 0.9503423571586609
0 30 10 10 25.370033264160156
1 30 10 10 0.8862548470497131
2 30 10 10 0.8113227486610413
3 30 10 10 0.8457942605018616
0 42 10 10 25.790054321289062
1 42 10 10 0.9035297632217407
2 42 10 10 0.838935911655426
3 42 10 10 0.8979531526565552
0 10 10 30 25.002239227294922
1 10 10 30 0.9404963254928589
2 10 10 30 0.8772111535072327
3 10 10 30 0.9448839426040649
0 42 10 30 25.27893829345703
1 42 10 30 0.8963049054145813
2 42 10 30 0.8412575721740723
3 42 10 30 0.8383026719093323
0 10 10 42 25.433225631713867
1 10 10 42 0.9192197918891907
2 10 10 42 0.8724792003631592
3 10 10 42 0.9464881420135498
0 30 10 42 24.72420883178711
1 30 10 42 0.8897314667701721
2 30 10 42 0.8309298753738403
3 30 10 42 0.8627933859825134
0 20 11 6 25.455652236938477
1 20 11 6 0.9520941972732544
2 20 11 6 0.8675954341888428
3 20 11 6 0.9763915538787842
0 43 11 6 25.11553382873535
1 43 11 6 0.9443337321281433
2 43 11 6 0.8801983594894409
3 43 11 6 0.9416862726211548
0 6 11 20 25.691936492919922
1 6 11 20 0.9207542538642883
2 6 11 20 0.8757796883583069
3 6 11 20 0.9714810848236084
0 43 11 20 25.1136474609375
1 43 11 20 0.9233163595199585
2 43 11 20 0.9048362970352173
3 43 11 20 0.9500992298126221
0 6 11 43 25.91081428527832
1 6 11 43 0.9580815434455872
2 6 11 43 0.8779474496841431
3 6 11 43 0.9689372777938843
0 20 11 43 25.476200103759766
1 20 11 43 0.9201536774635315
2 20 11 43 0.8861385583877563
3 20 11 43 0.9331749677658081
0 19 12 7 24.92477798461914
1 19 12 7 0.918714702129364
2 19 12 7 0.8486287593841553
3 19 12 7 0.8680249452590942
0 47 12 7 25.468482971191406
1 47 12 7 0.9506816267967224
2 47 12 7 0.8523959517478943
3 47 12 7 0.8864588141441345
0 7 12 19 25.358436584472656
1 7 12 19 0.9031013250350952
2 7 12 19 0.818612813949585
3 7 12 19 0.8831337094306946
0 47 12 19 25.209793090820312
1 47 12 19 0.9099556803703308
2 47 12 19 0.8102104067802429
3 47 12 19 0.8697671294212341
0 7 12 47 25.464914321899414
1 7 12 47 0.9334182739257812
2 7 12 47 0.8418297171592712
3 7 12 47 0.8712428212165833
0 19 12 47 25.62166976928711
1 19 12 47 0.8978108167648315
2 19 12 47 0.8295093178749084
3 19 12 47 0.8801580667495728
0 22 13 13 25.50554656982422
1 22 13 13 0.9559227228164673
2 22 13 13 0.8722652196884155
3 22 13 13 0.9284411072731018
0 45 13 13 26.03036880493164
1 45 13 13 0.9297195076942444
2 45 13 13 0.8194021582603455
3 45 13 13 0.9179531931877136
0 13 13 22 25.05893898010254
1 13 13 22 0.9119999408721924
2 13 13 22 0.8582075238227844
3 13 13 22 0.9210550785064697
0 45 13 22 25.495420455932617
1 45 13 22 0.9349461197853088
2 45 13 22 0.8633816838264465
3 45 13 22 0.8910283446311951
0 13 13 45 25.55216407775879
1 13 13 45 0.9312873482704163
2 13 13 45 0.8606683015823364
3 13 13 45 0.96489018201828
0 22 13 45 25.691082000732422
1 22 13 45 0.9440827369689941
2 22 13 45 0.8704150319099426
3 22 13 45 0.8898133635520935
0 27 14 5 25.053836822509766
1 27 14 5 0.8977437019348145
2 27 14 5 0.7866120338439941
3 27 14 5 0.8344389200210571
0 36 14 5 26.015926361083984
1 36 14 5 0.9175365567207336
2 36 14 5 0.8490192294120789
3 36 14 5 0.9112943410873413
0 5 14 27 26.017864227294922
1 5 14 27 0.9607493281364441
2 5 14 27 0.8665705323219299
3 5 14 27 0.912539005279541
0 36 14 27 25.39480972290039
1 36 14 27 0.884428083896637
2 36 14 27 0.8058406114578247
3 36 14 27 0.8455897569656372
0 5 14 36 25.833026885986328
1 5 14 36 0.9070010781288147
2 5 14 36 0.856050431728363
3 5 14 36 0.9158965945243835
0 27 14 36 24.51125717163086
1 27 14 36 0.862331748008728
2 27 14 36 0.7570955753326416
3 27 14 36 0.7615190744400024
0 24 15 12 25.664918899536133
1 24 15 12 0.9350531101226807
2 24 15 12 0.8827549815177917
3 24 15 12 1.0032886266708374
0 40 15 12 25.09772300720215
1 40 15 12 0.9259631037712097
2 40 15 12 0.8312334418296814
3 40 15 12 0.9185228943824768
0 12 15 24 25.314668655395508
1 12 15 24 0.8976329565048218
2 12 15 24 0.8663038611412048
3 12 15 24 0.9300940632820129
0 40 15 24 25.924009323120117
1 40 15 24 0.9198344945907593
2 40 15 24 0.8266452550888062
3 40 15 24 0.9078917503356934
0 12 15 40 24.730653762817383
1 12 15 40 0.887846827507019
2 12 15 40 0.8307044506072998
3 12 15 40 0.8836307525634766
0 24 15 40 25.673023223876953
1 24 15 40 0.9251441955566406
2 24 15 40 0.8488678336143494
3 24 15 40 0.9487062096595764
0 31 16 13 25.704151153564453
1 31 16 13 0.941878080368042
2 31 16 13 0.890413761138916
3 31 16 13 1.0329757928848267
0 42 16 13 25.342504501342773
1 42 16 13 0.9237057566642761
2 42 16 13 0.8120303750038147
3 42 16 13 0.8563825488090515
0 13 16 31 24.758359909057617
1 13 16 31 0.9119310975074768
2 13 16 31 0.8771415948867798
3 13 16 31 1.000841498374939
0 42 16 31 25.037038803100586
1 42 16 31 0.927351176738739
2 42 16 31 0.8465778231620789
3 42 16 31 0.880883514881134
0 13 16 42 25.05225944519043
1 13 16 42 0.9493959546089172
2 13 16 42 0.8768850564956665
3 13 16 42 0.9882565140724182
0 31 16 42 25.70551109313965
1 31 16 42 0.9555935859680176
2 31 16 42 0.8867838382720947
3 31 16 42 1.0257489681243896
0 22 17 4 25.04104232788086
1 22 17 4 0.9267053604125977
2 22 17 4 0.7916678786277771
3 22 17 4 0.822773814201355
0 36 17 4 24.850671768188477
1 36 17 4 0.8827084898948669
2 36 17 4 0.7670085430145264
3 36 17 4 0.7944771647453308
0 4 17 22 24.811044692993164
1 4 17 22 0.868903636932373
2 4 17 22 0.7355515360832214
3 4 17 22 0.7473027110099792
0 36 17 22 24.854413986206055
1 36 17 22 0.8710666298866272
2 36 17 22 0.7591651678085327
3 36 17 22 0.7791740298271179
0 4 17 36 24.992733001708984
1 4 17 36 0.8910283446311951
2 4 17 36 0.7654693722724915
3 4 17 36 0.7503448724746704
0 22 17 36 24.886112213134766
1 22 17 36 0.9075497388839722
2 22 17 36 0.8212958574295044
3 22 17 36 0.8554754257202148
0 30 18 1 25.11659049987793
1 30 18 1 0.9220482707023621
2 30 18 1 0.8613070249557495
3 30 18 1 0.9090603590011597
0 35 18 1 25.204456329345703
1 35 18 1 0.9141282439231873
2 35 18 1 0.8466545343399048
3 35 18 1 0.9022641181945801
0 1 18 30 25.331954956054688
1 1 18 30 0.9384828805923462
2 1 18 30 0.8479734063148499
3 1 18 30 0.9488028883934021
0 35 18 30 25.288742065429688
1 35 18 30 0.914247989654541
2 35 18 30 0.8322685360908508
3 35 18 30 0.8506155014038086
0 1 18 35 25.560665130615234
1 1 18 35 0.9087433218955994
2 1 18 35 0.8496913313865662
3 1 18 35 0.9358358979225159
0 30 18 35 25.594684600830078
1 30 18 35 0.9261478781700134
2 30 18 35 0.8454080820083618
3 30 18 35 0.9234567284584045
0 27 19 0 25.58616065979004
1 27 19 0 0.9206376075744629
2 27 19 0 0.8564721941947937
3 27 19 0 0.9095633029937744
0 33 19 0 25.2877254486084
1 33 19 0 0.8984990119934082
2 33 19 0 0.8215823173522949
3 33 19 0 0.8728531002998352
0 0 19 27 25.27817726135254
1 0 19 27 0.8941217660903931
2 0 19 27 0.8592553734779358
3 0 19 27 0.9723019003868103
0 33 19 27 25.315452575683594
1 33 19 27 0.9091366529464722
2 33 19 27 0.8368550539016724
3 33 19 27 0.8376834392547607
0 0 19 33 25.19049644470215
1 0 19 33 0.8984651565551758
2 0 19 33 0.8674532771110535
3 0 19 33 0.9615678787231445
0 27 19 33 25.536521911621094
1 27 19 33 0.9531292915344238
2 27 19 33 0.8869245648384094
3 27 19 33 0.9388613700866699
0 24 20 6 25.237937927246094
1 24 20 6 0.8940748572349548
2 24 20 6 0.823050856590271
3 24 20 6 0.9134923815727234
0 46 20 6 25.320173263549805
1 46 20 6 0.9299445748329163
2 46 20 6 0.8356751203536987
3 46 20 6 0.8605124950408936
0 6 20 24 26.046165466308594
1 6 20 24 0.9153815507888794
2 6 20 24 0.8571290969848633
3 6 20 24 0.9587097764015198
0 46 20 24 25.32438087463379
1 46 20 24 0.9430868029594421
2 46 20 24 0.8102419376373291
3 46 20 24 0.8327943086624146
0 6 20 46 25.18922996520996
1 6 20 46 0.9235723614692688
2 6 20 46 0.8532232642173767
3 6 20 46 0.9616250395774841
0 24 20 46 24.985593795776367
1 24 20 46 0.9450670480728149
2 24 20 46 0.8713075518608093
3 24 20 46 0.9319038987159729
0 20 21 9 25.539199829101562
1 20 21 9 0.8855422735214233
2 20 21 9 0.8203107714653015
3 20 21 9 0.8567720055580139
0 32 21 9 25.72629165649414
1 32 21 9 0.9174180626869202
2 32 21 9 0.8268368244171143
3 32 21 9 0.930896520614624
0 9 21 20 25.22107696533203
1 9 21 20 0.932084321975708
2 9 21 20 0.8632848858833313
3 9 21 20 0.9438637495040894
0 32 21 20 25.495601654052734
1 32 21 20 0.9345710873603821
2 32 21 20 0.8312310576438904
3 32 21 20 0.9474921822547913
0 9 21 32 25.49579429626465
1 9 21 32 0.915783703327179
2 9 21 32 0.8624059557914734
3 9 21 32 0.9311056733131409
0 20 21 32 25.502521514892578
1 20 21 32 0.8788642883300781
2 20 21 32 0.794090747833252
3 20 21 32 0.8520848751068115
0 29 22 14 25.501680374145508
1 29 22 14 0.9246187210083008
2 29 22 14 0.8248718976974487
3 29 22 14 0.8644999265670776
0 34 22 14 25.784034729003906
1 34 22 14 0.956139326095581
2 34 22 14 0.8730649352073669
3 34 22 14 0.8717879056930542
0 14 22 29 25.656496047973633
1 14 22 29 0.9543835520744324
2 14 22 29 0.8570265769958496
3 14 22 29 0.9038552045822144
0 34 22 29 25.740421295166016
1 34 22 29 0.9347379207611084
2 34 22 29 0.8264120221138
3 34 22 29 0.857502818107605
0 14 22 34 25.630643844604492
1 14 22 34 0.9683865308761597
2 14 22 34 0.8848440647125244
3 14 22 34 0.9433134198188782
0 29 22 34 25.40086555480957
1 29 22 34 0.9051394462585449
2 29 22 34 0.8325338363647461
3 29 22 34 0.8651728630065918
0 25 23 15 25.48308753967285
1 25 23 15 0.9044013023376465
2 25 23 15 0.8417419195175171
3 25 23 15 0.9071405529975891
0 47 23 15 24.95844841003418
1 47 23 15 0.9158684015274048
2 47 23 15 0.8356835842132568
3 47 23 15 0.9306533336639404
0 15 23 25 25.38500213623047
1 15 23 25 0.8985501527786255
2 15 23 25 0.8400845527648926
3 15 23 25 0.8932121992111206
0 47 23 25 25.588937759399414
1 47 23 25 0.956724226474762
2 47 23 25 0.8480680584907532
3 47 23 25 0.9053015112876892
0 15 23 47 25.472150802612305
1 15 23 47 0.9231671690940857
2 15 23 47 0.8438220024108887
3 15 23 47 0.933992326259613
0 25 23 47 25.039936065673828
1 25 23 47 0.9219985604286194
2 25 23 47 0.8411422371864319
3 25 23 47 0.901110827922821
0 21 24 2 25.107913970947266
1 21 24 2 0.9144960641860962
2 21 24 2 0.8725618124008179
3 21 24 2 0.9538341164588928
0 45 24 2 25.510196685791016
1 45 24 2 0.9144590497016907
2 45 24 2 0.8175318241119385
3 45 24 2 0.903443455696106
0 2 24 21 24.861207962036133
1 2 24 21 0.910921573638916
2 2 24 21 0.8040521740913391
3 2 24 21 0.7982376217842102
0 45 24 21 25.307287216186523
1 45 24 21 0.9368073344230652
2 45 24 21 0.8789961338043213
3 45 24 21 0.9093490839004517
0 2 24 45 24.729082107543945
1 2 24 45 0.8995053172111511
2 2 24 45 0.798537015914917
3 2 24 45 0.8272825479507446
0 21 24 45 25.081159591674805
1 21 24 45 0.9201743602752686
2 21 24 45 0.797164797782898
3 21 24 45 0.8513603806495667
0 19 25 11 25.205684661865234
1 19 25 11 0.8808678984642029
2 19 25 11 0.7725439667701721
3 19 25 11 0.8119145631790161
0 40 25 11 25.063562393188477
1 40 25 11 0.9099307060241699
2 40 25 11 0.811044454574585
3 40 25 11 0.8359553813934326
0 11 25 19 25.262968063354492
1 11 25 19 0.9155185222625732
2 11 25 19 0.8173353672027588
3 11 25 19 0.8764311075210571
0 40 25 19 25.16154670715332
1 40 25 19 0.9254885315895081
2 40 25 19 0.8482658267021179
3 40 25 19 0.8339030742645264
0 11 25 40 25.094974517822266
1 11 25 40 0.9028679728507996
2 11 25 40 0.7859064340591431
3 11 25 40 0.8645426034927368
0 19 25 40 24.996864318847656
1 19 25 40 0.9112535119056702
2 19 25 40 0.7630371451377869
3 19 25 40 0.7622341513633728
0 17 26 7 25.389799118041992
1 17 26 7 0.8899549841880798
2 17 26 7 0.8483060002326965
3 17 26 7 0.8889158964157104
0 37 26 7 25.1093692779541
1 37 26 7 0.8959270715713501
2 37 26 7 0.8301494121551514
3 37 26 7 0.8760759234428406
0 7 26 17 25.72511100769043
1 7 26 17 0.9463211894035339
2 7 26 17 0.8670945763587952
3 7 26 17 0.9825625419616699
0 37 26 17 25.178302764892578
1 37 26 17 0.8939034342765808
2 37 26 17 0.7981167435646057
3 37 26 17 0.8137176036834717
0 7 26 37 25.724761962890625
1 7 26 37 0.9868592023849487
2 7 26 37 0.892003059387207
3 7 26 37 1.0418384075164795
0 17 26 37 25.366498947143555
1 17 26 37 0.9512973427772522
2 17 26 37 0.8568328619003296
3 17 26 37 0.8912928700447083
0 18 27 3 25.515003204345703
1 18 27 3 0.9520976543426514
2 18 27 3 0.8951253294944763
3 18 27 3 1.0270390510559082
0 44 27 3 25.16029167175293
1 44 27 3 0.9215631484985352
2 44 27 3 0.8370553851127625
3 44 27 3 0.9042803049087524
0 3 27 18 24.972461700439453
1 3 27 18 0.9249126315116882
2 3 27 18 0.8622846603393555
3 3 27 18 0.9386386275291443
0 44 27 18 25.660673141479492
1 44 27 18 0.9460344314575195
2 44 27 18 0.8609654903411865
3 44 27 18 0.933720588684082
0 3 27 44 25.277002334594727
1 3 27 44 0.9478123188018799
2 3 27 44 0.8961136937141418
3 3 27 44 0.9502719640731812
0 18 27 44 24.936161041259766
1 18 27 44 0.9696952104568481
2 18 27 44 0.9150004982948303
3 18 27 44 1.0184065103530884
0 23 28 5 25.656558990478516
1 23 28 5 0.9420102834701538
2 23 28 5 0.9203699827194214
3 23 28 5 1.047245740890503
0 39 28 5 24.818267822265625
1 39 28 5 0.9301198720932007
2 39 28 5 0.8561538457870483
3 39 28 5 0.9022748470306396
0 5 28 23 25.854541778564453
1 5 28 23 0.9340013265609741
2 5 28 23 0.866022527217865
3 5 28 23 0.973567545413971
0 39 28 23 25.6877498626709
1 39 28 23 0.9254889488220215
2 39 28 23 0.8781368136405945
3 39 28 23 0.9435111284255981
0 5 28 39 25.10451316833496
1 5 28 39 0.9051198363304138
2 5 28 39 0.8406692147254944
3 5 28 39 0.9379534125328064
0 23 28 39 24.988567352294922
1 23 28 39 0.9243701100349426
2 23 28 39 0.862506091594696
3 23 28 39 0.975477397441864
0 26 29 8 24.942224502563477
1 26 29 8 0.8778347969055176
2 26 29 8 0.7660538554191589
3 26 29 8 0.736384391784668
0 38 29 8 25.398529052734375
1 38 29 8 0.910487711429596
2 38 29 8 0.8013945817947388
3 38 29 8 0.7665292620658875
0 8 29 26 24.632083892822266
1 8 29 26 0.8716477155685425
2 8 29 26 0.7590866088867188
3 8 29 26 0.700210452079773
0 38 29 26 24.980310440063477
1 38 29 26 0.8772363662719727
2 38 29 26 0.7836381793022156
3 38 29 26 0.7675220370292664
0 8 29 38 25.029428482055664
1 8 29 38 0.8979980945587158
2 8 29 38 0.7291056513786316
3 8 29 38 0.6928107738494873
0 26 29 38 25.561267852783203
1 26 29 38 0.8926941156387329
2 26 29 38 0.7651962637901306
3 26 29 38 0.7082992196083069
0 16 30 12 25.414325714111328
1 16 30 12 0.9247484803199768
2 16 30 12 0.8057751655578613
3 16 30 12 0.8730513453483582
0 41 30 12 25.739587783813477
1 41 30 12 0.935055673122406
2 41 30 12 0.8166072368621826
3 41 30 12 0.8637387752532959
0 12 30 16 24.544097900390625
1 12 30 16 0.8888474702835083
2 12 30 16 0.8298715949058533
3 12 30 16 0.8592830896377563
0 41 30 16 25.65806770324707
1 41 30 16 0.9037834405899048
2 41 30 16 0.8220442533493042
3 41 30 16 0.878291666507721
0 12 30 41 25.28352165222168
1 12 30 41 0.9220262169837952
2 12 30 41 0.8653588891029358
3 12 30 41 0.8796951770782471
0 16 30 41 25.193220138549805
1 16 30 41 0.9031164646148682
2 16 30 41 0.8284887075424194
3 16 30 41 0.897592306137085
0 28 31 10 25.55158805847168
1 28 31 10 0.949779748916626
2 28 31 10 0.8880613446235657
3 28 31 10 1.0001459121704102
0 43 31 10 25.50929832458496
1 43 31 10 0.8994656205177307
2 43 31 10 0.8606385588645935
3 43 31 10 0.9072354435920715
0 10 31 28 25.011611938476562
1 10 31 28 0.9233537316322327
2 10 31 28 0.8351680040359497
3 10 31 28 0.8440932631492615
0 43 31 28 25.44358253479004
1 43 31 28 0.9137759208679199
2 43 31 28 0.8614524006843567
3 43 31 28 0.9958682060241699
0 10 31 43 24.647703170776367
1 10 31 43 0.8863250017166138
2 10 31 43 0.827400803565979
3 10 31 43 0.8169878125190735
0 28 31 43 25.581071853637695
1 28 31 43 0.940625786781311
2 28 31 43 0.9110425710678101
3 28 31 43 1.0143386125564575
0 23 32 7 24.944089889526367
1 23 32 7 0.9362045526504517
2 23 32 7 0.8167710304260254
3 23 32 7 0.8679624795913696
0 33 32 7 25.00123405456543
1 33 32 7 0.9292517304420471
2 33 32 7 0.8631307482719421
3 33 32 7 0.8774187564849854
0 7 32 23 25.290658950805664
1 7 32 23 0.9116538166999817
2 7 32 23 0.8090110421180725
3 7 32 23 0.807967483997345
0 33 32 23 25.500078201293945
1 33 32 23 0.9174522757530212
2 33 32 23 0.8298084735870361
3 33 32 23 0.9433669447898865
0 7 32 33 25.08571434020996
1 7 32 33 0.8990350961685181
2 7 32 33 0.8054348230361938
3 7 32 33 0.799734890460968
0 23 32 33 25.321840286254883
1 23 32 33 0.9065134525299072
2 23 32 33 0.7827243804931641
3 23 32 33 0.8445997834205627
0 24 33 5 25.182785034179688
1 24 33 5 0.9578174352645874
2 24 33 5 0.8655123114585876
3 24 33 5 0.9010297060012817
0 35 33 5 25.88197135925293
1 35 33 5 0.9440001845359802
2 35 33 5 0.8614393472671509
3 35 33 5 0.9639933705329895
0 5 33 24 25.066852569580078
1 5 33 24 0.9165662527084351
2 5 33 24 0.8047320246696472
3 5 33 24 0.8142168521881104
0 35 33 24 25.89826011657715
1 35 33 24 0.9429746270179749
2 35 33 24 0.8840339779853821
3 35 33 24 0.9760712385177612
0 5 33 35 25.364980697631836
1 5 33 35 0.9287347197532654
2 5 33 35 0.8210598230361938
3 5 33 35 0.8381006121635437
0 24 33 35 25.726947784423828
1 24 33 35 0.9318326711654663
2 24 33 35 0.8339221477508545
3 24 33 35 0.905576765537262
0 18 34 8 25.432262420654297
1 18 34 8 0.9171990156173706
2 18 34 8 0.873537540435791
3 18 34 8 0.9091054797172546
0 42 34 8 25.083526611328125
1 42 34 8 0.9356600046157837
2 42 34 8 0.895896315574646
3 42 34 8 0.9524179697036743
0 8 34 18 24.598114013671875
1 8 34 18 0.9364518523216248
2 8 34 18 0.8802990317344666
3 8 34 18 0.9386122822761536
0 42 34 18 25.164363861083984
1 42 34 18 0.9111611247062683
2 42 34 18 0.8755165934562683
3 42 34 18 0.9804829359054565
0 8 34 42 25.44472312927246
1 8 34 42 0.9189650416374207
2 8 34 42 0.8779730200767517
3 8 34 42 0.9327582120895386
0 18 34 42 25.698562622070312
1 18 34 42 0.9300859570503235
2 18 34 42 0.8428012728691101
3 18 34 42 0.9486228823661804
0 19 35 0 25.50686264038086
1 19 35 0 0.9135252833366394
2 19 35 0 0.8392820954322815
3 19 35 0 0.9375545978546143
0 45 35 0 25.17108917236328
1 45 35 0 0.9032547473907471
2 45 35 0 0.8178026080131531
3 45 35 0 0.8723861575126648
0 0 35 19 25.720094680786133
1 0 35 19 0.9162284731864929
2 0 35 19 0.8097629547119141
3 0 35 19 0.9172284603118896
0 45 35 19 25.204940795898438
1 45 35 19 0.9182240962982178
2 45 35 19 0.8148018717765808
3 45 35 19 0.8884360194206238
0 0 35 45 25.236034393310547
1 0 35 45 0.9141691327095032
2 0 35 45 0.8231990933418274
3 0 35 45 0.8588137030601501
0 19 35 45 25.097686767578125
1 19 35 45 0.9265663027763367
2 19 35 45 0.8550971746444702
3 19 35 45 0.9255761504173279
0 26 36 13 26.062429428100586
1 26 36 13 0.9422153234481812
2 26 36 13 0.8458898067474365
3 26 36 13 0.8585365414619446
0 41 36 13 25.364091873168945
1 41 36 13 0.9190014004707336
2 41 36 13 0.7992233633995056
3 41 36 13 0.808788537979126
0 13 36 26 25.29914093017578
1 13 36 26 0.9171675443649292
2 13 36 26 0.8337516188621521
3 13 36 26 0.8010603189468384
0 41 36 26 25.17290496826172
1 41 36 26 0.883264422416687
2 41 36 26 0.8139968514442444
3 41 36 26 0.842268168926239
0 13 36 41 25.693077087402344
1 13 36 41 0.9252622723579407
2 13 36 41 0.8319209218025208
3 13 36 41 0.8496381044387817
0 26 36 41 25.30040740966797
1 26 36 41 0.9140007495880127
2 26 36 41 0.8343250155448914
3 26 36 41 0.8781976103782654
0 21 37 6 24.457172393798828
1 21 37 6 0.9159295558929443
2 21 37 6 0.7962056994438171
3 21 37 6 0.8372625112533569
0 38 37 6 25.415294647216797
1 38 37 6 0.8846251964569092
2 38 37 6 0.7760437726974487
3 38 37 6 0.8323606848716736
0 6 37 21 24.558414459228516
1 6 37 21 0.9049089550971985
2 6 37 21 0.7796260118484497
3 6 37 21 0.8340009450912476
0 38 37 21 25.355712890625
1 38 37 21 0.9366190433502197
2 38 37 21 0.8310543298721313
3 38 37 21 0.8279624581336975
0 6 37 38 24.87906837463379
1 6 37 38 0.8612584471702576
2 6 37 38 0.7739567756652832
3 6 37 38 0.8023341298103333
0 21 37 38 24.926557540893555
1 21 37 38 0.8985265493392944
2 21 37 38 0.796202540397644
3 21 37 38 0.8200560808181763
0 17 38 12 25.219282150268555
1 17 38 12 0.892540693283081
2 17 38 12 0.8295647501945496
3 17 38 12 0.8450666666030884
0 34 38 12 25.76543426513672
1 34 38 12 0.9470926523208618
2 34 38 12 0.8825947046279907
3 34 38 12 0.9819914102554321
0 12 38 17 25.162649154663086
1 12 38 17 0.9252042770385742
2 12 38 17 0.8411117196083069
3 12 38 17 0.9121686816215515
0 34 38 17 25.808795928955078
1 34 38 17 0.9300053119659424
2 34 38 17 0.8910747170448303
3 34 38 17 0.9812378287315369
0 12 38 34 25.439926147460938
1 12 38 34 0.929282009601593
2 12 38 34 0.887404203414917
3 12 38 34 0.9763193726539612
0 17 38 34 25.639728546142578
1 17 38 34 0.9304232597351074
2 17 38 34 0.8802302479743958
3 17 38 34 0.9159755110740662
0 25 39 3 26.008028030395508
1 25 39 3 0.9715961813926697
2 25 39 3 0.9134670495986938
3 25 39 3 1.0151854753494263
0 39 39 3 25.248817443847656
1 39 39 3 0.9353348016738892
2 39 39 3 0.8827170729637146
3 39 39 3 0.9331641793251038
0 3 39 25 24.987110137939453
1 3 39 25 0.9134518504142761
2 3 39 25 0.8420885801315308
3 3 39 25 0.8933674097061157
0 39 39 25 25.578453063964844
1 39 39 25 0.9384934902191162
2 39 39 25 0.8889997005462646
3 39 39 25 0.9605373740196228
0 3 39 39 24.972990036010742
1 3 39 39 0.9554017782211304
2 3 39 39 0.8612791895866394
3 3 39 39 0.8959127068519592
0 25 39 39 26.026235580444336
1 25 39 39 0.9590352177619934
2 25 39 39 0.9004561901092529
3 25 39 39 0.9970320463180542
0 28 40 15 25.209388732910156
1 28 40 15 0.9227133989334106
2 28 40 15 0.8609922528266907
3 28 40 15 0.9331348538398743
0 37 40 15 25.643735885620117
1 37 40 15 0.9548991322517395
2 37 40 15 0.9174903035163879
3 37 40 15 1.0062083005905151
0 15 40 28 24.889280319213867
1 15 40 28 0.90438312292099
2 15 40 28 0.825325071811676
3 15 40 28 0.9015666246414185
0 37 40 28 25.503080368041992
1 37 40 28 0.9347910284996033
2 37 40 28 0.8938277363777161
3 37 40 28 1.0197131633758545
0 15 40 37 24.618289947509766
1 15 40 37 0.9271605014801025
2 15 40 37 0.8391597867012024
3 15 40 37 0.9167439937591553
0 28 40 37 25.19926643371582
1 28 40 37 0.8962510228157043
2 28 40 37 0.8516724705696106
3 28 40 37 0.9546021819114685
0 20 41 14 25.131023406982422
1 20 41 14 0.9279507994651794
2 20 41 14 0.8932757377624512
3 20 41 14 0.9861486554145813
0 47 41 14 25.090002059936523
1 47 41 14 0.915432333946228
2 47 41 14 0.8430256843566895
3 47 41 14 0.9029248356819153
0 14 41 20 25.97964859008789
1 14 41 20 0.9344284534454346
2 14 41 20 0.8744925856590271
3 14 41 20 0.9876777529716492
0 47 41 20 25.042098999023438
1 47 41 20 0.9084894061088562
2 47 41 20 0.8236703872680664
3 47 41 20 0.8884024620056152
0 14 41 47 25.62128257751465
1 14 41 47 0.9264150261878967
2 14 41 47 0.8457744121551514
3 14 41 47 0.9694197177886963
0 20 41 47 24.995946884155273
1 20 41 47 0.9247339963912964
2 20 41 47 0.9013835191726685
3 20 41 47 0.9873237013816833
0 22 42 10 24.904985427856445
1 22 42 10 0.9325618147850037
2 22 42 10 0.7968499064445496
3 22 42 10 0.8114124536514282
0 44 42 10 25.469388961791992
1 44 42 10 0.9479655623435974
2 44 42 10 0.8656320571899414
3 44 42 10 0.9428696036338806
0 10 42 22 24.84659194946289
1 10 42 22 0.95418381690979
2 10 42 22 0.8417743444442749
3 10 42 22 0.8964259028434753
0 44 42 22 25.418603897094727
1 44 42 22 0.9512658715248108
2 44 42 22 0.8785869479179382
3 44 42 22 0.9948924779891968
0 10 42 44 25.261226654052734
1 10 42 44 0.8886572122573853
2 10 42 44 0.7975776791572571
3 10 42 44 0.903455913066864
0 22 42 44 25.176856994628906
1 22 42 44 0.8808079957962036
2 22 42 44 0.7705176472663879
3 22 42 44 0.8357499241828918
0 16 43 2 25.308086395263672
1 16 43 2 0.911512017250061
2 16 43 2 0.8110731244087219
3 16 43 2 0.8463636636734009
0 46 43 2 25.329729080200195
1 46 43 2 0.9169030785560608
2 46 43 2 0.8298198580741882
3 46 43 2 0.8935941457748413
0 2 43 16 24.690616607666016
1 2 43 16 0.8682230710983276
2 2 43 16 0.7427701950073242
3 2 43 16 0.7411277294158936
0 46 43 16 25.653074264526367
1 46 43 16 0.9454197287559509
2 46 43 16 0.8547084331512451
3 46 43 16 0.9171336889266968
0 2 43 46 24.446815490722656
1 2 43 46 0.9059137105941772
2 2 43 46 0.774562656879425
3 2 43 46 0.773891031742096
0 16 43 46 25.78081703186035
1 16 43 46 0.917778730392456
2 16 43 46 0.7930526733398438
3 16 43 46 0.8286030292510986
0 27 44 4 25.06748390197754
1 27 44 4 0.8967328071594238
2 27 44 4 0.8359410762786865
3 27 44 4 0.8863697052001953
0 43 44 4 24.74500846862793
1 43 44 4 0.8992347121238708
2 43 44 4 0.8316763043403625
3 43 44 4 0.9001927375793457
0 4 44 27 24.978246688842773
1 4 44 27 0.8878472447395325
2 4 44 27 0.7945207357406616
3 4 44 27 0.8468258380889893
0 43 44 27 25.536235809326172
1 43 44 27 0.9263809323310852
2 43 44 27 0.8526087403297424
3 43 44 27 0.8986964821815491
0 4 44 43 24.591182708740234
1 4 44 43 0.8721196055412292
2 4 44 43 0.7865389585494995
3 4 44 43 0.8625681400299072
0 27 44 43 25.115020751953125
1 27 44 43 0.9093056917190552
2 27 44 43 0.8426401019096375
3 27 44 43 0.9532443881034851
0 31 45 11 25.01970100402832
1 31 45 11 0.8840146064758301
2 31 45 11 0.781072199344635
3 31 45 11 0.8037992715835571
0 32 45 11 25.10071563720703
1 32 45 11 0.8979376554489136
2 32 45 11 0.8610327839851379
3 32 45 11 0.8971086740493774
0 11 45 31 24.956785202026367
1 11 45 31 0.8902004361152649
2 11 45 31 0.78867506980896
3 11 45 31 0.8351796865463257
0 32 45 31 25.516016006469727
1 32 45 31 0.9452244639396667
2 32 45 31 0.8678852319717407
3 32 45 31 0.9270440936088562
0 11 45 32 24.692916870117188
1 11 45 32 0.850144624710083
2 11 45 32 0.7670332789421082
3 11 45 32 0.8001828193664551
0 31 45 32 25.302186965942383
1 31 45 32 0.9005457162857056
2 31 45 32 0.7995907068252563
3 31 45 32 0.8619561195373535
0 29 46 1 25.038658142089844
1 29 46 1 0.8857089281082153
2 29 46 1 0.7932462692260742
3 29 46 1 0.8086848855018616
0 40 46 1 25.61438751220703
1 40 46 1 0.9426566362380981
2 40 46 1 0.8487291932106018
3 40 46 1 0.8669499754905701
0 1 46 29 25.31540870666504
1 1 46 29 0.9056171178817749
2 1 46 29 0.8185417652130127
3 1 46 29 0.8437944054603577
0 40 46 29 25.861562728881836
1 40 46 29 0.9215584397315979
2 40 46 29 0.833600640296936
3 40 46 29 0.8406673073768616
0 1 46 40 25.199905395507812
1 1 46 40 0.886660099029541
2 1 46 40 0.8238286375999451
3 1 46 40 0.8295304179191589
0 29 46 40 25.067237854003906
1 29 46 40 0.874944269657135
2 29 46 40 0.7507526874542236
3 29 46 40 0.7315276861190796
0 30 47 9 25.42048454284668
1 30 47 9 0.9104615449905396
2 30 47 9 0.8615012764930725
3 30 47 9 0.9579617977142334
0 36 47 9 25.177318572998047
1 36 47 9 0.9066147208213806
2 36 47 9 0.8274727463722229
3 36 47 9 0.9005178213119507
0 9 47 30 25.59340476989746
1 9 47 30 0.9267014861106873
2 9 47 30 0.850295901298523
3 9 47 30 0.8801780939102173
0 36 47 30 25.298006057739258
1 36 47 30 0.9531671404838562
2 36 47 30 0.870207667350769
3 36 47 30 0.9381760358810425
0 9 47 36 25.550371170043945
1 9 47 36 0.9182156324386597
2 9 47 36 0.8420957326889038
3 9 47 36 0.8615288138389587
0 30 47 36 25.258207321166992
1 30 47 36 0.9659936428070068
2 30 47 36 0.8874024748802185
3 30 47 36 1.0270425081253052
0 17 48 9 25.404354095458984
1 17 48 9 0.9130963683128357
2 17 48 9 0.8075222373008728
3 17 48 9 0.8497183918952942
0 35 48 9 25.72025489807129
1 35 48 9 0.907377302646637
2 35 48 9 0.813826322555542
3 35 48 9 0.8577311038970947
0 9 48 17 25.126468658447266
1 9 48 17 0.916549563407898
2 9 48 17 0.8216468095779419
3 9 48 17 0.9380826354026794
0 35 48 17 25.344966888427734
1 35 48 17 0.908576250076294
2 35 48 17 0.7940676808357239
3 35 48 17 0.852239191532135
0 9 48 35 25.363101959228516
1 9 48 35 0.9390397071838379
2 9 48 35 0.8454641103744507
3 9 48 35 0.9462645053863525
0 17 48 35 25.65944480895996
1 17 48 35 0.9165783524513245
2 17 48 35 0.8255629539489746
3 17 48 35 0.8507353067398071
0 22 49 3 25.20285987854004
1 22 49 3 0.9257516264915466
2 22 49 3 0.7920843362808228
3 22 49 3 0.782002866268158
0 43 49 3 25.934907913208008
1 43 49 3 0.9119061231613159
2 43 49 3 0.8128188252449036
3 43 49 3 0.838215708732605
0 3 49 22 25.0572566986084
1 3 49 22 0.9132398962974548
2 3 49 22 0.8161231279373169
3 3 49 22 0.8614554405212402
0 43 49 22 25.304397583007812
1 43 49 22 0.9225324988365173
2 43 49 22 0.831526517868042
3 43 49 22 0.8457213044166565
0 3 49 43 25.56519317626953
1 3 49 43 0.8914393186569214
2 3 49 43 0.7846160531044006
3 3 49 43 0.8156512379646301
0 22 49 43 25.18614387512207
1 22 49 43 0.9246934652328491
2 22 49 43 0.7959758639335632
3 22 49 43 0.8259046673774719
0 28 50 8 25.30890655517578
1 28 50 8 0.92889404296875
2 28 50 8 0.8905149102210999
3 28 50 8 0.976729691028595
0 39 50 8 24.727670669555664
1 39 50 8 0.8990150690078735
2 39 50 8 0.8230142593383789
3 39 50 8 0.8649728298187256
0 8 50 28 25.847610473632812
1 8 50 28 0.9120579957962036
2 8 50 28 0.8245424628257751
3 8 50 28 0.9002984166145325
0 39 50 28 25.739280700683594
1 39 50 28 0.9186676144599915
2 39 50 28 0.8283010721206665
3 39 50 28 0.8757613301277161
0 8 50 39 24.931108474731445
1 8 50 39 0.9260663390159607
2 8 50 39 0.8523808121681213
3 8 50 39 0.9507088661193848
0 28 50 39 25.458993911743164
1 28 50 39 0.9601129293441772
2 28 50 39 0.8851478695869446
3 28 50 39 0.9629762172698975
0 26 51 1 24.718114852905273
1 26 51 1 0.8768095970153809
2 26 51 1 0.8001385927200317
3 26 51 1 0.8653538823127747
0 37 51 1 25.048643112182617
1 37 51 1 0.9221526384353638
2 37 51 1 0.8904440402984619
3 37 51 1 0.9790570735931396
0 1 51 26 25.074342727661133
1 1 51 26 0.8870357871055603
2 1 51 26 0.8437210917472839
3 1 51 26 0.9424718022346497
0 37 51 26 25.533143997192383
1 37 51 26 0.8922435641288757
2 37 51 26 0.8254199624061584
3 37 51 26 0.856143593788147
0 1 51 37 25.56588363647461
1 1 51 37 0.9039952754974365
2 1 51 37 0.829155445098877
3 1 51 37 0.937117874622345
0 26 51 37 25.387062072753906
1 26 51 37 0.9024372100830078
2 26 51 37 0.8159022927284241
3 26 51 37 0.865337073802948
0 29 52 7 25.205211639404297
1 29 52 7 0.9259016513824463
2 29 52 7 0.8661717176437378
3 29 52 7 0.889682412147522
0 41 52 7 25.361896514892578
1 41 52 7 0.9301069974899292
2 41 52 7 0.8636645078659058
3 41 52 7 0.8984282612800598
0 7 52 29 24.994857788085938
1 7 52 29 0.9152369499206543
2 7 52 29 0.8065446615219116
3 7 52 29 0.8312296867370605
0 41 52 29 25.7336368560791
1 41 52 29 0.8818454742431641
2 41 52 29 0.8220413327217102
3 41 52 29 0.8515388369560242
0 7 52 41 25.023164749145508
1 7 52 41 0.8970233798027039
2 7 52 41 0.7987145185470581
3 7 52 41 0.8289724588394165
0 29 52 41 25.481128692626953
1 29 52 41 0.8845310807228088
2 29 52 41 0.8132837414741516
3 29 52 41 0.8538150191307068
0 27 53 11 25.072237014770508
1 27 53 11 0.8798133730888367
2 27 53 11 0.8217926025390625
3 27 53 11 0.902887761592865
0 42 53 11 25.112228393554688
1 42 53 11 0.921220600605011
2 42 53 11 0.8312538266181946
3 42 53 11 0.9101940393447876
0 11 53 27 24.93398094177246
1 11 53 27 0.897670328617096
2 11 53 27 0.8114856481552124
3 11 53 27 0.8552497029304504
0 42 53 27 25.51848030090332
1 42 53 27 0.9118994474411011
2 42 53 27 0.8811136484146118
3 42 53 27 0.9706565141677856
0 11 53 42 25.478702545166016
1 11 53 42 0.9372612237930298
2 11 53 42 0.8136692643165588
3 11 53 42 0.8804264664649963
0 27 53 42 25.47381591796875
1 27 53 42 0.9000614881515503
2 27 53 42 0.8250144124031067
3 27 53 42 0.8908566832542419
0 19 54 10 25.33371925354004
1 19 54 10 0.8753134608268738
2 19 54 10 0.8093163371086121
3 19 54 10 0.9238367080688477
0 36 54 10 24.285316467285156
1 36 54 10 0.9032031893730164
2 36 54 10 0.8071617484092712
3 36 54 10 0.8696870803833008
0 10 54 19 25.52591896057129
1 10 54 19 0.8961532115936279
2 10 54 19 0.805298388004303
3 10 54 19 0.9000477194786072
0 36 54 19 24.714496612548828
1 36 54 19 0.9160831570625305
2 36 54 19 0.8533923625946045
3 36 54 19 0.9306473135948181
0 10 54 36 25.658245086669922
1 10 54 36 0.9257227182388306
2 10 54 36 0.8399701714515686
3 10 54 36 0.9136950373649597
0 19 54 36 24.722087860107422
1 19 54 36 0.9101001620292664
2 19 54 36 0.7992793321609497
3 19 54 36 0.8724101781845093
0 18 55 0 25.332523345947266
1 18 55 0 0.9051900506019592
2 18 55 0 0.8294922709465027
3 18 55 0 0.8350632786750793
0 34 55 0 25.674312591552734
1 34 55 0 0.8725939989089966
2 34 55 0 0.8378921151161194
3 34 55 0 0.9319405555725098
0 0 55 18 25.463422775268555
1 0 55 18 0.932799220085144
2 0 55 18 0.8980085253715515
3 0 55 18 0.9286022782325745
0 34 55 18 24.879436492919922
1 34 55 18 0.9406634569168091
2 34 55 18 0.8715080618858337
3 34 55 18 0.9439733028411865
0 0 55 34 25.742633819580078
1 0 55 34 0.9181060194969177
2 0 55 34 0.8761666417121887
3 0 55 34 0.9485048651695251
0 18 55 34 25.42009735107422
1 18 55 34 0.9590269923210144
2 18 55 34 0.913568377494812
3 18 55 34 0.9896069765090942
0 30 56 14 26.26044273376465
1 30 56 14 0.9667654037475586
2 30 56 14 0.9133711457252502
3 30 56 14 0.9603525400161743
0 38 56 14 25.04552459716797
1 38 56 14 0.8982925415039062
2 38 56 14 0.8189724087715149
3 38 56 14 0.8233464956283569
0 14 56 30 24.995981216430664
1 14 56 30 0.8952751159667969
2 14 56 30 0.7853638529777527
3 14 56 30 0.82750403881073
0 38 56 30 25.316038131713867
1 38 56 30 0.9323831796646118
2 38 56 30 0.8338464498519897
3 38 56 30 0.842707633972168
0 14 56 38 25.13373565673828
1 14 56 38 0.8960694670677185
2 14 56 38 0.8093098998069763
3 14 56 38 0.8180293440818787
0 30 56 38 25.869062423706055
1 30 56 38 0.9896053671836853
2 30 56 38 0.8791393041610718
3 30 56 38 0.9175309538841248
0 31 57 15 25.180139541625977
1 31 57 15 0.8965005278587341
2 31 57 15 0.7829004526138306
3 31 57 15 0.822041392326355
0 40 57 15 25.17246437072754
1 40 57 15 0.9043887853622437
2 40 57 15 0.847361147403717
3 40 57 15 0.8679710626602173
0 15 57 31 25.60256576538086
1 15 57 31 0.9183745384216309
2 15 57 31 0.8065909743309021
3 15 57 31 0.8035680651664734
0 40 57 31 25.050893783569336
1 40 57 31 0.9120335578918457
2 40 57 31 0.8193998336791992
3 40 57 31 0.848962664604187
0 15 57 40 25.345937728881836
1 15 57 40 0.8974563479423523
2 15 57 40 0.8165251016616821
3 15 57 40 0.8169262409210205
0 31 57 40 25.07769012451172
1 31 57 40 0.9226862788200378
2 31 57 40 0.8044764399528503
3 31 57 40 0.8313671946525574
0 25 58 4 25.0477237701416
1 25 58 4 0.8887785077095032
2 25 58 4 0.8355345726013184
3 25 58 4 0.9111955761909485
0 32 58 4 25.113536834716797
1 32 58 4 0.9013598561286926
2 32 58 4 0.8295930624008179
3 32 58 4 0.8846680521965027
0 4 58 25 25.447364807128906
1 4 58 25 0.9041601419448853
2 4 58 25 0.8115553855895996
3 4 58 25 0.8661450147628784
0 32 58 25 25.21391487121582
1 32 58 25 0.9236021041870117
2 32 58 25 0.8463742136955261
3 32 58 25 0.8741413950920105
0 4 58 32 25.084884643554688
1 4 58 32 0.934929370880127
2 4 58 32 0.8057795763015747
3 4 58 32 0.857323408126831
0 25 58 32 25.162120819091797
1 25 58 32 0.9079509377479553
2 25 58 32 0.786527156829834
3 25 58 32 0.8438007831573486
0 24 59 2 25.686092376708984
1 24 59 2 0.9355308413505554
2 24 59 2 0.8316939473152161
3 24 59 2 0.9140323996543884
0 44 59 2 25.197614669799805
1 44 59 2 0.9072147011756897
2 44 59 2 0.8304427862167358
3 44 59 2 0.9039226770401001
0 2 59 24 25.699609756469727
1 2 59 24 0.9367051720619202
2 2 59 24 0.8253555297851562
3 2 59 24 0.8990147709846497
0 44 59 24 25.29207992553711
1 44 59 24 0.9196473360061646
2 44 59 24 0.8485209345817566
3 44 59 24 0.9232115149497986
0 2 59 44 25.852584838867188
1 2 59 44 0.9595921635627747
2 2 59 44 0.8705216646194458
3 2 59 44 0.9244357943534851
0 24 59 44 25.377702713012695
1 24 59 44 0.9381659626960754
2 24 59 44 0.8586862087249756
3 24 59 44 0.9407442808151245
0 20 60 12 25.199827194213867
1 20 60 12 0.9291744232177734
2 20 60 12 0.8107925057411194
3 20 60 12 0.8283357620239258
0 33 60 12 25.00578498840332
1 33 60 12 0.8969436883926392
2 33 60 12 0.8035064935684204
3 33 60 12 0.7976757287979126
0 12 60 20 25.767541885375977
1 12 60 20 0.9319027662277222
2 12 60 20 0.8075173497200012
3 12 60 20 0.8446391224861145
0 33 60 20 24.911256790161133
1 33 60 20 0.9186108112335205
2 33 60 20 0.8152611255645752
3 33 60 20 0.7675871253013611
0 12 60 33 25.653745651245117
1 12 60 33 0.9169936776161194
2 12 60 33 0.8157710433006287
3 12 60 33 0.8457759022712708
0 20 60 33 25.180322647094727
1 20 60 33 0.919725239276886
2 20 60 33 0.8192406296730042
3 20 60 33 0.8111064434051514
0 23 61 13 25.826892852783203
1 23 61 13 0.928291916847229
2 23 61 13 0.8780389428138733
3 23 61 13 0.9790315628051758
0 47 61 13 25.364351272583008
1 47 61 13 0.922984778881073
2 47 61 13 0.8677532076835632
3 47 61 13 0.9542545080184937
0 13 61 23 25.249780654907227
1 13 61 23 0.9103943109512329
2 13 61 23 0.8628705143928528
3 13 61 23 0.9863899946212769
0 47 61 23 25.44515609741211
1 47 61 23 0.9239602088928223
2 47 61 23 0.8474198579788208
3 47 61 23 0.9486808776855469
0 13 61 47 24.78278160095215
1 13 61 47 0.9234587550163269
2 13 61 47 0.865312933921814
3 13 61 47 0.9556360244750977
0 23 61 47 25.433658599853516
1 23 61 47 0.9221013784408569
2 23 61 47 0.8484595417976379
3 23 61 47 0.9884359240531921
0 16 62 6 25.419279098510742
1 16 62 6 0.9193902015686035
2 16 62 6 0.8415665030479431
3 16 62 6 0.8884216547012329
0 45 62 6 26.04111671447754
1 45 62 6 0.9727514982223511
2 45 62 6 0.8873948454856873
3 45 62 6 0.932736873626709
0 6 62 16 25.487491607666016
1 6 62 16 0.9208594560623169
2 6 62 16 0.8440915942192078
3 6 62 16 0.9128371477127075
0 45 62 16 25.60247039794922
1 45 62 16 0.9105198383331299
2 45 62 16 0.82479327917099
3 45 62 16 0.9077385067939758
0 6 62 45 25.104616165161133
1 6 62 45 0.9264695048332214
2 6 62 45 0.8369261026382446
3 6 62 45 0.9036170840263367
0 16 62 45 25.17240333557129
1 16 62 45 0.935629665851593
2 16 62 45 0.8504229784011841
3 16 62 45 0.8997615575790405
0 21 63 5 25.24607276916504
1 21 63 5 0.9070643186569214
2 21 63 5 0.7896457314491272
3 21 63 5 0.8303344249725342
0 46 63 5 24.85080337524414
1 46 63 5 0.8592236638069153
2 46 63 5 0.7103831171989441
3 46 63 5 0.7176001071929932
0 5 63 21 25.77198600769043
1 5 63 21 0.9082445502281189
2 5 63 21 0.801423192024231
3 5 63 21 0.8525499105453491
0 46 63 21 24.62541961669922
1 46 63 21 0.8673442602157593
2 46 63 21 0.7240064740180969
3 46 63 21 0.7127143740653992
0 5 63 46 25.262556076049805
1 5 63 46 0.9137192964553833
2 5 63 46 0.7954844236373901
3 5 63 46 0.7956770658493042
0 21 63 46 24.671567916870117
1 21 63 46 0.9427164793014526
2 21 63 46 0.8240984082221985
3 21 63 46 0.8406679034233093
0 26 64 6 25.699485778808594
1 26 64 6 0.9067654013633728
2 26 64 6 0.8190589547157288
3 26 64 6 0.8901689052581787
0 39 64 6 25.028438568115234
1 39 64 6 0.9015418291091919
2 39 64 6 0.8397600054740906
3 39 64 6 0.9079459309577942
0 6 64 26 25.60109519958496
1 6 64 26 0.9280878305435181
2 6 64 26 0.8402026295661926
3 6 64 26 0.863884449005127
0 39 64 26 24.923555374145508
1 39 64 26 0.9132903218269348
2 39 64 26 0.8163477778434753
3 39 64 26 0.8713603615760803
0 6 64 39 25.43145179748535
1 6 64 39 0.9104325771331787
2 6 64 39 0.8615206480026245
3 6 64 39 0.9070369601249695
0 26 64 39 24.91313934326172
1 26 64 39 0.9372087717056274
2 26 64 39 0.842380940914154
3 26 64 39 0.9494523406028748
0 17 65 10 25.476367950439453
1 17 65 10 0.9223715662956238
2 17 65 10 0.8774238228797913
3 17 65 10 0.9406906962394714
0 32 65 10 24.715057373046875
1 32 65 10 0.8780428171157837
2 32 65 10 0.8312743902206421
3 32 65 10 0.8560589551925659
0 10 65 17 25.73894500732422
1 10 65 17 0.9204404354095459
2 10 65 17 0.8315206170082092
3 10 65 17 0.8871015906333923
0 32 65 17 25.136028289794922
1 32 65 17 0.9211825728416443
2 32 65 17 0.8008396625518799
3 32 65 17 0.8332254886627197
0 10 65 32 25.07992172241211
1 10 65 32 0.8921834230422974
2 10 65 32 0.8418285846710205
3 10 65 32 0.8843021988868713
0 17 65 32 25.384557723999023
1 17 65 32 0.9667036533355713
2 17 65 32 0.8914489150047302
3 17 65 32 0.9270013570785522
0 31 66 1 25.228662490844727
1 31 66 1 0.9231988191604614
2 31 66 1 0.907010018825531
3 31 66 1 0.9828860759735107
0 34 66 1 25.623920440673828
1 34 66 1 0.9659427404403687
2 34 66 1 0.8417782187461853
3 34 66 1 0.9302120804786682
0 1 66 31 25.36880874633789
1 1 66 31 0.8968046307563782
2 1 66 31 0.8181124925613403
3 1 66 31 0.8128450512886047
0 34 66 31 25.238452911376953
1 34 66 31 0.9150959253311157
2 34 66 31 0.8725897073745728
3 34 66 31 0.8962085843086243
0 1 66 34 25.713979721069336
1 1 66 34 0.9230767488479614
2 1 66 34 0.8440093398094177
3 1 66 34 0.8400641083717346
0 31 66 34 25.772226333618164
1 31 66 34 0.9401132464408875
2 31 66 34 0.871457040309906
3 31 66 34 0.9702445864677429
0 27 67 9 25.45526123046875
1 27 67 9 0.923354983329773
2 27 67 9 0.8517978191375732
3 27 67 9 0.8767703771591187
0 46 67 9 25.57096290588379
1 46 67 9 0.8934797644615173
2 46 67 9 0.8216615319252014
3 46 67 9 0.901125967502594
0 9 67 27 25.310022354125977
1 9 67 27 0.8800331950187683
2 9 67 27 0.745773434638977
3 9 67 27 0.7121784090995789
0 46 67 27 25.33339500427246
1 46 67 27 0.9415274858474731
2 46 67 27 0.8717346787452698
3 46 67 27 0.922065258026123
0 9 67 46 25.339160919189453
1 9 67 46 0.8611644506454468
2 9 67 46 0.7656657695770264
3 9 67 46 0.7760917544364929
0 27 67 46 25.49896240234375
1 27 67 46 0.9348267316818237
2 27 67 46 0.8460121750831604
3 27 67 46 0.850644052028656
0 23 68 4 25.929338455200195
1 23 68 4 0.9616977572441101
2 23 68 4 0.9026044011116028
3 23 68 4 0.9886494278907776
0 40 68 4 24.544845581054688
1 40 68 4 0.8861268758773804
2 40 68 4 0.8399976491928101
3 40 68 4 0.8827503323554993
0 4 68 23 26.254343032836914
1 4 68 23 0.9587408304214478
2 4 68 23 0.8867672681808472
3 4 68 23 1.0677673816680908
0 40 68 23 25.454320907592773
1 40 68 23 0.9139533638954163
2 40 68 23 0.8304954171180725
3 40 68 23 0.8952818512916565
0 4 68 40 25.439836502075195
1 4 68 40 0.9370303153991699
2 4 68 40 0.887503981590271
3 4 68 40 1.0579016208648682
0 23 68 40 25.583873748779297
1 23 68 40 0.9814133644104004
2 23 68 40 0.8984211683273315
3 23 68 40 1.0477617979049683
0 24 69 11 25.740190505981445
1 24 69 11 0.9289324283599854
2 24 69 11 0.8125954270362854
3 24 69 11 0.92369544506073
0 36 69 11 24.728559494018555
1 36 69 11 0.9032041430473328
2 36 69 11 0.7991461753845215
3 36 69 11 0.8692134022712708
0 11 69 24 25.4268798828125
1 11 69 24 0.8976823687553406
2 11 69 24 0.7798408269882202
3 11 69 24 0.8079250454902649
0 36 69 24 25.360477447509766
1 36 69 24 0.9324833154678345
2 36 69 24 0.8495698571205139
3 36 69 24 0.8893451690673828
0 11 69 36 24.695964813232422
1 11 69 36 0.9241793751716614
2 11 69 36 0.835469126701355
3 11 69 36 0.7989774346351624
0 24 69 36 25.626338958740234
1 24 69 36 0.9165163040161133
2 24 69 36 0.8155139684677124
3 24 69 36 0.8764660358428955
0 18 70 2 25.274349212646484
1 18 70 2 0.904660701751709
2 18 70 2 0.788022518157959
3 18 70 2 0.8899092674255371
0 38 70 2 25.680383682250977
1 38 70 2 0.9054139256477356
2 38 70 2 0.8659823536872864
3 38 70 2 0.990467369556427
0 2 70 18 25.173912048339844
1 2 70 18 0.9458028674125671
2 2 70 18 0.8406516313552856
3 2 70 18 0.9103462100028992
0 38 70 18 25.721519470214844
1 38 70 18 0.9390687346458435
2 38 70 18 0.8727991580963135
3 38 70 18 0.9604951739311218
0 2 70 38 25.22088623046875
1 2 70 38 0.9131925106048584
2 2 70 38 0.8325372934341431
3 2 70 38 0.939946711063385
0 18 70 38 25.353456497192383
1 18 70 38 0.9390497207641602
2 18 70 38 0.8413074612617493
3 18 70 38 0.9308661818504333
0 30 71 13 25.96664047241211
1 30 71 13 0.9214269518852234
2 30 71 13 0.8456579446792603
3 30 71 13 0.9046303033828735
0 43 71 13 25.14917755126953
1 43 71 13 0.9176948070526123
2 43 71 13 0.8209899067878723
3 43 71 13 0.8764562010765076
0 13 71 30 25.601158142089844
1 13 71 30 0.9107010364532471
2 13 71 30 0.831594705581665
3 13 71 30 0.8756810426712036
0 43 71 30 25.009218215942383
1 43 71 30 0.9325156211853027
2 43 71 30 0.8421852588653564
3 43 71 30 0.9066946506500244
0 13 71 43 25.463085174560547
1 13 71 43 0.9037856459617615
2 13 71 43 0.8138408660888672
3 13 71 43 0.8624351024627686
0 30 71 43 25.27781105041504
1 30 71 43 0.9074408411979675
2 30 71 43 0.8388866186141968
3 30 71 43 0.8842625021934509
0 29 72 15 25.832469940185547
1 29 72 15 0.886082649230957
2 29 72 15 0.788942813873291
3 29 72 15 0.8097110986709595
0 33 72 15 25.605487823486328
1 33 72 15 0.9104248881340027
2 33 72 15 0.8371293544769287
3 33 72 15 0.9028584957122803
0 15 72 29 26.02032470703125
1 15 72 29 0.9021218419075012
2 15 72 29 0.8307759761810303
3 15 72 29 0.8759549260139465
0 33 72 29 24.9582462310791
1 33 72 29 0.9140426516532898
2 33 72 29 0.8039911389350891
3 33 72 29 0.8223503232002258
0 15 72 33 25.665788650512695
1 15 72 33 0.9080397486686707
2 15 72 33 0.8454272150993347
3 15 72 33 0.8854753375053406
0 29 72 33 25.296817779541016
1 29 72 33 0.9277477264404297
2 29 72 33 0.7937283515930176
3 29 72 33 0.8029729127883911
0 19 73 12 24.952857971191406
1 19 73 12 0.8910459876060486
2 19 73 12 0.8396230936050415
3 19 73 12 0.9089483022689819
0 37 73 12 25.679485321044922
1 37 73 12 0.9208389520645142
2 37 73 12 0.8323761820793152
3 37 73 12 0.8688858151435852
0 12 73 19 25.24267578125
1 12 73 19 0.8868023753166199
2 12 73 19 0.828706681728363
3 12 73 19 0.8462657928466797
0 37 73 19 25.269941329956055
1 37 73 19 0.8913683891296387
2 37 73 19 0.8085337281227112
3 37 73 19 0.8341702222824097
0 12 73 37 25.35007095336914
1 12 73 37 0.9043587446212769
2 12 73 37 0.8022275567054749
3 12 73 37 0.8196058869361877
0 19 73 37 25.412260055541992
1 19 73 37 0.9452520608901978
2 19 73 37 0.8519411683082581
3 19 73 37 0.9111107587814331
0 21 74 8 24.750978469848633
1 21 74 8 0.9339411854743958
2 21 74 8 0.8180222511291504
3 21 74 8 0.8259168267250061
0 35 74 8 25.689773559570312
1 35 74 8 0.942602813243866
2 35 74 8 0.8140147924423218
3 35 74 8 0.788862943649292
0 8 74 21 24.866344451904297
1 8 74 21 0.9025464057922363
2 8 74 21 0.8398464918136597
3 8 74 21 0.8213624358177185
0 35 74 21 25.366018295288086
1 35 74 21 0.8899133801460266
2 35 74 21 0.7967826128005981
3 35 74 21 0.7957828640937805
0 8 74 35 25.153928756713867
1 8 74 35 0.9208253622055054
2 8 74 35 0.8234325647354126
3 8 74 35 0.8795515298843384
0 21 74 35 25.742467880249023
1 21 74 35 0.9160823822021484
2 21 74 35 0.8012195229530334
3 21 74 35 0.8602524399757385
0 16 75 5 25.18731117248535
1 16 75 5 0.9142370820045471
2 16 75 5 0.8681159019470215
3 16 75 5 0.9731393456459045
0 44 75 5 25.0797119140625
1 44 75 5 0.9099929332733154
2 44 75 5 0.8747521638870239
3 44 75 5 0.9153632521629333
0 5 75 16 24.873586654663086
1 5 75 16 0.9054224491119385
2 5 75 16 0.8503912091255188
3 5 75 16 0.918068528175354
0 44 75 16 25.374658584594727
1 44 75 16 0.92216956615448
2 44 75 16 0.8233834505081177
3 44 75 16 0.861587405204773
0 5 75 44 25.268314361572266
1 5 75 44 0.9496394991874695
2 5 75 44 0.8862756490707397
3 5 75 44 0.9260680675506592
0 16 75 44 25.85786247253418
1 16 75 44 0.9287557601928711
2 16 75 44 0.8520514965057373
3 16 75 44 0.9186030626296997
0 20 76 3 25.41080665588379
1 20 76 3 0.949970006942749
2 20 76 3 0.8357977271080017
3 20 76 3 0.9144434332847595
0 41 76 3 25.67924690246582
1 41 76 3 0.9370344281196594
2 41 76 3 0.8455732464790344
3 41 76 3 0.8669531345367432
0 3 76 20 25.85576057434082
1 3 76 20 0.9661378264427185
2 3 76 20 0.8867231011390686
3 3 76 20 0.9246493577957153
0 41 76 20 24.787649154663086
1 41 76 20 0.8917705416679382
2 41 76 20 0.8077646493911743
3 41 76 20 0.8376482129096985
0 3 76 41 25.797016143798828
1 3 76 41 0.9449983835220337
2 3 76 41 0.8658878207206726
3 3 76 41 0.9361076354980469
0 20 76 41 25.044769287109375
1 20 76 41 0.9147456884384155
2 20 76 41 0.8146334886550903
3 20 76 41 0.8751489520072937
0 28 77 14 25.059831619262695
1 28 77 14 0.8963217735290527
2 28 77 14 0.7899469137191772
3 28 77 14 0.7942941784858704
0 45 77 14 25.353120803833008
1 45 77 14 0.9263595938682556
2 45 77 14 0.8400781154632568
3 45 77 14 0.9455509185791016
0 14 77 28 25.60207176208496
1 14 77 28 0.9225146174430847
2 14 77 28 0.8107554316520691
3 14 77 28 0.8353933691978455
0 45 77 28 25.298227310180664
1 45 77 28 0.9451637864112854
2 45 77 28 0.8359488844871521
3 45 77 28 0.9039338827133179
0 14 77 45 25.41750144958496
1 14 77 45 0.9199056029319763
2 14 77 45 0.8118385076522827
3 14 77 45 0.8508224487304688
0 28 77 45 24.679887771606445
1 28 77 45 0.8894736766815186
2 28 77 45 0.7669047117233276
3 28 77 45 0.7825272679328918
0 25 78 7 24.6871395111084
1 25 78 7 0.8923302292823792
2 25 78 7 0.8527184724807739
3 25 78 7 0.9308284521102905
0 42 78 7 25.568256378173828
1 42 78 7 0.9368170499801636
2 42 78 7 0.8565735220909119
3 42 78 7 0.9382463097572327
0 7 78 25 25.54094696044922
1 7 78 25 0.9267093539237976
2 7 78 25 0.8685774207115173
3 7 78 25 0.9928412437438965
0 42 78 25 25.711654663085938
1 42 78 25 0.9301058053970337
2 42 78 25 0.8471442461013794
3 42 78 25 0.934055507183075
0 7 78 42 25.341705322265625
1 7 78 42 0.982002317905426
2 7 78 42 0.9179393649101257
3 7 78 42 1.0555402040481567
0 25 78 42 25.32562828063965
1 25 78 42 0.8967344164848328
2 25 78 42 0.8149911165237427
3 25 78 42 0.896502673625946
0 22 79 0 24.86513900756836
1 22 79 0 0.9169006943702698
2 22 79 0 0.8588880300521851
3 22 79 0 0.908163845539093
0 47 79 0 25.74834442138672
1 47 79 0 0.9136341214179993
2 47 79 0 0.8038097620010376
3 47 79 0 0.8604670763015747
0 0 79 22 24.95639419555664
1 0 79 22 0.9025891423225403
2 0 79 22 0.7894594073295593
3 0 79 22 0.8056744337081909
0 47 79 22 25.357473373413086
1 47 79 22 0.9087657332420349
2 47 79 22 0.799971342086792
3 47 79 22 0.8341957330703735
0 0 79 47 25.351770401000977
1 0 79 47 0.8749844431877136
2 0 79 47 0.7893397808074951
3 0 79 47 0.8234028220176697
0 22 79 47 25.20357322692871
1 22 79 47 0.9348117709159851
2 22 79 47 0.8778254389762878
3 22 79 47 0.9356195330619812
0 24 80 0 25.285350799560547
1 24 80 0 0.9655451774597168
2 24 80 0 0.9029048085212708
3 24 80 0 0.9292044043540955
0 41 80 0 25.346656799316406
1 41 80 0 0.9223254919052124
2 41 80 0 0.9082890748977661
3 41 80 0 0.9738690257072449
0 0 80 24 25.785724639892578
1 0 80 24 0.9549601078033447
2 0 80 24 0.9204385280609131
3 0 80 24 1.0207794904708862
0 41 80 24 25.33685302734375
1 41 80 24 0.9697091579437256
2 41 80 24 0.9279980659484863
3 41 80 24 1.009832739830017
0 0 80 41 25.09697151184082
1 0 80 41 0.922362208366394
2 0 80 41 0.8709431886672974
3 0 80 41 0.9897013902664185
0 24 80 41 25.798830032348633
1 24 80 41 0.9587618708610535
2 24 80 41 0.8939501047134399
3 24 80 41 0.939382016658783
0 21 81 14 24.818017959594727
1 21 81 14 0.9041153192520142
2 21 81 14 0.7925738096237183
3 21 81 14 0.801137387752533
0 39 81 14 25.59698486328125
1 39 81 14 0.9462075233459473
2 39 81 14 0.8266993761062622
3 39 81 14 0.8793251514434814
0 14 81 21 25.288990020751953
1 14 81 21 0.8941220641136169
2 14 81 21 0.7701960206031799
3 14 81 21 0.8223063349723816
0 39 81 21 25.690134048461914
1 39 81 21 0.9396702647209167
2 39 81 21 0.856205940246582
3 39 81 21 0.8691179752349854
0 14 81 39 25.925994873046875
1 14 81 39 0.912808358669281
2 14 81 39 0.8077923655509949
3 14 81 39 0.8437076807022095
0 21 81 39 25.069629669189453
1 21 81 39 0.9127762913703918
2 21 81 39 0.8136641383171082
3 21 81 39 0.816007137298584
0 20 82 7 25.677268981933594
1 20 82 7 0.9127143621444702
2 20 82 7 0.8282629251480103
3 20 82 7 0.8589206337928772
0 40 82 7 25.087779998779297
1 40 82 7 0.9116461873054504
2 40 82 7 0.8273630738258362
3 40 82 7 0.8462778925895691
0 7 82 20 24.936513900756836
1 7 82 20 0.8519699573516846
2 7 82 20 0.7613493800163269
3 7 82 20 0.7633979916572571
0 40 82 20 25.47719955444336
1 40 82 20 0.8832575082778931
2 40 82 20 0.817559540271759
3 40 82 20 0.8316798210144043
0 7 82 40 24.4327449798584
1 7 82 40 0.883373498916626
2 7 82 40 0.7925772070884705
3 7 82 40 0.7550772428512573
0 20 82 40 25.472702026367188
1 20 82 40 0.911722719669342
2 20 82 40 0.8186690807342529
3 20 82 40 0.8543614149093628
0 17 83 8 24.870637893676758
1 17 83 8 0.8980121612548828
2 17 83 8 0.8452515006065369
3 17 83 8 0.893465518951416
0 46 83 8 24.757404327392578
1 46 83 8 0.9145900011062622
2 46 83 8 0.8722406625747681
3 46 83 8 0.9510325193405151
0 8 83 17 25.226343154907227
1 8 83 17 0.9270455241203308
2 8 83 17 0.8328154683113098
3 8 83 17 0.9197410345077515
0 46 83 17 25.637981414794922
1 46 83 17 0.9244446158409119
2 46 83 17 0.8595095276832581
3 46 83 17 0.9272810816764832
0 8 83 46 24.7885684967041
1 8 83 46 0.8847598433494568
2 8 83 46 0.8590810298919678
3 8 83 46 0.9737140536308289
0 17 83 46 25.186439514160156
1 17 83 46 0.8909965753555298
2 17 83 46 0.832040011882782
3 17 83 46 0.9165313839912415
0 26 84 5 25.131593704223633
1 26 84 5 0.9371230006217957
2 26 84 5 0.860430121421814
3 26 84 5 0.9155319333076477
0 42 84 5 25.82368278503418
1 42 84 5 0.9302727580070496
2 42 84 5 0.8527536392211914
3 42 84 5 0.8913517594337463
0 5 84 26 25.051044464111328
1 5 84 26 0.9246057868003845
2 5 84 26 0.8273855447769165
3 5 84 26 0.8688246607780457
0 42 84 26 25.878108978271484
1 42 84 26 0.9332877397537231
2 42 84 26 0.8327881693840027
3 42 84 26 0.8771076202392578
0 5 84 42 25.257614135742188
1 5 84 42 0.9089840054512024
2 5 84 42 0.8443634510040283
3 5 84 42 0.8767297863960266
0 26 84 42 25.39286994934082
1 26 84 42 0.9393599033355713
2 26 84 42 0.870394229888916
3 26 84 42 0.9526013731956482
0 29 85 10 25.628442764282227
1 29 85 10 0.9372814893722534
2 29 85 10 0.8860495686531067
3 29 85 10 0.969102144241333
0 45 85 10 24.444128036499023
1 45 85 10 0.9173606038093567
2 45 85 10 0.8209132552146912
3 45 85 10 0.8359296917915344
0 10 85 29 25.43609046936035
1 10 85 29 0.9257535934448242
2 10 85 29 0.847568929195404
3 10 85 29 0.9149917364120483
0 45 85 29 24.963390350341797
1 45 85 29 0.916229784488678
2 45 85 29 0.8189409971237183
3 45 85 29 0.8513160943984985
0 10 85 45 25.097885131835938
1 10 85 45 0.954124391078949
2 10 85 45 0.8789311647415161
3 10 85 45 0.9261768460273743
0 29 85 45 25.362674713134766
1 29 85 45 0.9203852415084839
2 29 85 45 0.8607644438743591
3 29 85 45 0.9693775177001953
0 30 86 6 25.559770584106445
1 30 86 6 0.9264333248138428
2 30 86 6 0.7988970279693604
3 30 86 6 0.7987765669822693
0 34 86 6 25.832326889038086
1 34 86 6 0.928252100944519
2 34 86 6 0.8850744366645813
3 34 86 6 0.9197942018508911
0 6 86 30 25.012714385986328
1 6 86 30 0.8976061940193176
2 6 86 30 0.8177359700202942
3 6 86 30 0.8677945137023926
0 34 86 30 24.976320266723633
1 34 86 30 0.9675492644309998
2 34 86 30 0.8952071666717529
3 34 86 30 0.9736881256103516
0 6 86 34 25.580949783325195
1 6 86 34 0.9119665622711182
2 6 86 34 0.8205368518829346
3 6 86 34 0.8892466425895691
0 30 86 34 25.44355010986328
1 30 86 34 0.9351792335510254
2 30 86 34 0.8207756280899048
3 30 86 34 0.8306097984313965
0 19 87 4 25.26576042175293
1 19 87 4 0.9006003737449646
2 19 87 4 0.838424563407898
3 19 87 4 0.889082670211792
0 35 87 4 25.50852394104004
1 35 87 4 0.9588693380355835
2 35 87 4 0.8966073989868164
3 35 87 4 1.030478835105896
0 4 87 19 25.32666778564453
1 4 87 19 0.913881778717041
2 4 87 19 0.8552375435829163
3 4 87 19 0.9736120104789734
0 35 87 19 25.643157958984375
1 35 87 19 0.9762988686561584
2 35 87 19 0.9273357391357422
3 35 87 19 1.04485285282135
0 4 87 35 25.948564529418945
1 4 87 35 0.9644611477851868
2 4 87 35 0.8956267237663269
3 4 87 35 0.9805611371994019
0 19 87 35 26.25605010986328
1 19 87 35 0.9312497973442078
2 19 87 35 0.8438482880592346
3 19 87 35 0.9271668195724487
0 16 88 13 25.270034790039062
1 16 88 13 0.928725004196167
2 16 88 13 0.8411552906036377
3 16 88 13 0.8931646943092346
0 37 88 13 25.715221405029297
1 37 88 13 0.875221848487854
2 37 88 13 0.797390341758728
3 37 88 13 0.782062292098999
0 13 88 16 25.61561393737793
1 13 88 16 0.9422202706336975
2 13 88 16 0.8471094369888306
3 13 88 16 0.912308931350708
0 37 88 16 25.84065055847168
1 37 88 16 0.907745361328125
2 37 88 16 0.8483484387397766
3 37 88 16 0.8850907683372498
0 13 88 37 25.435274124145508
1 13 88 37 0.9229333400726318
2 13 88 37 0.8176605701446533
3 13 88 37 0.8323184847831726
0 16 88 37 25.185237884521484
1 16 88 37 0.9102144241333008
2 16 88 37 0.8215652108192444
3 16 88 37 0.8737213611602783
0 27 89 15 25.313138961791992
1 27 89 15 0.9109340906143188
2 27 89 15 0.8935530185699463
3 27 89 15 1.0105782747268677
0 44 89 15 25.79277992248535
1 44 89 15 0.9357010722160339
2 44 89 15 0.844618558883667
3 44 89 15 0.9136083126068115
0 15 89 27 25.337800979614258
1 15 89 27 0.9237895607948303
2 15 89 27 0.8464942574501038
3 15 89 27 0.883528470993042
0 44 89 27 25.059066772460938
1 44 89 27 0.9446571469306946
2 44 89 27 0.9016956090927124
3 44 89 27 0.9070475697517395
0 15 89 44 25.41812515258789
1 15 89 44 0.90984046459198
2 15 89 44 0.8266363143920898
3 15 89 44 0.8802937865257263
0 27 89 44 24.893321990966797
1 27 89 44 0.9411801099777222
2 27 89 44 0.8975403308868408
3 27 89 44 0.9630321264266968
0 31 90 3 25.313329696655273
1 31 90 3 0.9284195899963379
2 31 90 3 0.8296542763710022
3 31 90 3 0.9031071066856384
0 36 90 3 25.59581756591797
1 36 90 3 0.9107515215873718
2 36 90 3 0.8372525572776794
3 36 90 3 0.8751910924911499
0 3 90 31 25.63592529296875
1 3 90 31 0.9084460139274597
2 3 90 31 0.8575441241264343
3 3 90 31 0.9172422885894775
0 36 90 31 25.055904388427734
1 36 90 31 0.9174577593803406
2 36 90 31 0.8412694931030273
3 36 90 31 0.8519849181175232
0 3 90 36 25.55396842956543
1 3 90 36 0.9011353850364685
2 3 90 36 0.8412463665008545
3 3 90 36 0.90117347240448
0 31 90 36 25.122455596923828
1 31 90 36 0.9102776050567627
2 31 90 36 0.8361799716949463
3 31 90 36 0.9069817662239075
0 22 91 12 25.281715393066406
1 22 91 12 0.9498181939125061
2 22 91 12 0.8786332607269287
3 22 91 12 1.007204532623291
0 32 91 12 24.74191665649414
1 32 91 12 0.8760207891464233
2 32 91 12 0.7556576728820801
3 32 91 12 0.772136390209198
0 12 91 22 25.507495880126953
1 12 91 22 0.9194462299346924
2 12 91 22 0.8416887521743774
3 12 91 22 0.9538990259170532
0 32 91 22 24.68815803527832
1 32 91 22 0.86918044090271
2 32 91 22 0.7924376130104065
3 32 91 22 0.7881672382354736
0 12 91 32 25.18105697631836
1 12 91 32 0.9502444267272949
2 12 91 32 0.8503777980804443
3 12 91 32 0.8945702314376831
0 22 91 32 24.91860580444336
1 22 91 32 0.9186890721321106
2 22 91 32 0.8775894641876221
3 22 91 32 0.9312929511070251
0 25 92 11 25.174938201904297
1 25 92 11 0.8742275834083557
2 25 92 11 0.7773390412330627
3 25 92 11 0.8089654445648193
0 43 92 11 25.44997215270996
1 43 92 11 0.9234628677368164
2 43 92 11 0.8356115221977234
3 43 92 11 0.9207710027694702
0 11 92 25 25.073360443115234
1 11 92 25 0.9067782759666443
2 11 92 25 0.8096498847007751
3 11 92 25 0.8901331424713135
0 43 92 25 25.65071678161621
1 43 92 25 0.9162124395370483
2 43 92 25 0.8334429264068604
3 43 92 25 0.9112249612808228
0 11 92 43 25.558515548706055
1 11 92 43 0.9217970967292786
2 11 92 43 0.8363856077194214
3 11 92 43 0.9013510346412659
0 25 92 43 24.94408416748047
1 25 92 43 0.8971612453460693
2 25 92 43 0.7791493535041809
3 25 92 43 0.7919847965240479
0 28 93 2 25.42190933227539
1 28 93 2 0.8862133026123047
2 28 93 2 0.7824850082397461
3 28 93 2 0.822971522808075
0 47 93 2 25.38943862915039
1 47 93 2 0.9180386662483215
2 47 93 2 0.8412554264068604
3 47 93 2 0.9375388026237488
0 2 93 28 25.876220703125
1 2 93 28 0.9485118985176086
2 2 93 28 0.8956469893455505
3 2 93 28 0.9797335863113403
0 47 93 28 25.53860855102539
1 47 93 28 0.9491653442382812
2 47 93 28 0.8466035723686218
3 47 93 28 0.9271405339241028
0 2 93 47 25.768115997314453
1 2 93 47 0.9553682208061218
2 2 93 47 0.887593150138855
3 2 93 47 0.9714478850364685
0 28 93 47 24.911218643188477
1 28 93 47 0.9005143642425537
2 28 93 47 0.8257811665534973
3 28 93 47 0.8274561762809753
0 23 94 1 24.738304138183594
1 23 94 1 0.9290236830711365
2 23 94 1 0.8310785889625549
3 23 94 1 0.8975721597671509
0 38 94 1 24.965219497680664
1 38 94 1 0.8978569507598877
2 38 94 1 0.8226646184921265
3 38 94 1 0.8684693574905396
0 1 94 23 25.260744094848633
1 1 94 23 0.9139700531959534
2 1 94 23 0.8386040925979614
3 1 94 23 0.9409517049789429
0 38 94 23 25.671709060668945
1 38 94 23 0.8897181153297424
2 38 94 23 0.8105374574661255
3 38 94 23 0.8941695690155029
0 1 94 38 25.5982723236084
1 1 94 38 0.9326202869415283
2 1 94 38 0.859545886516571
3 1 94 38 0.9835039973258972
0 23 94 38 25.406919479370117
1 23 94 38 0.9064459800720215
2 23 94 38 0.8003162145614624
3 23 94 38 0.8394132256507874
0 18 95 9 25.253334045410156
1 18 95 9 0.9121745228767395
2 18 95 9 0.8560664057731628
3 18 95 9 0.9304421544075012
0 33 95 9 24.81873893737793
1 33 95 9 0.9082264304161072
2 33 95 9 0.7953642010688782
3 33 95 9 0.7992754578590393
0 9 95 18 25.163541793823242
1 9 95 18 0.901666522026062
2 9 95 18 0.8305638432502747
3 9 95 18 0.8927943110466003
0 33 95 18 25.641366958618164
1 33 95 18 0.8848215937614441
2 33 95 18 0.8317519426345825
3 33 95 18 0.8893861174583435
0 9 95 33 25.169321060180664
1 9 95 33 0.9091303944587708
2 9 95 33 0.7916042804718018
3 9 95 33 0.795020341873169
0 18 95 33 25.72821617126465
1 18 95 33 0.9202901721000671
2 18 95 33 0.857355535030365
3 18 95 33 0.9245108366012573
