5 96 48
0 0 3.761270761489868
0 1 3.716356039047241
0 2 3.7630980014801025
0 3 3.811392068862915
0 4 3.76234769821167
0 5 3.7380073070526123
0 6 3.6870079040527344
0 7 3.7629432678222656
0 8 3.7504985332489014
0 9 3.767564535140991
0 10 3.7765185832977295
0 11 3.755213499069214
0 12 3.7051424980163574
0 13 3.740086793899536
0 14 3.726125478744507
0 15 3.740903615951538
0 16 3.7713167667388916
0 17 3.686561346054077
0 18 3.7457375526428223
0 19 3.7424609661102295
0 20 3.755307674407959
0 21 3.7459158897399902
0 22 3.7268149852752686
0 23 3.784731388092041
0 24 3.737713098526001
0 25 3.7309157848358154
0 26 3.7355923652648926
0 27 3.7195448875427246
0 28 3.7752790451049805
0 29 3.6819355487823486
0 30 3.7452900409698486
0 31 3.714538097381592
0 32 3.7156243324279785
0 33 3.7574286460876465
0 34 3.7269625663757324
0 35 3.7541375160217285
0 36 3.7387263774871826
0 37 3.739905834197998
0 38 3.7909164428710938
0 39 3.7620162963867188
0 40 3.749000072479248
0 41 3.781068801879883
0 42 3.751894235610962
0 43 3.6818127632141113
0 44 3.7378346920013428
0 45 3.7512457370758057
0 46 3.7243237495422363
0 47 3.7524466514587402
0 48 3.7012126445770264
0 49 3.7735908031463623
0 50 3.757392644882202
0 51 3.733786106109619
0 52 3.7416038513183594
0 53 3.73895001411438
0 54 3.744011402130127
0 55 3.7613422870635986
0 56 3.7548892498016357
0 57 3.738426923751831
0 58 3.745285749435425
0 59 3.7645273208618164
0 60 3.720114231109619
0 61 3.7207491397857666
0 62 3.7579171657562256
0 63 3.68518328666687
0 64 3.761204481124878
0 65 3.7696173191070557
0 66 3.7542924880981445
0 67 3.7411484718322754
0 68 3.783442735671997
0 69 3.728656530380249
0 70 3.751096248626709
0 71 3.759000539779663
0 72 3.751518487930298
0 73 3.739696979522705
0 74 3.720139741897583
0 75 3.735024929046631
0 76 3.743039608001709
0 77 3.726348400115967
0 78 3.764920711517334
0 79 3.7414448261260986
0 80 3.7875847816467285
0 81 3.690460205078125
0 82 3.7243785858154297
0 83 3.740952491760254
0 84 3.7361414432525635
0 85 3.756455183029175
0 86 3.765742301940918
0 87 3.789262533187866
0 88 3.7552413940429688
0 89 3.745464324951172
0 90 3.7487030029296875
0 91 3.750248670578003
0 92 3.7329721450805664
0 93 3.7422192096710205
0 94 3.772475481033325
0 95 3.7511911392211914
1 0 3.6247098445892334
1 1 3.5584449768066406
1 2 3.6393544673919678
1 3 3.7035610675811768
1 4 3.6427371501922607
1 5 3.6608469486236572
1 6 3.595055341720581
1 7 3.6365244388580322
1 8 3.638759136199951
1 9 3.66861629486084
1 10 3.63122296333313
1 11 3.629652261734009
1 12 3.620194911956787
1 13 3.659581422805786
1 14 3.597774028778076
1 15 3.5980331897735596
1 16 3.6697700023651123
1 17 3.552018404006958
1 18 3.6479527950286865
1 19 3.6194071769714355
1 20 3.5958869457244873
1 21 3.6166391372680664
1 22 3.632678270339966
1 23 3.669198751449585
1 24 3.586900234222412
1 25 3.613147020339966
1 26 3.577781915664673
1 27 3.6258842945098877
1 28 3.6121232509613037
1 29 3.528759717941284
1 30 3.631786823272705
1 31 3.616286277770996
1 32 3.6394808292388916
1 33 3.6787238121032715
1 34 3.5941531658172607
1 35 3.6257662773132324
1 36 3.5663905143737793
1 37 3.5971102714538574
1 38 3.696650505065918
1 39 3.67055606842041
1 40 3.664818525314331
1 41 3.6752402782440186
1 42 3.6222994327545166
1 43 3.549164295196533
1 44 3.5684826374053955
1 45 3.623195171356201
1 46 3.5858020782470703
1 47 3.6206395626068115
1 48 3.5871667861938477
1 49 3.655555009841919
1 50 3.6047165393829346
1 51 3.6116855144500732
1 52 3.588900089263916
1 53 3.5947272777557373
1 54 3.5908920764923096
1 55 3.659817695617676
1 56 3.6563637256622314
1 57 3.6233794689178467
1 58 3.5981364250183105
1 59 3.6456894874572754
1 60 3.5620977878570557
1 61 3.622478485107422
1 62 3.6676580905914307
1 63 3.5272278785705566
1 64 3.591377019882202
1 65 3.67854642868042
1 66 3.6228232383728027
1 67 3.56709623336792
1 68 3.713125705718994
1 69 3.5939807891845703
1 70 3.640592098236084
1 71 3.6271514892578125
1 72 3.637064218521118
1 73 3.6092331409454346
1 74 3.5650107860565186
1 75 3.6443030834198
1 76 3.618870496749878
1 77 3.6131255626678467
1 78 3.6410582065582275
1 79 3.6190474033355713
1 80 3.7044425010681152
1 81 3.5889570713043213
1 82 3.5706629753112793
1 83 3.609421491622925
1 84 3.6468489170074463
1 85 3.7065916061401367
1 86 3.622063159942627
1 87 3.7013559341430664
1 88 3.6203367710113525
1 89 3.650161027908325
1 90 3.5875632762908936
1 91 3.60825777053833
1 92 3.6022679805755615
1 93 3.635885238647461
1 94 3.5931684970855713
1 95 3.5963950157165527
2 0 3.420921802520752
2 1 3.3053743839263916
2 2 3.4364516735076904
2 3 3.5508294105529785
2 4 3.410245895385742
2 5 3.460862159729004
2 6 3.32987380027771
2 7 3.4286739826202393
2 8 3.4496405124664307
2 9 3.523632526397705
2 10 3.3943464756011963
2 11 3.4669570922851562
2 12 3.421105146408081
2 13 3.4366769790649414
2 14 3.3739118576049805
2 15 3.387932538986206
2 16 3.450230360031128
2 17 3.3001914024353027
2 18 3.4700303077697754
2 19 3.4330532550811768
2 20 3.4095749855041504
2 21 3.4052507877349854
2 22 3.4025256633758545
2 23 3.4683680534362793
2 24 3.36411190032959
2 25 3.3367257118225098
2 26 3.3546841144561768
2 27 3.407616138458252
2 28 3.4696736335754395
2 29 3.2876808643341064
2 30 3.3787949085235596
2 31 3.4351131916046143
2 32 3.406632423400879
2 33 3.4643964767456055
2 34 3.379121780395508
2 35 3.3720204830169678
2 36 3.3403122425079346
2 37 3.330188035964966
2 38 3.5035853385925293
2 39 3.4750449657440186
2 40 3.4630093574523926
2 41 3.4607644081115723
2 42 3.405940294265747
2 43 3.2950124740600586
2 44 3.3158130645751953
2 45 3.3989949226379395
2 46 3.3451993465423584
2 47 3.364297866821289
2 48 3.3384859561920166
2 49 3.389551877975464
2 50 3.3917784690856934
2 51 3.4232378005981445
2 52 3.387488842010498
2 53 3.374697208404541
2 54 3.391087770462036
2 55 3.4536819458007812
2 56 3.442615509033203
2 57 3.3630611896514893
2 58 3.407071352005005
2 59 3.4411580562591553
2 60 3.316528081893921
2 61 3.40910267829895
2 62 3.4020557403564453
2 63 3.307917356491089
2 64 3.423520088195801
2 65 3.457178831100464
2 66 3.408566951751709
2 67 3.3276214599609375
2 68 3.5192182064056396
2 69 3.3279552459716797
2 70 3.44329571723938
2 71 3.404324769973755
2 72 3.405560255050659
2 73 3.3838067054748535
2 74 3.32755970954895
2 75 3.4817824363708496
2 76 3.4030346870422363
2 77 3.3454477787017822
2 78 3.4042320251464844
2 79 3.3500120639801025
2 80 3.5171775817871094
2 81 3.3387162685394287
2 82 3.3619959354400635
2 83 3.4359548091888428
2 84 3.41648530960083
2 85 3.460857391357422
2 86 3.4478492736816406
2 87 3.4863345623016357
2 88 3.431145191192627
2 89 3.43434476852417
2 90 3.4140796661376953
2 91 3.419581651687622
2 92 3.3260669708251953
2 93 3.463857412338257
2 94 3.361658811569214
2 95 3.367685079574585
3 0 3.522681951522827
3 1 3.340759515762329
3 2 3.3830225467681885
3 3 3.6740872859954834
3 4 3.2889692783355713
3 5 3.5317578315734863
3 6 3.367341995239258
3 7 3.441434860229492
3 8 3.496319055557251
3 9 3.5677101612091064
3 10 3.413384437561035
3 11 3.53135347366333
3 12 3.435776472091675
3 13 3.5094237327575684
3 14 3.326831817626953
3 15 3.3866591453552246
3 16 3.524400234222412
3 17 3.2783026695251465
3 18 3.52571439743042
3 19 3.470994234085083
3 20 3.3971164226531982
3 21 3.497131824493408
3 22 3.2787249088287354
3 23 3.4952971935272217
3 24 3.3663296699523926
3 25 3.289182186126709
3 26 3.4075303077697754
3 27 3.456831932067871
3 28 3.425124168395996
3 29 3.0883331298828125
3 30 3.360992431640625
3 31 3.5432589054107666
3 32 3.4220921993255615
3 33 3.4456419944763184
3 34 3.4351484775543213
3 35 3.39969539642334
3 36 3.268373489379883
3 37 3.293707847595215
3 38 3.4781813621520996
3 39 3.5039591789245605
3 40 3.540179491043091
3 41 3.505246877670288
3 42 3.4494712352752686
3 43 3.291686773300171
3 44 3.4342236518859863
3 45 3.4163591861724854
3 46 3.293329954147339
3 47 3.370711326599121
3 48 3.3379909992218018
3 49 3.2965736389160156
3 50 3.4076948165893555
3 51 3.4636383056640625
3 52 3.3507332801818848
3 53 3.4630537033081055
3 54 3.4351181983947754
3 55 3.460082530975342
3 56 3.303118944168091
3 57 3.2860043048858643
3 58 3.4245588779449463
3 59 3.4311916828155518
3 60 3.281120777130127
3 61 3.4438936710357666
3 62 3.361380100250244
3 63 3.1692922115325928
3 64 3.4050896167755127
3 65 3.5023694038391113
3 66 3.4026756286621094
3 67 3.2424724102020264
3 68 3.6451356410980225
3 69 3.2948710918426514
3 70 3.5284335613250732
3 71 3.334233045578003
3 72 3.2984752655029297
3 73 3.322481155395508
3 74 3.2337186336517334
3 75 3.479477882385254
3 76 3.379531145095825
3 77 3.263014793395996
3 78 3.473623514175415
3 79 3.3514630794525146
3 80 3.532097101211548
3 81 3.2375664710998535
3 82 3.3660190105438232
3 83 3.41433048248291
3 84 3.3622500896453857
3 85 3.4380719661712646
3 86 3.4114291667938232
3 87 3.548182249069214
3 88 3.4362127780914307
3 89 3.4775795936584473
3 90 3.3962719440460205
3 91 3.4395155906677246
3 92 3.370861291885376
3 93 3.5538699626922607
3 94 3.3743784427642822
3 95 3.4132208824157715
4 0 3.974330425262451
4 1 3.742767810821533
4 2 3.8833770751953125
4 3 3.9748921394348145
4 4 3.7251248359680176
4 5 3.8366012573242188
4 6 3.8022897243499756
4 7 3.8081552982330322
4 8 4.0127129554748535
4 9 4.02623176574707
4 10 3.9360740184783936
4 11 3.9415605068206787
4 12 3.800002336502075
4 13 3.8944242000579834
4 14 3.8032259941101074
4 15 3.818284749984741
4 16 3.907358407974243
4 17 3.6150410175323486
4 18 3.9888408184051514
4 19 3.923906087875366
4 20 3.8658745288848877
4 21 3.962808132171631
4 22 3.752279043197632
4 23 3.9390525817871094
4 24 3.765664577484131
4 25 3.662343978881836
4 26 3.8511366844177246
4 27 3.8852837085723877
4 28 3.878399133682251
4 29 3.6457254886627197
4 30 3.737149715423584
4 31 3.927316427230835
4 32 3.804980516433716
4 33 3.858302354812622
4 34 3.8729031085968018
4 35 3.9054174423217773
4 36 3.76672101020813
4 37 3.6718246936798096
4 38 3.971388101577759
4 39 3.951047658920288
4 40 3.9412426948547363
4 41 3.8714582920074463
4 42 3.8208611011505127
4 43 3.607872724533081
4 44 3.7797787189483643
4 45 3.7678284645080566
4 46 3.697403907775879
4 47 3.8347041606903076
4 48 3.8520123958587646
4 49 3.8147132396698
4 50 3.885591745376587
4 51 3.902862787246704
4 52 3.79105544090271
4 53 3.871497392654419
4 54 3.809370994567871
4 55 3.9614522457122803
4 56 3.7359259128570557
4 57 3.6565592288970947
4 58 3.7860589027404785
4 59 3.808650255203247
4 60 3.72436261177063
4 61 3.82826828956604
4 62 3.7969415187835693
4 63 3.626149892807007
4 64 3.7767107486724854
4 65 3.909813165664673
4 66 3.894780158996582
4 67 3.6927380561828613
4 68 3.9033591747283936
4 69 3.760061740875244
4 70 3.881422758102417
4 71 3.794175148010254
4 72 3.7914154529571533
4 73 3.7832205295562744
4 74 3.7283129692077637
4 75 3.8445489406585693
4 76 3.9118435382843018
4 77 3.7689762115478516
4 78 3.911991834640503
4 79 3.76245379447937
4 80 3.977879524230957
4 81 3.7139813899993896
4 82 3.7718024253845215
4 83 3.8334853649139404
4 84 3.871044635772705
4 85 3.9441072940826416
4 86 3.9133453369140625
4 87 3.9343438148498535
4 88 3.833603620529175
4 89 3.882152795791626
4 90 3.8179051876068115
4 91 3.822542428970337
4 92 3.8225789070129395
4 93 3.9443652629852295
4 94 3.8477954864501953
4 95 3.8266077041625977
