0.6607402563095093
0.0
0.0
0.0
0.639415442943573
0.0
0.0
0.0
0.0
0.0
0.0
0.0
0.0
0.0
0.0
0.0
0.0
0.0
0.0
0.0
0.0
0.6316362023353577
0.0
0.0
0.0
0.0
0.0
0.0
0.6384876370429993
0.0
0.0
0.0
0.0
0.0
0.0
0.0
0.0
0.0
0.0
0.0
0.0
0.0
0.6383790969848633
0.0
0.0
0.0
0.0
0.0
0.0
0.0
0.0
0.0
0.640677809715271
0.0
0.0
0.0
0.0
0.0
0.0
0.0
0.0
0.0
0.0
0.6397485136985779
0.0
0.0
0.0
0.0
0.0
0.0
0.0
0.0
0.0
0.0
0.0
0.0
0.6369934678077698
0.0
0.0
0.0
0.0
0.0
0.0
0.0
0.0
0.6332423686981201
0.0
0.0
0.0
0.6622462868690491
0.0
0.0
0.0
0.0
0.0
0.0
0.0
0.0
0.0
0.0
0.0
0.0
0.0
0.0
0.0
0.0
0.6665979623794556
0.0
0.0
0.0
0.0
0.0
0.0
0.6455838680267334
0.0
0.0
0.0
0.0
0.0
0.0
0.0
0.0
0.0
0.0
0.0
0.0
0.0
0.6550650596618652
0.0
0.0
0.0
0.0
0.0
0.0
0.0
0.0
0.0
0.6448753476142883
0.0
0.0
0.0
0.0
0.0
0.0
0.0
0.0
0.0
0.0
0.0
0.0
0.612661600112915
0.0
0.0
0.0
0.6155425906181335
0.0
0.0
0.0
0.0
0.0
0.0
0.0
0.0
0.0
0.0
0.0
0.0
0.0
0.0
0.0
0.0
0.6416487693786621
0.0
0.0
0.0
0.0
0.0
0.0
0.646597146987915
0.0
0.0
0.0
0.0
0.0
0.0
0.0
0.0
0.0
0.0
0.0
0.0
0.0
0.0
0.0
0.0
0.6427517533302307
0.0
0.0
0.0
0.6289056539535522
