96 48 
18 12 
3 3 3 3 3 18 3 3 3 3 3 3 3 3 3 3 3 3 3 3 3 3 3 3 3 3 3 3 3 3 16 3 3 3 3 3 3 3 3 3 3 3 3 18 3 3 3 3 3 3 3 3 3 3 3 3 3 3 3 3 3 3 16 3 3 3 3 3 3 3 3 3 3 3 3 14 3 3 3 3 3 3 3 3 3 3 3 3 16 3 3 3 3 3 3 3 
6 6 6 6 12 10 6 6 6 6 12 6 10 10 6 6 6 6 6 6 12 12 12 6 6 6 12 12 6 6 6 12 6 6 12 12 6 6 6 6 6 6 6 6 10 10 6 6 
10 30 40 0 0 0 0 0 0 0 0 0 0 0 0 0 0 0 
5 32 45 0 0 0 0 0 0 0 0 0 0 0 0 0 0 0 
16 18 39 0 0 0 0 0 0 0 0 0 0 0 0 0 0 0 
12 22 38 0 0 0 0 0 0 0 0 0 0 0 0 0 0 0 
15 19 47 0 0 0 0 0 0 0 0 0 0 0 0 0 0 0 
2 5 6 11 13 14 17 21 22 23 27 28 32 34 35 36 45 46 
9 24 42 0 0 0 0 0 0 0 0 0 0 0 0 0 0 0 
1 29 33 0 0 0 0 0 0 0 0 0 0 0 0 0 0 0 
4 27 36 0 0 0 0 0 0 0 0 0 0 0 0 0 0 0 
3 26 35 0 0 0 0 0 0 0 0 0 0 0 0 0 0 0 
11 31 43 0 0 0 0 0 0 0 0 0 0 0 0 0 0 0 
7 21 44 0 0 0 0 0 0 0 0 0 0 0 0 0 0 0 
8 20 48 0 0 0 0 0 0 0 0 0 0 0 0 0 0 0 
14 23 46 0 0 0 0 0 0 0 0 0 0 0 0 0 0 0 
6 28 37 0 0 0 0 0 0 0 0 0 0 0 0 0 0 0 
13 25 41 0 0 0 0 0 0 0 0 0 0 0 0 0 0 0 
14 32 43 0 0 0 0 0 0 0 0 0 0 0 0 0 0 0 
5 23 37 0 0 0 0 0 0 0 0 0 0 0 0 0 0 0 
2 31 36 0 0 0 0 0 0 0 0 0 0 0 0 0 0 0 
1 28 34 0 0 0 0 0 0 0 0 0 0 0 0 0 0 0 
7 25 47 0 0 0 0 0 0 0 0 0 0 0 0 0 0 0 
10 21 33 0 0 0 0 0 0 0 0 0 0 0 0 0 0 0 
15 30 35 0 0 0 0 0 0 0 0 0 0 0 0 0 0 0 
16 26 48 0 0 0 0 0 0 0 0 0 0 0 0 0 0 0 
3 22 46 0 0 0 0 0 0 0 0 0 0 0 0 0 0 0 
12 20 41 0 0 0 0 0 0 0 0 0 0 0 0 0 0 0 
8 18 38 0 0 0 0 0 0 0 0 0 0 0 0 0 0 0 
4 19 45 0 0 0 0 0 0 0 0 0 0 0 0 0 0 0 
6 24 40 0 0 0 0 0 0 0 0 0 0 0 0 0 0 0 
9 27 39 0 0 0 0 0 0 0 0 0 0 0 0 0 0 0 
5 6 11 14 17 21 22 23 27 28 32 35 36 42 45 46 0 0 
11 29 44 0 0 0 0 0 0 0 0 0 0 0 0 0 0 0 
8 24 34 0 0 0 0 0 0 0 0 0 0 0 0 0 0 0 
6 25 36 0 0 0 0 0 0 0 0 0 0 0 0 0 0 0 
9 19 43 0 0 0 0 0 0 0 0 0 0 0 0 0 0 0 
1 20 46 0 0 0 0 0 0 0 0 0 0 0 0 0 0 0 
14 27 42 0 0 0 0 0 0 0 0 0 0 0 0 0 0 0 
7 22 39 0 0 0 0 0 0 0 0 0 0 0 0 0 0 0 
13 18 35 0 0 0 0 0 0 0 0 0 0 0 0 0 0 0 
4 26 40 0 0 0 0 0 0 0 0 0 0 0 0 0 0 0 
16 29 38 0 0 0 0 0 0 0 0 0 0 0 0 0 0 0 
15 21 48 0 0 0 0 0 0 0 0 0 0 0 0 0 0 0 
11 23 45 0 0 0 0 0 0 0 0 0 0 0 0 0 0 0 
3 5 6 11 13 14 17 21 22 23 27 28 32 35 36 45 46 47 
5 28 44 0 0 0 0 0 0 0 0 0 0 0 0 0 0 0 
12 32 33 0 0 0 0 0 0 0 0 0 0 0 0 0 0 0 
2 30 41 0 0 0 0 0 0 0 0 0 0 0 0 0 0 0 
10 31 37 0 0 0 0 0 0 0 0 0 0 0 0 0 0 0 
10 18 36 0 0 0 0 0 0 0 0 0 0 0 0 0 0 0 
4 23 44 0 0 0 0 0 0 0 0 0 0 0 0 0 0 0 
9 29 40 0 0 0 0 0 0 0 0 0 0 0 0 0 0 0 
2 27 38 0 0 0 0 0 0 0 0 0 0 0 0 0 0 0 
8 30 42 0 0 0 0 0 0 0 0 0 0 0 0 0 0 0 
12 28 43 0 0 0 0 0 0 0 0 0 0 0 0 0 0 0 
11 20 37 0 0 0 0 0 0 0 0 0 0 0 0 0 0 0 
1 19 35 0 0 0 0 0 0 0 0 0 0 0 0 0 0 0 
15 31 39 0 0 0 0 0 0 0 0 0 0 0 0 0 0 0 
16 32 41 0 0 0 0 0 0 0 0 0 0 0 0 0 0 0 
5 26 33 0 0 0 0 0 0 0 0 0 0 0 0 0 0 0 
3 25 45 0 0 0 0 0 0 0 0 0 0 0 0 0 0 0 
13 21 34 0 0 0 0 0 0 0 0 0 0 0 0 0 0 0 
14 24 48 0 0 0 0 0 0 0 0 0 0 0 0 0 0 0 
5 6 7 11 13 14 17 21 22 23 27 28 32 35 36 45 0 0 
6 22 47 0 0 0 0 0 0 0 0 0 0 0 0 0 0 0 
7 27 40 0 0 0 0 0 0 0 0 0 0 0 0 0 0 0 
11 18 33 0 0 0 0 0 0 0 0 0 0 0 0 0 0 0 
2 32 35 0 0 0 0 0 0 0 0 0 0 0 0 0 0 0 
10 28 47 0 0 0 0 0 0 0 0 0 0 0 0 0 0 0 
5 24 41 0 0 0 0 0 0 0 0 0 0 0 0 0 0 0 
12 25 37 0 0 0 0 0 0 0 0 0 0 0 0 0 0 0 
3 19 39 0 0 0 0 0 0 0 0 0 0 0 0 0 0 0 
14 31 44 0 0 0 0 0 0 0 0 0 0 0 0 0 0 0 
16 30 34 0 0 0 0 0 0 0 0 0 0 0 0 0 0 0 
13 20 38 0 0 0 0 0 0 0 0 0 0 0 0 0 0 0 
9 22 36 0 0 0 0 0 0 0 0 0 0 0 0 0 0 0 
5 11 13 14 17 21 22 23 27 28 32 35 36 46 0 0 0 0 
4 21 42 0 0 0 0 0 0 0 0 0 0 0 0 0 0 0 
15 29 46 0 0 0 0 0 0 0 0 0 0 0 0 0 0 0 
8 26 43 0 0 0 0 0 0 0 0 0 0 0 0 0 0 0 
1 23 48 0 0 0 0 0 0 0 0 0 0 0 0 0 0 0 
1 25 42 0 0 0 0 0 0 0 0 0 0 0 0 0 0 0 
15 22 40 0 0 0 0 0 0 0 0 0 0 0 0 0 0 0 
8 21 41 0 0 0 0 0 0 0 0 0 0 0 0 0 0 0 
9 18 47 0 0 0 0 0 0 0 0 0 0 0 0 0 0 0 
6 27 43 0 0 0 0 0 0 0 0 0 0 0 0 0 0 0 
11 30 46 0 0 0 0 0 0 0 0 0 0 0 0 0 0 0 
7 31 35 0 0 0 0 0 0 0 0 0 0 0 0 0 0 0 
5 20 36 0 0 0 0 0 0 0 0 0 0 0 0 0 0 0 
5 6 11 13 17 21 22 23 27 28 32 35 36 38 45 46 0 0 
16 28 45 0 0 0 0 0 0 0 0 0 0 0 0 0 0 0 
4 32 37 0 0 0 0 0 0 0 0 0 0 0 0 0 0 0 
13 23 33 0 0 0 0 0 0 0 0 0 0 0 0 0 0 0 
12 26 44 0 0 0 0 0 0 0 0 0 0 0 0 0 0 0 
3 29 48 0 0 0 0 0 0 0 0 0 0 0 0 0 0 0 
2 24 39 0 0 0 0 0 0 0 0 0 0 0 0 0 0 0 
10 19 34 0 0 0 0 0 0 0 0 0 0 0 0 0 0 0 
8 20 36 56 80 81 0 0 0 0 0 0 
6 19 47 52 67 95 0 0 0 0 0 0 
10 25 44 60 71 94 0 0 0 0 0 0 
9 28 40 50 77 91 0 0 0 0 0 0 
2 6 18 31 44 45 59 63 69 76 88 89 
6 15 29 31 34 44 63 64 85 89 0 0 
12 21 38 63 65 87 0 0 0 0 0 0 
13 27 33 53 79 83 0 0 0 0 0 0 
7 30 35 51 75 84 0 0 0 0 0 0 
1 22 48 49 68 96 0 0 0 0 0 0 
6 11 31 32 43 44 55 63 66 76 86 89 
4 26 46 54 70 93 0 0 0 0 0 0 
6 16 39 44 61 63 74 76 89 92 0 0 
6 14 17 31 37 44 62 63 72 76 0 0 
5 23 42 57 78 82 0 0 0 0 0 0 
3 24 41 58 73 90 0 0 0 0 0 0 
6 31 44 63 76 89 0 0 0 0 0 0 
3 27 39 49 66 84 0 0 0 0 0 0 
5 28 35 56 71 96 0 0 0 0 0 0 
13 26 36 55 74 88 0 0 0 0 0 0 
6 12 22 31 42 44 61 63 76 77 83 89 
4 6 25 31 38 44 63 64 75 76 82 89 
6 14 18 31 43 44 50 63 76 80 89 92 
7 29 33 62 69 95 0 0 0 0 0 0 
16 21 34 60 70 81 0 0 0 0 0 0 
10 24 40 59 79 93 0 0 0 0 0 0 
6 9 30 31 37 44 52 63 65 76 85 89 
6 15 20 31 44 45 54 63 68 76 89 90 
8 32 41 51 78 94 0 0 0 0 0 0 
1 23 47 53 73 86 0 0 0 0 0 0 
11 19 48 57 72 87 0 0 0 0 0 0 
2 6 17 31 44 46 58 63 67 76 89 91 
8 22 46 59 66 92 0 0 0 0 0 0 
6 20 33 61 73 96 0 0 0 0 0 0 
6 10 23 31 39 44 56 63 67 76 87 89 
6 9 19 31 34 44 49 63 75 76 88 89 
15 18 48 55 70 91 0 0 0 0 0 0 
4 27 41 52 74 89 0 0 0 0 0 0 
3 30 38 57 71 95 0 0 0 0 0 0 
1 29 40 51 65 82 0 0 0 0 0 0 
16 26 47 58 69 83 0 0 0 0 0 0 
7 31 37 53 77 81 0 0 0 0 0 0 
11 17 35 54 79 85 0 0 0 0 0 0 
12 32 45 50 72 93 0 0 0 0 0 0 
2 6 28 31 43 44 60 63 89 90 0 0 
6 14 25 31 36 44 76 78 86 89 0 0 
5 21 44 64 68 84 0 0 0 0 0 0 
13 24 42 62 80 94 0 0 0 0 0 0 
