63 45 
27 
23 23 27 15 15 15 23 23 23 15 15 15 15 15 15 27 23 23 1 1 1 1 1 1 1 1 1 1 1 1 1 1 1 1 1 1 1 1 1 1 1 1 1 1 1 1 1 1 1 1 1 1 1 1 1 1 1 1 1 1 1 1 1 
1 2 5 6 9 15 16 19 22 23 24 25 26 29 30 32 35 37 39 40 41 42 45 
1 3 5 7 9 10 15 17 19 20 22 27 29 31 32 33 35 36 37 38 39 43 45 
1 4 5 8 9 10 11 15 18 19 20 21 22 24 25 26 28 29 33 34 35 36 38 41 42 44 45 
1 10 11 12 15 20 21 24 27 32 34 36 40 41 43 
2 11 12 13 16 21 22 25 28 33 35 37 41 42 44 
3 12 13 14 17 22 23 26 29 34 36 38 42 43 45 
1 2 4 5 6 9 13 14 16 18 19 22 25 26 27 29 32 40 41 42 43 44 45 
1 3 7 9 10 14 16 17 20 22 24 25 27 28 29 32 33 35 37 39 40 43 44 
2 4 8 10 11 15 17 18 21 23 25 26 28 29 30 33 34 36 38 40 41 44 45 
1 2 3 6 11 12 15 18 23 25 27 31 32 34 40 
2 3 4 7 12 13 16 19 24 26 28 32 33 35 41 
3 4 5 8 13 14 17 20 25 27 29 33 34 36 42 
4 5 6 9 14 15 18 21 26 28 30 34 35 37 43 
5 6 7 10 15 16 19 22 27 29 31 35 36 38 44 
6 7 8 11 16 17 20 23 28 30 32 36 37 39 45 
1 2 5 6 7 8 12 15 16 17 18 19 21 22 23 25 26 30 31 32 33 35 38 39 41 42 45 
1 3 5 7 8 13 15 17 18 20 25 27 29 30 31 33 34 35 36 37 41 43 45 
1 4 5 8 14 15 18 21 22 23 24 25 28 29 31 34 36 38 39 40 41 44 45 
1 
2 
3 
4 
5 
6 
7 
8 
9 
10 
11 
12 
13 
14 
15 
16 
17 
18 
19 
20 
21 
22 
23 
24 
25 
26 
27 
28 
29 
30 
31 
32 
33 
34 
35 
36 
37 
38 
39 
40 
41 
42 
43 
44 
45 
