1200 880 
5 6 
5 5 5 5 5 5 4 4 4 5 5 4 4 5 4 5 5 5 5 5 5 4 5 4 5 4 4 4 5 5 4 5 5 4 5 5 5 5 5 4 5 4 5 5 5 5 5 4 5 5 4 4 4 4 5 5 4 4 5 4 5 4 5 5 5 5 4 4 5 5 4 5 4 5 4 5 5 4 5 4 5 5 4 5 5 5 5 5 4 5 4 5 4 4 4 5 4 5 4 5 4 4 5 5 5 4 4 4 4 5 5 4 5 4 4 4 4 5 4 5 5 4 5 5 4 5 4 5 4 4 5 5 5 5 4 5 4 5 5 4 5 4 5 5 5 4 5 5 4 5 4 5 4 5 4 5 5 4 4 5 4 5 5 4 5 4 5 4 5 4 5 4 4 4 4 4 5 5 4 4 4 5 5 5 5 5 5 5 4 4 4 5 5 4 4 4 4 5 5 4 4 5 4 5 4 5 4 5 5 5 5 5 4 5 4 5 4 5 5 5 5 4 5 5 4 4 5 5 5 4 5 4 4 5 4 4 5 4 5 5 5 5 5 4 4 5 5 5 4 5 5 4 5 5 5 5 5 5 5 5 4 4 5 4 5 5 4 5 4 4 5 4 5 4 4 4 4 4 4 4 4 4 5 5 5 5 5 5 5 5 5 4 4 5 4 5 4 4 4 4 5 5 5 5 4 5 4 5 5 4 4 4 5 4 5 4 5 5 5 4 4 4 4 5 4 5 4 4 4 4 5 5 4 5 5 4 5 4 4 4 4 5 4 5 5 5 4 5 4 4 4 4 4 4 5 4 4 5 5 4 5 4 4 4 5 5 4 5 4 5 4 4 4 4 5 5 5 5 5 5 4 5 5 4 5 5 4 5 4 4 5 4 4 4 4 4 4 4 5 5 4 4 5 5 5 4 5 4 4 5 4 4 5 5 4 5 4 4 5 5 5 5 4 4 4 5 5 4 4 5 5 4 4 4 4 5 4 5 4 4 4 5 4 4 4 5 5 4 5 4 4 4 5 5 4 5 4 5 4 4 5 4 5 4 4 5 4 5 5 5 4 5 4 5 5 4 4 4 5 4 5 4 5 4 5 4 4 4 4 4 4 4 4 5 4 4 4 4 5 4 4 4 4 4 4 4 4 4 4 4 4 4 4 4 5 4 4 5 4 4 5 4 4 4 4 4 5 4 4 4 4 5 4 4 4 4 4 4 4 4 4 4 4 4 5 4 4 4 4 4 4 4 4 4 4 4 5 4 4 4 4 4 4 5 4 4 4 4 5 4 4 4 4 4 4 5 4 4 4 4 4 4 4 4 4 4 4 4 4 4 4 5 4 5 4 4 4 4 4 4 4 4 4 4 4 4 4 4 5 4 5 4 4 4 4 4 4 4 4 4 4 4 4 4 4 4 4 4 4 5 4 4 5 4 4 4 4 4 4 4 4 4 4 4 4 4 4 5 4 4 4 4 4 4 4 5 4 4 4 4 4 5 4 4 4 4 4 4 4 4 4 4 4 4 4 4 4 4 5 4 4 4 4 4 4 5 4 4 4 4 4 4 4 4 5 4 5 4 4 4 4 4 4 4 4 5 5 4 4 4 4 4 4 4 4 4 4 4 4 4 4 4 4 4 4 4 4 4 4 4 4 4 4 4 4 4 5 4 4 4 4 4 4 4 4 4 4 4 4 4 4 4 4 4 4 4 5 4 4 4 4 4 5 4 4 5 4 4 4 4 4 4 4 4 4 4 4 4 4 4 4 4 4 4 4 4 4 4 4 4 4 4 4 4 4 4 4 4 4 4 5 4 4 5 4 4 4 4 4 4 4 4 4 4 4 5 5 5 5 5 5 5 5 5 5 5 5 5 5 5 5 5 5 5 5 5 5 5 5 5 5 5 5 5 5 5 5 5 5 5 5 5 5 5 5 5 5 5 5 5 5 5 5 5 5 5 5 5 5 5 5 5 5 5 5 5 5 5 5 5 5 5 5 5 5 5 5 5 5 5 5 5 5 5 5 5 5 5 5 5 5 5 5 5 5 5 5 5 5 5 5 5 1 1 1 1 1 1 1 1 1 1 1 1 1 1 1 1 1 1 1 1 1 1 1 1 1 1 1 1 1 1 1 1 1 1 1 1 1 1 1 1 1 1 1 1 1 1 1 1 1 1 1 1 1 1 1 1 1 1 1 1 1 1 1 1 1 1 1 1 1 1 1 1 1 1 1 1 1 1 1 1 1 1 1 1 1 1 1 1 1 1 1 1 1 1 1 1 2 2 2 2 2 2 2 2 2 2 2 2 2 2 2 2 2 2 2 2 2 2 2 2 2 2 2 2 2 2 2 2 2 2 2 2 2 2 2 2 2 2 2 2 2 2 2 2 2 2 2 2 2 2 2 2 2 2 2 2 2 2 2 2 2 2 2 2 2 2 2 2 2 2 2 2 2 2 2 2 2 2 2 2 2 2 2 2 2 2 2 2 2 2 2 2 1 1 1 1 1 1 1 1 1 1 1 1 1 1 1 1 1 1 1 1 1 1 1 1 1 1 1 1 1 1 1 1 1 1 1 1 1 1 1 1 1 1 1 1 1 1 1 1 1 1 1 1 1 1 1 1 1 1 1 1 1 1 1 1 1 1 1 1 1 1 1 1 1 1 1 1 1 1 1 1 1 1 1 1 1 1 1 1 1 1 1 1 1 1 1 1 
6 6 6 6 6 6 6 6 6 6 6 6 6 6 6 6 6 6 6 6 6 6 6 6 6 6 6 6 6 6 6 6 6 6 6 6 6 6 6 6 6 6 6 6 6 6 6 6 6 6 6 6 6 6 6 6 6 6 6 6 6 6 6 6 6 6 6 6 6 6 6 6 6 6 6 6 6 6 6 6 6 6 6 6 6 6 6 6 6 6 6 6 6 6 6 6 6 6 6 6 6 6 6 6 6 6 6 6 6 6 6 6 6 6 6 6 6 6 6 6 6 6 6 6 6 6 6 6 6 6 6 6 6 6 6 6 6 6 6 6 6 6 6 6 6 6 6 6 6 6 6 6 6 6 6 6 6 6 6 6 6 6 6 6 6 6 6 6 6 6 6 6 6 6 6 6 6 6 6 6 6 6 6 6 6 6 6 6 6 6 6 6 6 6 6 6 6 6 6 6 6 6 6 6 6 6 6 6 6 6 6 6 6 6 6 6 6 6 6 6 6 6 6 6 6 6 6 6 6 6 6 6 6 6 6 6 6 6 6 6 6 6 6 6 6 6 6 6 6 6 6 6 6 6 6 6 6 6 6 6 6 6 6 6 6 6 6 6 6 6 6 6 6 6 6 6 6 6 6 6 6 6 6 6 6 6 6 6 6 6 6 6 6 6 6 6 6 6 6 6 6 6 6 6 6 6 6 6 6 6 6 6 6 6 6 6 6 6 6 6 6 6 6 6 6 6 6 6 6 6 6 6 6 6 6 6 6 6 6 6 6 6 6 6 6 6 6 6 6 6 6 6 6 6 6 6 6 6 6 6 6 6 6 6 6 6 6 6 6 6 6 6 6 6 6 6 6 6 6 6 6 6 6 6 6 6 6 6 6 6 6 6 6 6 6 6 6 6 6 6 6 6 6 6 6 6 6 6 6 6 6 6 6 6 6 6 6 6 6 6 6 6 6 6 6 6 6 6 6 6 6 6 6 6 6 6 6 6 6 6 6 6 6 6 6 6 6 6 6 6 6 6 6 6 6 6 6 6 6 6 6 6 6 6 6 6 6 6 6 6 6 6 6 6 6 6 6 6 6 6 6 6 6 6 6 6 6 6 6 6 6 6 6 6 6 6 6 6 6 6 6 6 6 6 6 6 6 6 6 6 6 6 6 6 6 6 6 6 6 6 6 6 6 6 6 6 6 6 6 6 6 6 6 6 6 6 6 6 6 6 6 6 6 6 6 6 6 6 6 6 6 6 6 6 6 6 6 6 6 6 6 6 6 6 6 6 6 6 6 6 6 6 6 6 6 6 6 6 6 6 6 6 6 6 6 6 6 6 6 6 6 6 3 3 3 3 3 3 3 3 3 3 3 3 3 3 3 3 3 3 3 3 3 3 3 3 3 3 3 3 3 3 3 3 3 3 3 3 3 3 3 3 3 3 3 3 3 3 3 3 3 3 3 3 3 3 3 3 3 3 3 3 3 3 3 3 3 3 3 3 3 3 3 3 3 3 3 3 3 3 3 3 3 3 3 3 3 3 3 3 3 3 3 3 3 3 3 3 3 3 3 3 3 3 3 3 3 3 3 3 3 3 3 3 3 3 3 3 3 3 3 3 3 3 3 3 3 3 3 3 3 3 3 3 3 3 3 3 3 3 3 3 3 3 3 3 3 3 3 3 3 3 3 3 3 3 3 3 3 3 3 3 3 3 3 3 3 3 3 3 3 3 3 3 3 3 3 3 3 3 3 3 3 3 3 3 3 3 3 3 3 3 3 3 3 3 3 3 3 3 3 3 3 3 3 3 3 3 3 3 3 3 3 3 3 3 3 3 3 3 3 3 3 3 3 3 3 3 3 3 3 3 3 3 3 3 3 3 3 3 3 3 3 3 3 3 3 3 3 3 3 3 3 3 3 3 3 3 3 3 3 3 3 3 3 3 3 3 3 3 3 3 3 3 3 3 3 3 3 3 3 3 3 3 3 3 3 3 3 3 
1 162 273 494 593 
2 56 274 350 594 
3 167 275 507 595 
4 226 276 296 596 
5 99 277 528 736 
6 172 278 321 597 
7 221 279 285 0 
8 47 280 524 0 
9 272 281 371 0 
10 93 282 400 598 
11 122 283 337 599 
12 258 284 498 0 
13 208 285 503 0 
14 164 286 403 600 
15 242 287 521 0 
16 253 288 486 601 
17 149 289 408 750 
18 200 290 291 602 
19 237 291 439 603 
20 107 284 292 604 
21 262 293 341 605 
22 129 294 356 0 
23 119 295 463 606 
24 80 296 476 0 
23 25 297 436 607 
11 26 298 468 0 
27 210 299 517 0 
28 96 300 478 0 
29 133 301 435 608 
30 271 302 480 609 
31 233 303 313 0 
21 32 304 388 780 
33 52 287 305 764 
34 128 275 306 0 
35 245 307 411 610 
36 150 308 542 611 
28 37 309 326 694 
38 192 310 421 612 
39 196 311 520 613 
27 40 312 419 0 
15 41 277 313 735 
42 49 312 314 0 
13 43 315 377 614 
44 223 316 508 615 
45 211 317 440 616 
46 255 318 354 617 
47 202 319 452 719 
48 90 306 320 0 
49 182 321 372 618 
50 169 322 352 619 
51 197 319 323 0 
52 173 324 437 0 
33 53 325 431 0 
53 54 326 510 0 
55 260 327 370 620 
56 59 325 328 621 
57 66 329 433 0 
58 194 330 344 0 
59 148 331 533 622 
60 191 329 332 0 
61 193 281 333 623 
62 114 301 334 0 
63 218 335 446 624 
64 250 298 336 749 
65 246 305 337 625 
66 185 314 338 626 
67 124 294 339 0 
3 68 340 361 0 
69 110 341 462 627 
57 70 342 540 628 
32 71 343 499 0 
72 130 344 466 697 
73 101 310 345 0 
43 74 338 346 629 
75 83 347 428 0 
44 76 348 477 630 
30 77 349 413 631 
18 78 346 350 0 
79 138 351 509 632 
80 216 352 511 0 
81 187 353 416 633 
70 82 280 354 634 
83 117 355 402 0 
84 225 307 356 635 
85 118 357 518 636 
86 105 358 496 637 
7 87 359 363 638 
88 179 360 405 639 
36 89 299 361 0 
90 159 348 362 756 
91 106 363 460 0 
92 234 311 364 640 
9 93 365 376 0 
60 94 366 367 0 
95 213 333 367 0 
96 259 368 398 641 
97 248 369 397 0 
72 98 357 370 642 
99 263 371 474 0 
89 100 317 372 643 
101 127 351 373 0 
20 102 374 438 0 
103 227 375 504 724 
104 231 376 385 644 
68 105 377 488 645 
40 106 378 393 0 
5 107 315 379 0 
95 108 360 380 0 
63 109 381 457 0 
110 145 382 543 646 
41 111 322 383 647 
112 249 330 384 0 
113 207 276 385 783 
114 156 386 450 0 
115 198 365 387 0 
64 116 388 526 0 
117 266 389 406 0 
118 204 390 443 648 
119 239 390 391 0 
26 120 392 425 771 
98 121 393 502 649 
79 122 297 394 0 
123 257 395 458 650 
111 124 328 396 651 
125 136 389 397 0 
126 188 398 512 652 
91 127 399 451 0 
112 128 400 501 768 
129 268 308 401 0 
81 130 383 402 0 
131 195 403 538 653 
123 132 382 404 654 
102 133 405 530 655 
134 154 406 492 656 
78 135 407 481 0 
136 165 408 469 657 
137 184 342 409 0 
85 138 410 516 658 
139 264 411 544 659 
140 244 412 515 0 
141 228 413 506 660 
25 142 318 414 0 
143 220 289 415 727 
144 163 416 514 661 
145 176 417 475 662 
146 147 378 418 0 
147 224 419 484 730 
148 170 339 420 663 
84 149 421 534 0 
150 189 332 422 784 
151 201 423 470 0 
152 177 424 479 664 
4 153 355 425 0 
154 180 391 426 665 
22 155 427 535 0 
132 156 428 448 777 
109 157 347 429 729 
108 158 427 430 0 
159 241 412 431 0 
103 160 381 432 761 
161 186 433 531 0 
160 162 404 434 666 
163 235 435 472 667 
29 164 436 505 0 
51 165 362 437 668 
42 166 415 438 0 
167 181 429 439 669 
168 251 414 440 0 
131 169 380 441 670 
168 170 430 442 0 
171 222 386 443 671 
82 172 345 444 0 
173 209 445 467 0 
158 174 407 446 0 
175 267 304 447 0 
116 176 418 448 0 
55 177 449 497 672 
178 217 450 536 693 
31 179 451 461 0 
142 180 452 485 0 
140 181 302 453 0 
182 238 396 454 673 
62 183 426 455 754 
143 184 379 456 674 
146 185 457 519 675 
76 186 422 458 676 
16 187 290 459 677 
2 188 309 460 678 
189 206 303 461 0 
190 269 434 462 0 
100 191 420 463 0 
126 192 288 464 679 
155 193 283 465 680 
71 194 359 466 0 
151 195 467 539 0 
196 229 373 468 0 
113 197 469 490 0 
67 198 441 470 681 
190 199 471 522 682 
200 261 334 472 0 
201 265 320 473 0 
139 202 364 474 683 
65 203 409 475 0 
199 204 476 523 684 
50 205 477 487 0 
61 206 454 478 709 
46 207 384 479 0 
121 208 449 480 685 
19 209 444 481 686 
86 210 300 482 747 
12 211 394 483 687 
171 212 482 484 688 
54 213 445 485 0 
77 214 278 486 785 
58 215 331 487 0 
216 230 410 488 708 
174 217 442 489 0 
87 218 353 490 786 
219 236 456 491 787 
120 220 473 492 718 
74 221 493 527 788 
73 222 327 494 0 
223 256 493 495 698 
224 252 496 537 789 
152 225 392 497 0 
141 226 489 498 0 
205 227 358 499 790 
10 228 343 500 791 
229 232 369 501 792 
134 230 324 502 0 
6 231 423 503 759 
219 232 417 504 0 
24 233 424 505 0 
75 234 279 506 793 
157 235 395 507 0 
92 236 368 508 0 
161 237 471 509 794 
238 240 510 525 0 
215 239 274 511 795 
178 240 349 512 776 
38 241 282 513 796 
242 247 401 514 797 
88 243 295 515 798 
104 244 464 516 0 
45 245 447 517 0 
153 246 366 518 799 
48 247 323 519 800 
248 254 293 520 760 
249 270 483 521 0 
34 250 522 529 801 
97 251 513 523 741 
39 252 432 524 0 
125 253 286 525 737 
94 254 491 526 752 
35 255 399 527 802 
8 256 453 528 803 
243 257 455 529 804 
1 258 530 532 805 
37 259 500 531 806 
203 260 532 541 807 
144 261 292 533 0 
17 262 340 534 0 
175 263 375 535 715 
166 264 459 536 0 
137 265 374 537 808 
115 266 273 538 781 
14 267 316 539 0 
69 268 336 540 772 
135 269 495 541 0 
214 270 335 542 0 
212 271 465 543 809 
183 272 387 544 0 
118 184 198 340 810 
59 239 412 455 0 
5 135 339 538 0 
82 95 270 474 0 
64 159 254 268 0 
87 238 280 449 0 
12 179 192 340 0 
281 337 428 496 0 
375 390 484 542 0 
126 190 206 392 0 
31 193 524 531 811 
55 271 276 415 812 
49 494 497 533 700 
74 418 421 490 766 
152 181 203 419 813 
295 320 446 540 814 
51 76 432 473 815 
124 136 206 494 711 
156 171 221 275 816 
100 174 346 509 0 
6 85 334 369 0 
20 66 129 352 817 
69 179 210 349 0 
105 113 217 391 818 
22 50 306 455 0 
153 288 398 481 0 
9 238 333 475 0 
22 257 430 512 0 
61 187 286 468 819 
26 35 280 372 820 
18 181 332 482 821 
242 261 306 483 822 
434 435 486 520 0 
25 276 317 329 823 
26 27 175 355 0 
48 201 236 500 824 
58 178 256 398 825 
39 364 368 538 0 
31 152 331 379 0 
13 191 397 451 0 
10 20 118 430 826 
17 33 132 359 0 
126 183 250 425 827 
107 479 508 512 0 
208 231 441 520 725 
66 132 327 342 706 
285 400 412 473 690 
283 288 373 403 0 
190 262 278 542 0 
44 138 155 436 0 
170 366 385 447 0 
3 18 65 362 828 
22 157 223 386 0 
110 180 351 448 829 
25 125 174 399 0 
146 182 269 477 0 
37 98 265 384 0 
359 405 505 516 0 
37 147 182 294 770 
385 442 443 502 830 
227 248 385 535 0 
53 84 461 514 726 
133 199 223 321 831 
120 227 279 477 0 
78 234 293 357 832 
39 227 304 343 0 
129 162 235 467 0 
81 329 346 544 0 
30 125 155 264 0 
74 285 491 496 833 
12 251 471 530 0 
132 145 152 173 742 
104 303 405 513 834 
52 231 435 443 835 
82 99 141 256 0 
63 80 408 533 836 
224 366 375 505 0 
10 11 117 376 0 
237 267 343 484 0 
87 103 158 220 0 
49 165 252 266 0 
107 248 312 415 0 
148 173 225 456 837 
292 377 407 436 0 
13 215 354 489 0 
77 294 324 485 838 
38 45 99 216 839 
67 316 400 525 0 
114 293 439 480 840 
69 195 382 407 0 
157 295 479 511 0 
161 428 497 541 0 
119 270 307 373 841 
164 168 428 478 842 
221 237 278 368 0 
88 113 193 529 843 
193 203 277 383 0 
135 445 465 498 844 
68 87 469 527 0 
102 228 318 432 0 
91 236 389 540 0 
100 167 504 541 0 
67 250 370 460 691 
60 93 98 143 845 
46 64 202 539 846 
12 79 205 329 712 
131 158 184 465 847 
22 291 417 498 848 
204 217 336 388 0 
121 154 408 489 849 
106 112 515 519 850 
109 263 441 495 0 
19 189 424 513 851 
194 259 283 427 757 
153 308 328 409 0 
243 373 522 534 852 
27 34 262 366 0 
78 187 343 415 0 
6 56 352 371 853 
144 199 267 325 0 
261 265 482 530 0 
20 116 172 296 0 
93 159 326 356 0 
15 260 305 383 0 
95 188 452 544 0 
92 325 520 535 0 
2 27 341 424 854 
24 106 187 372 740 
128 253 467 534 0 
72 338 430 543 0 
127 264 324 509 855 
164 225 247 375 856 
70 506 516 528 748 
156 320 365 421 0 
255 290 338 525 857 
34 117 161 523 0 
154 233 429 518 0 
108 200 401 515 689 
188 321 475 528 0 
186 265 421 481 0 
85 342 365 519 858 
47 283 299 504 720 
321 379 431 448 0 
378 483 514 527 859 
318 388 484 537 0 
45 82 219 235 0 
63 345 461 517 860 
24 201 226 347 774 
97 234 313 429 738 
37 74 162 274 762 
349 401 478 481 0 
247 350 414 472 0 
58 233 402 448 0 
36 105 112 210 861 
18 136 304 364 862 
245 318 356 395 0 
79 103 308 361 0 
328 370 438 471 863 
44 131 273 458 767 
1 67 232 297 0 
223 322 358 435 0 
14 243 386 393 0 
130 167 307 454 0 
196 284 336 502 864 
151 218 393 431 0 
111 116 185 403 865 
78 233 320 443 0 
81 124 312 351 0 
86 226 268 395 0 
24 59 76 265 866 
46 304 314 511 0 
69 183 192 202 0 
18 305 315 381 0 
196 204 288 427 867 
8 53 145 153 868 
92 245 363 410 0 
126 255 382 402 869 
30 68 73 495 0 
98 389 442 463 0 
264 450 464 493 0 
73 119 137 354 714 
29 168 319 387 870 
148 151 311 405 0 
19 136 211 361 871 
137 279 420 540 0 
143 147 169 273 872 
72 118 358 381 0 
205 240 306 388 0 
66 212 466 507 873 
100 117 254 298 0 
52 71 211 310 773 
31 228 302 407 0 
4 84 128 464 0 
83 207 353 500 874 
361 384 503 517 0 
25 148 240 404 875 
127 207 232 330 758 
171 209 407 432 876 
337 367 488 492 0 
28 287 476 507 877 
236 439 463 488 0 
104 259 382 461 878 
5 139 237 470 879 
5 210 289 512 0 
213 270 315 436 0 
57 72 158 396 0 
92 255 299 374 723 
50 301 411 542 0 
38 95 222 471 880 
163 208 453 461 0 
260 309 317 470 716 
155 160 271 368 0 
51 79 487 496 743 
19 319 467 475 0 
165 177 277 500 0 
84 362 476 490 0 
93 170 209 459 0 
14 32 104 283 0 
175 186 243 276 0 
131 164 379 417 0 
142 183 316 519 0 
229 325 452 496 695 
47 451 488 522 0 
58 109 279 322 0 
42 177 286 531 0 
2 284 339 458 0 
191 240 297 311 721 
244 312 322 483 0 
110 239 414 459 0 
88 95 134 192 0 
273 348 425 542 0 
191 339 351 363 0 
53 207 424 494 0 
37 418 426 469 0 
21 54 157 364 0 
205 262 330 501 0 
7 10 432 490 0 
79 130 327 525 0 
73 96 313 499 0 
33 49 244 351 0 
46 241 437 535 0 
101 335 386 433 0 
32 81 190 202 728 
44 117 180 384 0 
23 195 307 355 0 
36 201 380 440 745 
135 450 469 519 0 
90 227 417 515 0 
60 395 471 532 710 
105 159 185 394 0 
43 94 110 456 0 
163 175 212 440 0 
108 113 155 336 0 
9 65 502 535 0 
253 489 501 511 731 
149 154 359 488 0 
301 399 452 508 0 
146 246 268 465 0 
258 314 397 478 0 
27 107 225 369 692 
124 277 342 393 0 
215 264 394 495 0 
34 125 287 380 0 
4 331 336 517 0 
115 301 323 376 0 
59 166 197 409 0 
11 57 325 475 0 
43 185 333 384 0 
277 305 387 389 0 
83 374 408 426 0 
1 51 88 383 0 
298 354 377 539 0 
229 300 466 467 707 
40 81 86 262 0 
146 179 422 460 0 
32 222 476 492 0 
112 175 271 416 0 
55 339 392 396 0 
6 12 96 176 0 
162 174 184 259 0 
2 172 244 480 0 
113 141 272 453 0 
66 310 414 445 0 
120 266 334 353 0 
134 179 285 423 704 
14 377 401 544 0 
177 199 250 506 0 
21 41 56 394 0 
102 253 468 537 0 
122 435 447 463 0 
57 130 180 266 0 
28 47 267 502 753 
149 166 402 507 0 
293 302 385 459 0 
51 62 287 536 0 
197 247 274 487 0 
106 281 354 468 744 
115 299 379 455 0 
21 70 138 295 0 
123 200 223 415 0 
275 347 387 483 0 
70 136 356 447 0 
16 28 404 406 0 
89 314 408 462 732 
75 147 218 485 0 
45 446 486 539 0 
4 344 503 543 0 
235 345 346 417 0 
54 282 327 381 0 
29 91 501 527 0 
50 76 357 528 0 
19 267 286 300 0 
48 246 248 491 0 
115 138 403 518 0 
89 362 406 514 0 
6 230 359 397 0 
129 141 215 364 0 
131 152 243 328 0 
63 183 249 439 0 
42 335 362 387 739 
56 182 208 221 0 
315 347 371 501 713 
97 114 273 399 0 
194 305 406 437 0 
94 121 209 413 0 
39 151 171 391 0 
96 324 473 516 0 
40 441 444 523 0 
245 295 341 521 0 
111 274 468 536 0 
7 102 270 366 0 
86 170 197 252 0 
53 62 189 437 0 
135 217 287 412 0 
54 164 180 504 0 
142 258 335 372 0 
24 220 260 413 775 
139 167 405 499 0 
67 189 203 346 733 
104 306 451 532 0 
54 86 190 386 0 
55 194 242 248 0 
71 123 224 261 0 
111 122 151 296 0 
226 303 357 457 0 
213 297 478 512 0 
128 146 344 481 0 
58 119 394 474 0 
55 272 358 491 0 
16 40 101 174 0 
307 426 434 472 0 
121 278 404 521 0 
371 462 504 537 0 
126 203 513 531 0 
281 357 389 472 0 
3 33 41 398 0 
132 150 240 521 0 
144 363 374 399 769 
59 360 445 487 0 
56 125 275 363 0 
61 63 390 458 722 
32 191 323 448 0 
15 239 337 341 0 
97 122 143 280 0 
41 168 321 449 0 
77 188 484 492 0 
140 258 416 420 0 
171 199 202 269 0 
60 107 154 474 0 
34 57 297 486 0 
112 230 289 508 0 
169 214 294 303 0 
2 10 220 291 0 
29 309 446 452 0 
288 409 418 532 0 
71 236 459 462 765 
109 410 510 543 0 
40 139 317 524 0 
38 291 326 529 0 
5 147 442 497 0 
71 163 177 425 0 
188 233 257 520 0 
45 105 289 309 0 
123 176 345 421 779 
160 186 216 406 0 
3 222 429 493 0 
30 150 356 420 0 
251 320 370 444 0 
87 89 279 382 0 
91 333 411 422 751 
48 96 416 505 0 
153 252 316 462 0 
70 139 150 251 0 
127 221 225 401 0 
220 282 380 419 0 
209 271 518 536 0 
172 196 313 423 0 
122 140 214 334 0 
137 204 450 456 0 
29 108 222 416 0 
85 99 161 247 0 
116 289 427 465 0 
120 261 332 411 0 
88 130 338 528 0 
35 350 450 523 0 
17 250 269 524 0 
15 39 280 342 717 
145 232 409 518 0 
77 242 296 412 0 
7 52 129 538 0 
43 369 419 466 0 
49 140 149 391 0 
23 231 263 282 0 
172 348 509 524 782 
249 479 494 530 0 
138 234 381 413 0 
353 367 396 470 0 
73 272 286 414 0 
114 141 178 487 0 
17 116 142 455 0 
99 157 185 213 0 
11 90 214 525 0 
195 365 395 428 705 
246 258 260 418 0 
241 290 323 375 734 
17 212 293 485 0 
228 404 457 534 0 
110 173 349 454 0 
97 348 372 438 0 
26 360 365 457 0 
244 510 531 533 0 
133 198 434 480 0 
292 300 309 485 0 
83 318 376 489 699 
102 290 310 526 755 
89 215 266 505 0 
61 133 204 340 0 
159 314 317 499 0 
52 93 238 347 0 
50 335 344 380 0 
160 358 423 482 0 
140 166 168 464 0 
98 206 482 500 0 
149 176 419 427 0 
65 120 148 445 0 
165 370 397 470 0 
62 533 537 541 0 
76 219 438 506 0 
68 115 218 345 0 
90 156 229 439 0 
64 80 328 355 0 
8 181 294 350 0 
186 257 326 413 0 
169 211 298 446 0 
68 400 444 507 0 
8 35 194 352 0 
200 205 238 424 0 
61 160 299 311 0 
195 256 276 477 0 
9 278 343 522 0 
123 315 506 530 0 
193 226 436 464 0 
396 429 469 495 0 
15 36 254 290 0 
255 308 420 444 763 
246 252 368 522 0 
308 426 486 534 0 
21 257 360 377 0 
77 167 198 526 0 
42 158 508 529 0 
82 91 134 201 0 
16 133 224 355 0 
111 178 361 440 0 
30 38 213 353 0 
80 165 166 313 0 
75 263 498 516 0 
16 434 514 517 0 
64 145 263 312 0 
8 214 301 371 0 
121 198 367 498 0 
231 422 442 509 0 
100 103 216 296 0 
144 369 425 543 0 
41 178 332 503 0 
207 298 304 430 746 
48 272 374 523 0 
253 411 515 521 0 
33 176 376 493 0 
137 285 474 527 0 
23 249 402 456 0 
373 378 463 477 778 
75 302 410 503 0 
197 292 352 493 0 
303 311 327 331 701 
254 319 324 431 0 
43 101 200 235 0 
211 245 510 526 0 
42 44 241 400 0 
13 230 348 431 0 
173 302 331 479 0 
14 232 259 449 0 
69 162 340 438 0 
1 284 319 330 0 
20 72 128 161 0 
210 454 460 536 0 
31 94 440 532 0 
109 163 378 529 0 
4 36 388 449 0 
94 142 169 323 0 
13 422 499 541 0 
46 118 256 540 0 
62 228 300 492 0 
84 187 291 526 0 
35 90 108 473 0 
127 281 282 398 0 
274 453 458 480 0 
23 143 334 341 0 
106 268 350 367 0 
322 403 433 476 0 
230 275 284 392 0 
134 219 269 544 0 
119 251 344 378 0 
181 196 326 513 0 
3 47 390 511 0 
65 85 229 443 0 
9 170 360 437 0 
60 216 219 423 0 
74 310 410 457 0 
391 453 466 490 702 
1 144 218 433 0 
80 156 234 454 0 
124 217 390 433 703 
78 83 189 447 0 
103 150 182 242 0 
316 332 451 510 0 
11 333 472 539 0 
26 192 208 237 0 
101 212 491 538 0 
114 337 349 393 0 
92 239 330 383 0 
75 206 329 338 0 
25 28 292 392 0 
7 224 460 497 0 
184 241 249 441 696 
554 574 584 593 689 
549 576 589 594 690 
560 562 583 595 691 
556 566 582 596 692 
559 563 591 597 693 
546 561 578 598 694 
553 568 586 599 695 
545 573 577 600 696 
548 571 580 601 697 
547 570 579 602 698 
555 575 587 603 699 
551 565 588 604 700 
552 564 592 605 701 
558 567 590 606 702 
550 572 581 607 703 
557 569 585 608 704 
558 576 587 609 705 
549 567 581 610 706 
546 575 580 611 707 
545 572 578 612 708 
551 569 591 613 709 
554 565 577 614 710 
559 574 579 615 711 
560 570 592 616 712 
547 566 590 617 713 
556 564 585 618 714 
552 562 582 619 715 
548 563 589 620 716 
550 568 584 621 717 
553 571 583 622 718 
557 561 586 623 719 
555 573 588 624 720 
552 568 578 625 721 
550 569 580 626 722 
553 563 587 627 723 
545 564 590 628 724 
558 571 586 629 725 
551 566 583 630 726 
557 562 579 631 727 
548 570 584 632 728 
560 573 582 633 729 
559 565 592 634 730 
555 567 589 635 731 
547 561 591 636 732 
549 572 588 637 733 
556 576 577 638 734 
546 574 585 639 735 
554 575 581 640 736 
554 562 580 641 737 
548 567 588 642 738 
553 573 584 643 739 
546 571 582 644 740 
552 574 586 645 741 
556 572 587 646 742 
555 564 581 647 743 
545 563 579 648 744 
559 575 583 649 745 
560 576 585 650 746 
549 570 577 651 747 
547 569 589 652 748 
557 565 578 653 749 
558 568 592 654 750 
551 561 590 655 751 
550 566 591 656 752 
551 571 584 657 753 
555 562 577 658 754 
546 576 579 659 755 
554 572 591 660 756 
549 568 585 661 757 
556 569 581 662 758 
547 563 583 663 759 
558 575 588 664 760 
560 574 578 665 761 
557 564 582 666 762 
553 566 580 667 763 
550 561 589 668 764 
548 565 586 669 765 
559 573 590 670 766 
552 570 587 671 767 
545 567 592 672 768 
545 569 586 673 769 
559 566 584 674 770 
552 565 585 675 771 
553 562 591 676 772 
550 571 587 677 773 
555 574 590 678 774 
551 575 579 679 775 
549 564 580 680 776 
558 561 582 681 777 
560 572 589 682 778 
548 576 581 683 779 
557 567 577 684 780 
556 570 588 685 781 
547 573 592 686 782 
546 568 583 687 783 
554 563 578 688 784 
593 0 0 0 0 
594 0 0 0 0 
595 0 0 0 0 
596 0 0 0 0 
597 0 0 0 0 
598 0 0 0 0 
599 0 0 0 0 
600 0 0 0 0 
601 0 0 0 0 
602 0 0 0 0 
603 0 0 0 0 
604 0 0 0 0 
605 0 0 0 0 
606 0 0 0 0 
607 0 0 0 0 
608 0 0 0 0 
609 0 0 0 0 
610 0 0 0 0 
611 0 0 0 0 
612 0 0 0 0 
613 0 0 0 0 
614 0 0 0 0 
615 0 0 0 0 
616 0 0 0 0 
617 0 0 0 0 
618 0 0 0 0 
619 0 0 0 0 
620 0 0 0 0 
621 0 0 0 0 
622 0 0 0 0 
623 0 0 0 0 
624 0 0 0 0 
625 0 0 0 0 
626 0 0 0 0 
627 0 0 0 0 
628 0 0 0 0 
629 0 0 0 0 
630 0 0 0 0 
631 0 0 0 0 
632 0 0 0 0 
633 0 0 0 0 
634 0 0 0 0 
635 0 0 0 0 
636 0 0 0 0 
637 0 0 0 0 
638 0 0 0 0 
639 0 0 0 0 
640 0 0 0 0 
641 0 0 0 0 
642 0 0 0 0 
643 0 0 0 0 
644 0 0 0 0 
645 0 0 0 0 
646 0 0 0 0 
647 0 0 0 0 
648 0 0 0 0 
649 0 0 0 0 
650 0 0 0 0 
651 0 0 0 0 
652 0 0 0 0 
653 0 0 0 0 
654 0 0 0 0 
655 0 0 0 0 
656 0 0 0 0 
657 0 0 0 0 
658 0 0 0 0 
659 0 0 0 0 
660 0 0 0 0 
661 0 0 0 0 
662 0 0 0 0 
663 0 0 0 0 
664 0 0 0 0 
665 0 0 0 0 
666 0 0 0 0 
667 0 0 0 0 
668 0 0 0 0 
669 0 0 0 0 
670 0 0 0 0 
671 0 0 0 0 
672 0 0 0 0 
673 0 0 0 0 
674 0 0 0 0 
675 0 0 0 0 
676 0 0 0 0 
677 0 0 0 0 
678 0 0 0 0 
679 0 0 0 0 
680 0 0 0 0 
681 0 0 0 0 
682 0 0 0 0 
683 0 0 0 0 
684 0 0 0 0 
685 0 0 0 0 
686 0 0 0 0 
687 0 0 0 0 
688 0 0 0 0 
689 785 0 0 0 
690 786 0 0 0 
691 787 0 0 0 
692 788 0 0 0 
693 789 0 0 0 
694 790 0 0 0 
695 791 0 0 0 
696 792 0 0 0 
697 793 0 0 0 
698 794 0 0 0 
699 795 0 0 0 
700 796 0 0 0 
701 797 0 0 0 
702 798 0 0 0 
703 799 0 0 0 
704 800 0 0 0 
705 801 0 0 0 
706 802 0 0 0 
707 803 0 0 0 
708 804 0 0 0 
709 805 0 0 0 
710 806 0 0 0 
711 807 0 0 0 
712 808 0 0 0 
713 809 0 0 0 
714 810 0 0 0 
715 811 0 0 0 
716 812 0 0 0 
717 813 0 0 0 
718 814 0 0 0 
719 815 0 0 0 
720 816 0 0 0 
721 817 0 0 0 
722 818 0 0 0 
723 819 0 0 0 
724 820 0 0 0 
725 821 0 0 0 
726 822 0 0 0 
727 823 0 0 0 
728 824 0 0 0 
729 825 0 0 0 
730 826 0 0 0 
731 827 0 0 0 
732 828 0 0 0 
733 829 0 0 0 
734 830 0 0 0 
735 831 0 0 0 
736 832 0 0 0 
737 833 0 0 0 
738 834 0 0 0 
739 835 0 0 0 
740 836 0 0 0 
741 837 0 0 0 
742 838 0 0 0 
743 839 0 0 0 
744 840 0 0 0 
745 841 0 0 0 
746 842 0 0 0 
747 843 0 0 0 
748 844 0 0 0 
749 845 0 0 0 
750 846 0 0 0 
751 847 0 0 0 
752 848 0 0 0 
753 849 0 0 0 
754 850 0 0 0 
755 851 0 0 0 
756 852 0 0 0 
757 853 0 0 0 
758 854 0 0 0 
759 855 0 0 0 
760 856 0 0 0 
761 857 0 0 0 
762 858 0 0 0 
763 859 0 0 0 
764 860 0 0 0 
765 861 0 0 0 
766 862 0 0 0 
767 863 0 0 0 
768 864 0 0 0 
769 865 0 0 0 
770 866 0 0 0 
771 867 0 0 0 
772 868 0 0 0 
773 869 0 0 0 
774 870 0 0 0 
775 871 0 0 0 
776 872 0 0 0 
777 873 0 0 0 
778 874 0 0 0 
779 875 0 0 0 
780 876 0 0 0 
781 877 0 0 0 
782 878 0 0 0 
783 879 0 0 0 
784 880 0 0 0 
785 0 0 0 0 
786 0 0 0 0 
787 0 0 0 0 
788 0 0 0 0 
789 0 0 0 0 
790 0 0 0 0 
791 0 0 0 0 
792 0 0 0 0 
793 0 0 0 0 
794 0 0 0 0 
795 0 0 0 0 
796 0 0 0 0 
797 0 0 0 0 
798 0 0 0 0 
799 0 0 0 0 
800 0 0 0 0 
801 0 0 0 0 
802 0 0 0 0 
803 0 0 0 0 
804 0 0 0 0 
805 0 0 0 0 
806 0 0 0 0 
807 0 0 0 0 
808 0 0 0 0 
809 0 0 0 0 
810 0 0 0 0 
811 0 0 0 0 
812 0 0 0 0 
813 0 0 0 0 
814 0 0 0 0 
815 0 0 0 0 
816 0 0 0 0 
817 0 0 0 0 
818 0 0 0 0 
819 0 0 0 0 
820 0 0 0 0 
821 0 0 0 0 
822 0 0 0 0 
823 0 0 0 0 
824 0 0 0 0 
825 0 0 0 0 
826 0 0 0 0 
827 0 0 0 0 
828 0 0 0 0 
829 0 0 0 0 
830 0 0 0 0 
831 0 0 0 0 
832 0 0 0 0 
833 0 0 0 0 
834 0 0 0 0 
835 0 0 0 0 
836 0 0 0 0 
837 0 0 0 0 
838 0 0 0 0 
839 0 0 0 0 
840 0 0 0 0 
841 0 0 0 0 
842 0 0 0 0 
843 0 0 0 0 
844 0 0 0 0 
845 0 0 0 0 
846 0 0 0 0 
847 0 0 0 0 
848 0 0 0 0 
849 0 0 0 0 
850 0 0 0 0 
851 0 0 0 0 
852 0 0 0 0 
853 0 0 0 0 
854 0 0 0 0 
855 0 0 0 0 
856 0 0 0 0 
857 0 0 0 0 
858 0 0 0 0 
859 0 0 0 0 
860 0 0 0 0 
861 0 0 0 0 
862 0 0 0 0 
863 0 0 0 0 
864 0 0 0 0 
865 0 0 0 0 
866 0 0 0 0 
867 0 0 0 0 
868 0 0 0 0 
869 0 0 0 0 
870 0 0 0 0 
871 0 0 0 0 
872 0 0 0 0 
873 0 0 0 0 
874 0 0 0 0 
875 0 0 0 0 
876 0 0 0 0 
877 0 0 0 0 
878 0 0 0 0 
879 0 0 0 0 
880 0 0 0 0 
1 258 432 543 775 802 
2 188 399 498 553 645 
3 68 324 628 658 796 
4 153 465 536 579 780 
5 107 275 475 476 652 
6 231 293 391 551 588 
7 87 509 603 682 815 
8 256 447 724 728 751 
9 93 299 526 732 798 
10 228 313 350 509 645 
11 26 350 539 694 808 
12 211 279 343 378 551 
13 43 312 357 771 782 
14 267 434 490 558 773 
15 41 396 635 679 736 
16 187 575 622 744 749 
17 262 314 678 692 698 
18 78 303 324 427 445 
19 209 385 456 486 584 
20 102 294 313 394 776 
21 32 507 560 571 740 
22 155 297 300 325 380 
23 25 517 685 762 789 
24 233 400 420 442 609 
25 142 306 327 468 814 
26 120 302 307 702 809 
27 40 307 389 399 532 
28 37 472 564 575 814 
29 164 454 582 646 672 
30 77 341 450 659 746 
31 179 283 311 464 778 
32 71 490 515 548 634 
33 53 314 512 628 760 
34 250 389 408 535 642 
35 255 302 677 728 786 
36 89 426 518 736 780 
37 259 329 331 422 506 
38 241 359 481 651 746 
39 252 310 338 598 679 
40 106 546 600 622 650 
41 111 560 628 637 756 
42 166 497 592 742 770 
43 74 523 540 683 768 
44 76 322 431 516 770 
45 245 359 418 578 655 
46 207 377 443 513 783 
8 47 414 495 564 796 
48 247 308 585 663 758 
42 49 285 353 512 684 
50 205 297 480 583 712 
51 165 289 485 543 567 
33 52 346 463 682 711 
53 54 334 447 505 605 
54 213 507 581 607 613 
55 177 284 550 614 621 
2 56 391 560 593 632 
57 70 478 539 563 642 
58 215 309 425 496 620 
56 59 274 442 538 631 
60 94 376 521 641 799 
61 206 301 633 709 730 
62 183 567 605 719 784 
63 109 348 419 591 633 
64 116 277 377 723 750 
65 203 324 526 717 797 
57 66 294 318 461 555 
67 198 360 375 432 611 
68 105 371 450 721 727 
69 268 295 362 444 774 
70 82 405 571 574 665 
71 194 463 615 648 653 
72 98 402 459 478 776 
73 222 450 453 511 690 
74 221 286 342 422 800 
75 234 577 748 764 813 
76 186 289 442 583 720 
77 214 358 638 681 741 
78 135 337 390 439 805 
79 122 378 429 485 510 
24 80 348 723 747 803 
81 130 340 440 515 546 
82 172 276 347 418 743 
75 83 466 542 706 805 
84 149 334 465 488 785 
85 138 293 413 673 797 
86 210 441 546 604 613 
87 218 278 352 371 661 
88 243 368 502 543 676 
89 100 576 587 661 708 
48 90 520 694 722 786 
91 127 373 582 662 743 
92 236 398 448 479 812 
10 93 376 395 489 711 
94 254 523 597 778 781 
95 108 276 397 481 502 
28 96 511 551 599 663 
97 251 421 595 636 701 
98 121 329 376 451 715 
5 99 347 359 673 693 
100 191 292 374 462 754 
73 101 514 622 768 810 
102 133 372 561 603 707 
103 160 352 429 754 806 
104 244 345 474 490 612 
86 105 296 426 522 655 
91 106 383 400 569 790 
20 107 316 354 532 641 
108 158 410 525 672 786 
109 157 384 496 649 779 
69 110 326 501 523 700 
111 124 438 602 616 745 
112 128 383 426 549 643 
113 197 296 368 525 554 
62 114 361 595 691 811 
115 266 537 570 586 721 
116 176 394 438 674 692 
83 117 350 408 462 516 
85 118 273 313 459 783 
23 119 365 453 620 794 
120 220 336 556 675 717 
121 208 382 597 624 752 
11 122 562 616 636 670 
123 132 572 615 656 733 
67 124 290 440 533 804 
125 253 327 341 535 632 
126 192 282 315 449 626 
101 127 403 469 666 787 
34 128 401 465 619 776 
22 129 294 339 589 682 
72 130 435 510 563 676 
131 169 379 431 492 590 
132 156 314 318 344 629 
29 133 335 704 709 744 
134 230 502 557 743 793 
135 269 275 370 519 606 
125 136 290 427 456 574 
137 265 453 457 671 761 
79 138 322 571 586 688 
139 202 475 610 650 665 
140 181 639 670 684 714 
141 226 347 554 589 691 
142 180 493 608 692 781 
143 184 376 458 636 789 
144 261 392 630 755 802 
110 145 344 447 680 750 
146 185 328 530 547 619 
146 147 331 458 577 652 
59 148 355 455 468 717 
17 149 528 565 684 716 
36 150 629 659 665 806 
151 195 437 455 598 616 
152 225 287 311 344 590 
153 246 298 387 447 664 
134 154 382 409 528 641 
155 193 322 341 484 525 
114 156 291 406 722 803 
157 235 325 363 507 693 
158 174 352 379 478 742 
90 159 277 395 522 710 
160 162 484 657 713 730 
161 237 364 408 673 776 
1 162 339 422 552 774 
144 163 482 524 653 779 
14 164 366 404 492 607 
136 165 353 487 718 747 
166 264 538 565 714 747 
3 167 374 435 610 741 
168 170 366 454 637 714 
50 169 458 644 726 781 
148 170 323 489 604 798 
171 212 291 470 598 640 
6 172 394 553 669 686 
52 173 344 355 700 772 
174 217 292 327 552 622 
175 263 307 491 524 549 
145 176 551 656 716 760 
152 177 487 497 559 653 
178 240 309 691 745 756 
88 179 279 295 547 557 
154 180 326 516 563 607 
167 181 287 303 724 795 
49 182 328 331 593 806 
183 272 315 444 493 591 
137 184 273 379 552 816 
66 185 438 522 540 693 
161 186 412 491 657 725 
81 187 301 390 400 785 
126 188 397 411 638 654 
150 189 385 605 611 805 
190 199 282 321 515 613 
60 191 312 499 504 634 
38 192 279 444 502 809 
61 193 283 368 369 734 
58 194 386 596 614 728 
131 195 362 517 695 731 
39 196 436 446 669 795 
51 197 538 568 604 765 
115 198 273 704 741 752 
199 204 335 392 559 640 
18 200 410 572 729 768 
151 201 308 420 518 743 
47 202 377 444 515 640 
203 260 287 369 611 626 
118 204 381 446 671 709 
205 227 378 460 508 729 
189 206 282 290 715 813 
113 207 466 469 505 757 
13 208 317 482 593 809 
173 209 470 489 597 668 
27 210 295 426 476 777 
45 211 456 463 726 769 
212 271 461 524 698 810 
95 213 477 618 693 746 
214 270 644 670 694 751 
215 239 357 534 589 708 
80 216 359 657 754 799 
178 217 296 381 606 804 
63 218 437 577 721 802 
219 232 418 720 793 799 
143 220 352 609 645 667 
7 221 291 367 593 666 
171 222 481 548 658 672 
44 223 325 335 433 572 
147 224 349 615 744 815 
84 225 355 404 532 666 
4 226 420 441 617 734 
103 227 333 336 338 520 
141 228 372 464 699 784 
196 229 494 545 722 797 
216 230 588 643 771 792 
104 231 317 346 685 753 
229 232 432 469 680 773 
31 233 409 425 439 654 
92 234 337 421 688 803 
163 235 339 418 580 768 
219 236 308 373 473 648 
19 237 351 367 475 809 
182 238 278 299 711 729 
119 239 274 501 635 812 
238 240 460 468 499 629 
159 241 513 697 770 816 
15 242 304 614 681 806 
243 257 388 434 491 590 
140 244 500 512 553 703 
35 245 428 448 601 769 
65 246 530 585 696 738 
242 247 404 424 568 673 
97 248 333 354 585 614 
112 249 591 687 762 816 
64 250 315 375 559 678 
168 251 343 660 665 794 
224 252 353 604 664 738 
16 253 401 527 561 759 
248 254 277 462 736 767 
46 255 407 449 479 737 
223 256 309 347 731 783 
123 257 300 654 725 740 
12 258 531 608 639 696 
96 259 386 474 552 773 
55 260 396 483 609 696 
200 261 304 393 615 675 
21 262 321 389 508 546 
99 263 384 685 748 750 
139 264 341 403 452 534 
201 265 329 393 412 442 
117 266 353 556 563 708 
175 267 351 392 564 584 
129 268 277 441 530 790 
190 269 328 640 678 793 
249 270 276 365 477 603 
30 271 284 484 549 668 
9 272 554 621 690 758 
1 266 431 458 503 595 
2 239 422 568 602 788 
3 34 291 573 632 792 
4 113 284 306 491 731 
5 41 369 487 533 541 
6 214 321 367 624 732 
7 234 336 457 496 661 
8 82 278 302 636 679 
9 61 280 569 627 787 
10 241 581 667 685 787 
11 193 320 386 414 490 
12 20 436 498 775 792 
7 13 319 342 557 761 
14 253 301 497 584 690 
15 33 472 535 567 606 
16 192 298 320 446 647 
17 143 476 643 655 674 
18 187 407 697 707 736 
18 19 380 645 651 785 
20 261 356 705 765 814 
21 248 337 361 566 698 
22 67 331 358 644 724 
23 243 288 363 571 601 
4 24 394 616 681 754 
25 122 432 499 618 642 
26 64 462 544 726 757 
27 89 414 479 570 730 
28 210 545 584 705 784 
29 62 480 529 537 751 
30 181 464 566 764 772 
31 189 345 617 644 766 
32 175 338 427 443 757 
33 65 396 445 541 596 
34 48 297 304 460 612 
35 84 365 435 517 623 
36 129 387 429 737 739 
37 188 483 646 655 705 
38 73 463 555 707 800 
39 92 455 499 730 766 
40 42 354 440 500 750 
31 41 421 511 669 747 
42 66 443 531 576 710 
43 107 445 477 594 733 
44 267 360 493 664 807 
45 100 306 483 650 710 
46 142 372 417 428 706 
47 51 454 486 767 775 
48 201 288 406 439 660 
6 49 335 411 415 637 
50 111 433 496 500 791 
51 247 537 634 697 781 
52 230 358 403 599 767 
53 56 392 398 494 539 
37 54 395 651 725 795 
55 222 318 510 581 766 
56 124 387 430 590 723 
57 60 306 340 378 813 
58 112 469 508 775 812 
59 215 311 536 766 772 
60 150 303 675 756 807 
61 95 299 540 662 808 
62 200 293 556 670 789 
63 270 514 592 608 712 
64 268 381 436 525 536 
11 65 280 471 635 811 
66 74 402 407 676 813 
67 148 275 498 504 550 
68 262 273 279 709 774 
21 69 399 601 635 789 
70 137 318 413 533 679 
71 228 338 351 390 732 
58 72 579 619 712 794 
73 172 419 580 656 721 
74 78 292 340 580 611 
75 157 420 573 594 711 
76 90 503 686 701 771 
77 240 295 423 700 811 
2 78 424 677 724 790 
79 101 326 440 504 512 
50 80 294 391 728 765 
81 218 466 556 689 746 
46 82 357 453 544 569 
83 153 307 517 723 744 
22 84 395 428 574 659 
85 98 337 583 617 627 
86 227 433 459 621 713 
87 194 314 330 528 588 
88 108 631 702 740 798 
68 89 429 456 467 745 
90 165 324 488 587 592 
87 91 448 504 630 632 
92 202 310 427 507 589 
93 115 406 413 695 702 
94 246 323 349 389 603 
94 95 471 689 752 790 
96 236 310 367 484 738 
97 229 293 532 683 755 
55 98 375 430 660 718 
9 99 391 594 625 751 
49 100 302 400 608 701 
101 196 320 365 388 763 
102 265 479 542 630 758 
103 263 281 349 404 697 
93 104 350 537 706 760 
43 105 356 544 558 740 
106 146 416 763 779 794 
107 184 311 415 492 570 
108 169 518 535 667 712 
109 160 445 459 581 688 
110 132 362 449 474 661 
111 130 369 396 543 812 
112 207 329 467 516 540 
104 113 323 332 333 566 
114 171 325 434 514 613 
115 272 454 541 573 592 
32 116 381 417 460 780 
117 125 373 451 541 627 
118 119 281 633 796 804 
119 154 296 598 684 801 
120 225 282 550 792 814 
106 121 434 437 533 811 
122 211 522 534 560 620 
123 235 428 441 521 695 
124 182 478 550 689 735 
97 125 312 531 588 718 
96 126 298 309 628 787 
127 255 327 529 595 630 
10 128 319 360 727 770 
129 242 410 423 558 666 
83 130 425 449 565 762 
14 131 320 438 586 791 
132 162 468 575 624 699 
88 133 330 345 455 610 
117 134 575 587 596 657 
135 174 356 362 464 470 
17 136 348 382 542 576 
137 203 387 538 647 680 
138 216 448 649 764 800 
35 139 480 662 675 759 
140 159 274 319 606 681 
77 141 597 609 688 725 
142 168 424 501 555 690 
143 166 284 354 390 572 
81 144 549 639 663 672 
145 232 380 492 520 580 
146 176 286 506 647 696 
40 147 287 667 683 716 
148 191 457 639 659 737 
38 149 286 406 412 656 
150 186 547 662 753 782 
151 231 557 669 713 799 
152 233 385 399 505 729 
120 153 315 503 653 755 
154 183 506 542 623 739 
155 158 386 446 674 716 
75 156 280 364 366 695 
157 167 409 421 658 735 
158 170 300 313 402 757 
53 159 415 437 767 771 
160 252 289 372 470 509 
57 161 514 791 802 804 
162 190 305 623 704 749 
29 163 305 346 433 562 
25 164 322 356 477 734 
52 165 513 596 605 798 
102 166 430 701 720 774 
19 167 361 473 591 722 
45 168 518 524 745 778 
169 198 317 384 600 816 
170 217 332 451 652 753 
118 171 332 346 439 797 
172 209 600 660 727 737 
173 213 370 555 631 717 
63 174 288 578 646 726 
175 245 323 562 574 805 
156 176 326 415 425 634 
177 208 278 637 773 780 
114 178 452 519 671 677 
127 179 312 495 612 807 
47 180 397 494 529 646 
181 256 482 554 788 801 
182 206 435 700 777 803 
183 257 274 297 570 692 
184 219 355 523 671 762 
109 185 617 699 702 800 
123 186 431 498 633 788 
187 264 489 501 566 648 
91 188 375 547 777 815 
179 189 334 419 474 482 
69 190 576 625 648 664 
23 191 451 473 562 763 
192 244 452 465 714 734 
193 271 370 379 530 674 
72 194 461 545 683 801 
173 195 339 401 486 545 
26 196 301 561 569 602 
136 197 371 506 519 735 
151 198 475 483 689 718 
199 237 343 430 481 521 
163 200 424 623 627 808 
201 220 289 319 599 786 
99 202 276 620 641 761 
145 203 299 411 486 539 
24 204 472 488 548 791 
76 205 328 336 731 763 
28 206 366 423 531 618 
152 207 316 363 687 772 
30 208 361 553 704 788 
135 209 298 412 423 619 
210 212 303 393 713 715 
211 249 304 416 500 573 
147 212 281 351 417 638 
180 213 358 577 698 705 
16 214 305 578 642 739 
205 215 485 568 631 691 
105 216 471 473 495 528 
217 226 357 382 527 706 
197 218 286 488 509 801 
219 254 342 585 621 810 
134 220 471 548 638 784 
221 223 452 658 760 765 
1 222 285 290 505 687 
223 269 384 450 534 735 
86 224 280 342 485 494 
177 225 285 364 652 815 
12 226 370 380 748 752 
71 227 511 610 710 782 
228 259 308 466 487 715 
128 229 508 527 582 594 
121 230 332 436 526 564 
13 231 467 579 756 764 
103 232 374 414 607 625 
164 233 330 349 663 708 
141 234 405 559 720 733 
3 235 461 472 565 727 
44 236 316 529 643 742 
79 237 292 403 686 753 
54 238 649 703 769 807 
80 239 363 443 527 796 
126 240 300 316 476 618 
241 251 345 385 626 795 
144 242 334 416 587 749 
140 243 383 410 520 759 
138 244 330 405 599 748 
27 245 419 467 536 749 
85 246 409 586 668 680 
185 247 383 413 493 519 
39 248 305 317 398 654 
15 249 601 624 629 759 
199 250 388 495 732 738 
204 251 408 600 677 758 
8 252 283 650 678 686 
238 253 360 407 510 694 
116 254 707 741 769 785 
221 255 371 416 582 761 
5 256 405 411 583 676 
250 257 368 651 742 779 
133 258 343 393 687 733 
161 259 283 497 626 703 
258 260 521 612 647 778 
59 261 285 348 703 719 
149 262 388 401 699 739 
155 263 333 398 513 526 
178 264 567 602 668 777 
224 265 417 561 625 719 
131 266 275 310 682 810 
195 267 377 544 578 808 
70 268 288 373 457 783 
260 269 364 374 719 782 
36 270 281 321 480 503 
110 271 402 579 649 755 
139 272 340 397 558 793 
824 836 852 872 896 897 
822 835 863 868 883 911 
826 841 860 876 887 910 
825 844 856 866 893 907 
818 834 861 875 885 904 
831 845 850 880 892 901 
828 837 854 879 881 903 
829 843 849 869 895 899 
823 846 851 867 891 900 
817 838 864 865 884 912 
827 848 859 871 882 902 
820 842 862 870 886 909 
832 847 855 877 890 908 
830 833 853 878 888 905 
821 839 858 873 894 898 
819 840 857 874 889 906 
822 847 860 879 892 905 
819 843 855 865 882 900 
821 844 851 872 887 912 
829 842 852 871 890 904 
828 838 858 877 893 899 
820 841 854 880 891 898 
830 834 859 866 896 908 
823 845 849 878 885 911 
832 837 850 876 886 897 
826 840 856 875 895 909 
825 846 853 868 881 901 
831 836 861 870 884 906 
824 848 857 867 894 910 
817 839 863 869 889 902 
827 835 864 873 888 903 
818 833 862 874 883 907 
824 838 862 875 882 908 
822 836 849 877 889 912 
826 839 855 872 883 903 
825 835 850 865 891 904 
831 834 864 871 886 907 
820 843 857 868 890 905 
819 846 854 873 887 911 
817 845 856 867 881 898 
832 842 863 874 885 899 
823 847 853 869 893 897 
827 833 851 870 895 901 
828 848 861 866 888 909 
818 844 859 876 892 906 
830 841 852 879 894 902 
821 837 860 880 884 900 
829 840 858 878 896 910 
1 817 913 0 0 0 
2 818 914 0 0 0 
3 819 915 0 0 0 
4 820 916 0 0 0 
6 821 917 0 0 0 
10 822 918 0 0 0 
11 823 919 0 0 0 
14 824 920 0 0 0 
16 825 921 0 0 0 
18 826 922 0 0 0 
19 827 923 0 0 0 
20 828 924 0 0 0 
21 829 925 0 0 0 
23 830 926 0 0 0 
25 831 927 0 0 0 
29 832 928 0 0 0 
30 833 929 0 0 0 
35 834 930 0 0 0 
36 835 931 0 0 0 
38 836 932 0 0 0 
39 837 933 0 0 0 
43 838 934 0 0 0 
44 839 935 0 0 0 
45 840 936 0 0 0 
46 841 937 0 0 0 
49 842 938 0 0 0 
50 843 939 0 0 0 
55 844 940 0 0 0 
56 845 941 0 0 0 
59 846 942 0 0 0 
61 847 943 0 0 0 
63 848 944 0 0 0 
65 849 945 0 0 0 
66 850 946 0 0 0 
69 851 947 0 0 0 
70 852 948 0 0 0 
74 853 949 0 0 0 
76 854 950 0 0 0 
77 855 951 0 0 0 
79 856 952 0 0 0 
81 857 953 0 0 0 
82 858 954 0 0 0 
84 859 955 0 0 0 
85 860 956 0 0 0 
86 861 957 0 0 0 
87 862 958 0 0 0 
88 863 959 0 0 0 
92 864 960 0 0 0 
96 865 961 0 0 0 
98 866 962 0 0 0 
100 867 963 0 0 0 
104 868 964 0 0 0 
105 869 965 0 0 0 
110 870 966 0 0 0 
111 871 967 0 0 0 
118 872 968 0 0 0 
121 873 969 0 0 0 
123 874 970 0 0 0 
124 875 971 0 0 0 
126 876 972 0 0 0 
131 877 973 0 0 0 
132 878 974 0 0 0 
133 879 975 0 0 0 
134 880 976 0 0 0 
136 881 977 0 0 0 
138 882 978 0 0 0 
139 883 979 0 0 0 
141 884 980 0 0 0 
144 885 981 0 0 0 
145 886 982 0 0 0 
148 887 983 0 0 0 
152 888 984 0 0 0 
154 889 985 0 0 0 
162 890 986 0 0 0 
163 891 987 0 0 0 
165 892 988 0 0 0 
167 893 989 0 0 0 
169 894 990 0 0 0 
171 895 991 0 0 0 
177 896 992 0 0 0 
182 897 993 0 0 0 
184 898 994 0 0 0 
185 899 995 0 0 0 
186 900 996 0 0 0 
187 901 997 0 0 0 
188 902 998 0 0 0 
192 903 999 0 0 0 
193 904 1000 0 0 0 
198 905 1001 0 0 0 
199 906 1002 0 0 0 
202 907 1003 0 0 0 
204 908 1004 0 0 0 
208 909 1005 0 0 0 
209 910 1006 0 0 0 
211 911 1007 0 0 0 
212 912 1008 0 0 0 
410 817 1009 0 0 0 
319 818 1010 0 0 0 
375 819 1011 0 0 0 
532 820 1012 0 0 0 
178 821 1013 0 0 0 
37 822 1014 0 0 0 
494 823 1015 0 0 0 
816 824 1016 0 0 0 
72 825 1017 0 0 0 
223 826 1018 0 0 0 
706 827 1019 0 0 0 
285 828 1020 0 0 0 
766 829 1021 0 0 0 
801 830 1022 0 0 0 
804 831 1023 0 0 0 
557 832 1024 0 0 0 
695 833 1025 0 0 0 
318 834 1026 0 0 0 
545 835 1027 0 0 0 
216 836 1028 0 0 0 
206 837 1029 0 0 0 
521 838 1030 0 0 0 
290 839 1031 0 0 0 
378 840 1032 0 0 0 
594 841 1033 0 0 0 
453 842 1034 0 0 0 
263 843 1035 0 0 0 
483 844 1036 0 0 0 
679 845 1037 0 0 0 
220 846 1038 0 0 0 
47 847 1039 0 0 0 
414 848 1040 0 0 0 
499 849 1041 0 0 0 
633 850 1042 0 0 0 
479 851 1043 0 0 0 
103 852 1044 0 0 0 
317 853 1045 0 0 0 
334 854 1046 0 0 0 
143 855 1047 0 0 0 
515 856 1048 0 0 0 
157 857 1049 0 0 0 
147 858 1050 0 0 0 
527 859 1051 0 0 0 
576 860 1052 0 0 0 
611 861 1053 0 0 0 
697 862 1054 0 0 0 
41 863 1055 0 0 0 
5 864 1056 0 0 0 
253 865 1057 0 0 0 
421 866 1058 0 0 0 
592 867 1059 0 0 0 
400 868 1060 0 0 0 
251 869 1061 0 0 0 
344 870 1062 0 0 0 
485 871 1063 0 0 0 
569 872 1064 0 0 0 
518 873 1065 0 0 0 
757 874 1066 0 0 0 
210 875 1067 0 0 0 
405 876 1068 0 0 0 
64 877 1069 0 0 0 
17 878 1070 0 0 0 
662 879 1071 0 0 0 
254 880 1072 0 0 0 
564 881 1073 0 0 0 
183 882 1074 0 0 0 
707 883 1075 0 0 0 
90 884 1076 0 0 0 
386 885 1077 0 0 0 
469 886 1078 0 0 0 
231 887 1079 0 0 0 
248 888 1080 0 0 0 
160 889 1081 0 0 0 
422 890 1082 0 0 0 
737 891 1083 0 0 0 
33 892 1084 0 0 0 
648 893 1085 0 0 0 
286 894 1086 0 0 0 
431 895 1087 0 0 0 
128 896 1088 0 0 0 
630 897 1089 0 0 0 
331 898 1090 0 0 0 
120 899 1091 0 0 0 
268 900 1092 0 0 0 
463 901 1093 0 0 0 
420 902 1094 0 0 0 
609 903 1095 0 0 0 
240 904 1096 0 0 0 
156 905 1097 0 0 0 
763 906 1098 0 0 0 
656 907 1099 0 0 0 
32 908 1100 0 0 0 
266 909 1101 0 0 0 
686 910 1102 0 0 0 
113 911 1103 0 0 0 
150 912 1104 0 0 0 
214 1009 1105 0 0 0 
218 1010 1106 0 0 0 
219 1011 1107 0 0 0 
221 1012 1108 0 0 0 
224 1013 1109 0 0 0 
227 1014 1110 0 0 0 
228 1015 1111 0 0 0 
229 1016 1112 0 0 0 
234 1017 1113 0 0 0 
237 1018 1114 0 0 0 
239 1019 1115 0 0 0 
241 1020 1116 0 0 0 
242 1021 1117 0 0 0 
243 1022 1118 0 0 0 
246 1023 1119 0 0 0 
247 1024 1120 0 0 0 
250 1025 1121 0 0 0 
255 1026 1122 0 0 0 
256 1027 1123 0 0 0 
257 1028 1124 0 0 0 
258 1029 1125 0 0 0 
259 1030 1126 0 0 0 
260 1031 1127 0 0 0 
265 1032 1128 0 0 0 
271 1033 1129 0 0 0 
273 1034 1130 0 0 0 
283 1035 1131 0 0 0 
284 1036 1132 0 0 0 
287 1037 1133 0 0 0 
288 1038 1134 0 0 0 
289 1039 1135 0 0 0 
291 1040 1136 0 0 0 
294 1041 1137 0 0 0 
296 1042 1138 0 0 0 
301 1043 1139 0 0 0 
302 1044 1140 0 0 0 
303 1045 1141 0 0 0 
304 1046 1142 0 0 0 
306 1047 1143 0 0 0 
308 1048 1144 0 0 0 
309 1049 1145 0 0 0 
313 1050 1146 0 0 0 
315 1051 1147 0 0 0 
324 1052 1148 0 0 0 
326 1053 1149 0 0 0 
332 1054 1150 0 0 0 
335 1055 1151 0 0 0 
337 1056 1152 0 0 0 
342 1057 1153 0 0 0 
345 1058 1154 0 0 0 
346 1059 1155 0 0 0 
348 1060 1156 0 0 0 
355 1061 1157 0 0 0 
358 1062 1158 0 0 0 
359 1063 1159 0 0 0 
361 1064 1160 0 0 0 
365 1065 1161 0 0 0 
366 1066 1162 0 0 0 
368 1067 1163 0 0 0 
370 1068 1164 0 0 0 
376 1069 1165 0 0 0 
377 1070 1166 0 0 0 
379 1071 1167 0 0 0 
380 1072 1168 0 0 0 
382 1073 1169 0 0 0 
383 1074 1170 0 0 0 
385 1075 1171 0 0 0 
388 1076 1172 0 0 0 
391 1077 1173 0 0 0 
399 1078 1174 0 0 0 
403 1079 1175 0 0 0 
404 1080 1176 0 0 0 
407 1081 1177 0 0 0 
413 1082 1178 0 0 0 
416 1083 1179 0 0 0 
419 1084 1180 0 0 0 
426 1085 1181 0 0 0 
427 1086 1182 0 0 0 
430 1087 1183 0 0 0 
436 1088 1184 0 0 0 
438 1089 1185 0 0 0 
442 1090 1186 0 0 0 
446 1091 1187 0 0 0 
447 1092 1188 0 0 0 
449 1093 1189 0 0 0 
454 1094 1190 0 0 0 
456 1095 1191 0 0 0 
458 1096 1192 0 0 0 
461 1097 1193 0 0 0 
466 1098 1194 0 0 0 
468 1099 1195 0 0 0 
470 1100 1196 0 0 0 
472 1101 1197 0 0 0 
474 1102 1198 0 0 0 
475 1103 1199 0 0 0 
481 1104 1200 0 0 0 
