4 96 48
0 29 0 9 0.5974789261817932
1 29 0 9 0.8813285231590271
2 29 0 9 1.336747407913208
3 29 0 9 1.7876472473144531
0 39 0 9 0.46332302689552307
1 39 0 9 0.8792082667350769
2 39 0 9 1.2163785696029663
3 39 0 9 1.675650954246521
0 9 0 29 0.5626260638237
1 9 0 29 0.7856205701828003
2 9 0 29 1.2454737424850464
3 9 0 29 1.6539431810379028
0 39 0 29 0.482158899307251
1 39 0 29 0.860044002532959
2 39 0 29 1.284065842628479
3 39 0 29 1.6041306257247925
0 9 0 39 0.4653445780277252
1 9 0 39 0.8233098983764648
2 9 0 39 1.4028663635253906
3 9 0 39 1.7494547367095947
0 29 0 39 0.4555673897266388
1 29 0 39 0.8908546566963196
2 29 0 39 1.3673911094665527
3 29 0 39 1.7679927349090576
0 31 1 4 0.38978925347328186
1 31 1 4 0.6913707852363586
2 31 1 4 0.992927610874176
3 31 1 4 1.3474113941192627
0 44 1 4 0.4666380286216736
1 44 1 4 0.7938508987426758
2 44 1 4 1.0470709800720215
3 44 1 4 1.4305974245071411
0 4 1 31 0.4311063885688782
1 4 1 31 0.7406293153762817
2 4 1 31 1.02244234085083
3 4 1 31 1.420414686203003
0 44 1 31 0.5071247816085815
1 44 1 31 0.7664598226547241
2 44 1 31 1.0959504842758179
3 44 1 31 1.4756736755371094
0 4 1 44 0.44906312227249146
1 4 1 44 0.6353330612182617
2 4 1 44 1.0621250867843628
3 4 1 44 1.388600468635559
0 31 1 44 0.4452701210975647
1 31 1 44 0.6794158816337585
2 31 1 44 1.0435084104537964
3 31 1 44 1.3744008541107178
0 17 2 15 0.4059419631958008
1 17 2 15 0.7896628379821777
2 17 2 15 1.2670435905456543
3 17 2 15 1.6221880912780762
0 38 2 15 0.4217596650123596
1 38 2 15 0.7183468341827393
2 38 2 15 1.219192385673523
3 38 2 15 1.895243525505066
0 15 2 17 0.4676777124404907
1 15 2 17 0.8034879565238953
2 15 2 17 1.138131856918335
3 15 2 17 1.620292067527771
0 38 2 17 0.46583911776542664
1 38 2 17 0.798586905002594
2 38 2 17 1.1686556339263916
3 38 2 17 1.705372929573059
0 15 2 38 0.46946942806243896
1 15 2 38 0.8366183042526245
2 15 2 38 1.1934257745742798
3 15 2 38 1.6555815935134888
0 17 2 38 0.46763870120048523
1 17 2 38 0.7337973117828369
2 17 2 38 1.1515027284622192
3 17 2 38 1.5465651750564575
0 21 3 11 0.5223847031593323
1 21 3 11 0.9130809307098389
2 21 3 11 1.5659040212631226
3 21 3 11 2.256640672683716
0 37 3 11 0.44788846373558044
1 37 3 11 0.7996524572372437
2 37 3 11 1.2484186887741089
3 37 3 11 1.6809723377227783
0 11 3 21 0.5169809460639954
1 11 3 21 0.8776931166648865
2 11 3 21 1.4538065195083618
3 11 3 21 2.0049030780792236
0 37 3 21 0.6362089514732361
1 37 3 21 0.8737002015113831
2 37 3 21 1.4233441352844238
3 37 3 21 1.8470669984817505
0 11 3 37 0.5029202103614807
1 11 3 37 0.8040344715118408
2 11 3 37 1.4294593334197998
3 11 3 37 1.9411966800689697
0 21 3 37 0.4438258409500122
1 21 3 37 0.8123533129692078
2 21 3 37 1.5024006366729736
3 21 3 37 2.288299083709717
0 18 4 14 0.48088306188583374
1 18 4 14 0.7157217264175415
2 18 4 14 0.9806237816810608
3 18 4 14 1.3074628114700317
0 46 4 14 0.40474435687065125
1 46 4 14 0.7400630712509155
2 46 4 14 1.073591709136963
3 46 4 14 1.508541464805603
0 14 4 18 0.5422775149345398
1 14 4 18 0.8628388047218323
2 14 4 18 1.1351042985916138
3 14 4 18 1.6238738298416138
0 46 4 18 0.4256941080093384
1 46 4 18 0.7915809750556946
2 46 4 18 1.1903167963027954
3 46 4 18 1.5543911457061768
0 14 4 46 0.4754858911037445
1 14 4 46 0.803149402141571
2 14 4 46 1.0717401504516602
3 14 4 46 1.5537371635437012
0 18 4 46 0.48602598905563354
1 18 4 46 0.6427274942398071
2 18 4 46 0.9007336497306824
3 18 4 46 1.1763430833816528
0 16 5 1 0.5033032894134521
1 16 5 1 0.6753154993057251
2 16 5 1 1.1549121141433716
3 16 5 1 1.6246367692947388
0 33 5 1 0.49318352341651917
1 33 5 1 0.8144356608390808
2 33 5 1 1.353288173675537
3 33 5 1 1.7334400415420532
0 1 5 16 0.6300572156906128
1 1 5 16 0.8007790446281433
2 1 5 16 1.2588858604431152
3 1 5 16 1.6482375860214233
0 33 5 16 0.49292656779289246
1 33 5 16 0.8646042346954346
2 33 5 16 1.2407691478729248
3 33 5 16 1.6679261922836304
0 1 5 33 0.415780633687973
1 1 5 33 0.6361347436904907
2 1 5 33 1.0696645975112915
3 1 5 33 1.5242573022842407
0 16 5 33 0.4706440567970276
1 16 5 33 0.766680896282196
2 16 5 33 1.1745038032531738
3 16 5 33 1.55306875705719
0 23 6 8 0.5794283151626587
1 23 6 8 0.7941687703132629
2 23 6 8 0.9976474642753601
3 23 6 8 1.2800109386444092
0 41 6 8 0.5319834351539612
1 41 6 8 0.841774582862854
2 41 6 8 1.1770188808441162
3 41 6 8 1.5548051595687866
0 8 6 23 0.5057715773582458
1 8 6 23 0.787436842918396
2 8 6 23 1.1430667638778687
3 8 6 23 1.587770938873291
0 41 6 23 0.4387466609477997
1 41 6 23 0.7700037956237793
2 41 6 23 1.0882841348648071
3 41 6 23 1.5210617780685425
0 8 6 41 0.5359039902687073
1 8 6 41 0.7583203315734863
2 8 6 41 1.059684157371521
3 8 6 41 1.5996067523956299
0 23 6 41 0.4014136791229248
1 23 6 41 0.7170222997665405
2 23 6 41 0.9266147613525391
3 23 6 41 1.3067461252212524
0 28 7 0 0.6584907174110413
1 28 7 0 1.0089672803878784
2 28 7 0 1.1954773664474487
3 28 7 0 1.452818512916565
0 32 7 0 0.530528724193573
1 32 7 0 0.8431927561759949
2 32 7 0 1.1487319469451904
3 32 7 0 1.5978074073791504
0 0 7 28 0.5965399146080017
1 0 7 28 0.7530818581581116
2 0 7 28 1.0905637741088867
3 0 7 28 1.349698543548584
0 32 7 28 0.5739642977714539
1 32 7 28 0.8355214595794678
2 32 7 28 1.2242416143417358
3 32 7 28 1.6547014713287354
0 0 7 32 0.5970648527145386
1 0 7 32 0.7974600195884705
2 0 7 32 0.9763874411582947
3 0 7 32 1.3178223371505737
0 28 7 32 0.53785640001297
1 28 7 32 0.7904887795448303
2 28 7 32 1.1117615699768066
3 28 7 32 1.4128308296203613
0 26 8 3 0.48959705233573914
1 26 8 3 0.7685855031013489
2 26 8 3 1.2199654579162598
3 26 8 3 1.9370579719543457
0 35 8 3 0.4835026264190674
1 35 8 3 0.7219264507293701
2 35 8 3 1.1277645826339722
3 35 8 3 1.6073219776153564
0 3 8 26 0.5288400053977966
1 3 8 26 0.7578228712081909
2 3 8 26 1.123090386390686
3 3 8 26 1.5922338962554932
0 35 8 26 0.3960559368133545
1 35 8 26 0.7607071995735168
2 35 8 26 1.1623247861862183
3 35 8 26 1.593018651008606
0 3 8 35 0.5291061401367188
1 3 8 35 0.7236190438270569
2 3 8 35 1.1399304866790771
3 3 8 35 1.58694589138031
0 26 8 35 0.4443560242652893
1 26 8 35 0.688788115978241
2 26 8 35 1.1694703102111816
3 26 8 35 1.789809226989746
0 25 9 2 0.4963093101978302
1 25 9 2 0.8399723172187805
2 25 9 2 1.1814353466033936
3 25 9 2 1.6332130432128906
0 34 9 2 0.4315566122531891
1 34 9 2 0.7721104621887207
2 34 9 2 1.2057290077209473
3 34 9 2 1.7876347303390503
0 2 9 25 0.5056971311569214
1 2 9 25 0.82505202293396
2 2 9 25 1.3165379762649536
3 2 9 25 1.7093753814697266
0 34 9 25 0.6234564781188965
1 34 9 25 0.8830404281616211
2 34 9 25 1.2610541582107544
3 34 9 25 1.7130082845687866
0 2 9 34 0.5757236480712891
1 2 9 34 0.9264930486679077
2 2 9 34 1.4155465364456177
3 2 9 34 1.868843913078308
0 25 9 34 0.5249094367027283
1 25 9 34 0.8548206686973572
2 25 9 34 1.272797703742981
3 25 9 34 1.6266047954559326
0 30 10 10 0.5321229100227356
1 30 10 10 0.6728498935699463
2 30 10 10 1.0438514947891235
3 30 10 10 1.4424817562103271
0 42 10 10 0.5469689965248108
1 42 10 10 0.6656807065010071
2 42 10 10 1.0400854349136353
3 42 10 10 1.5060279369354248
0 10 10 30 0.5344464778900146
1 10 10 30 0.7919098734855652
2 10 10 30 1.198941707611084
3 10 10 30 1.5030856132507324
0 42 10 30 0.553131103515625
1 42 10 30 0.6413151025772095
2 42 10 30 1.02047860622406
3 42 10 30 1.3946505784988403
0 10 10 42 0.5033843517303467
1 10 10 42 0.7253379821777344
2 10 10 42 1.0821584463119507
3 10 10 42 1.5244672298431396
0 30 10 42 0.48324891924858093
1 30 10 42 0.7002099752426147
2 30 10 42 1.119606375694275
3 30 10 42 1.49647855758667
0 20 11 6 0.512854278087616
1 20 11 6 0.8328909277915955
2 20 11 6 1.189356803894043
3 20 11 6 1.7444820404052734
0 43 11 6 0.4520864486694336
1 43 11 6 0.7875695824623108
2 43 11 6 1.3058876991271973
3 43 11 6 1.7711384296417236
0 6 11 20 0.5374418497085571
1 6 11 20 0.7675830721855164
2 6 11 20 1.2528470754623413
3 6 11 20 1.8070869445800781
0 43 11 20 0.4966571033000946
1 43 11 20 0.8503038287162781
2 43 11 20 1.278247356414795
3 43 11 20 1.7113052606582642
0 6 11 43 0.4583262503147125
1 6 11 43 0.7670775651931763
2 6 11 43 1.2501857280731201
3 6 11 43 1.8508602380752563
0 20 11 43 0.48458626866340637
1 20 11 43 0.7544004917144775
2 20 11 43 1.2114156484603882
3 20 11 43 1.6789292097091675
0 19 12 7 0.4255199134349823
1 19 12 7 0.7603537440299988
2 19 12 7 1.0082175731658936
3 19 12 7 1.4456042051315308
0 47 12 7 0.4075740873813629
1 47 12 7 0.818318247795105
2 47 12 7 1.1241198778152466
3 47 12 7 1.544411540031433
0 7 12 19 0.3569699823856354
1 7 12 19 0.6717541217803955
2 7 12 19 1.0001715421676636
3 7 12 19 1.4377012252807617
0 47 12 19 0.41732633113861084
1 47 12 19 0.7510910034179688
2 47 12 19 1.0172425508499146
3 47 12 19 1.4674159288406372
0 7 12 47 0.4617175757884979
1 7 12 47 0.7703368663787842
2 7 12 47 0.959723711013794
3 7 12 47 1.4714747667312622
0 19 12 47 0.47415077686309814
1 19 12 47 0.7680256366729736
2 19 12 47 1.062010407447815
3 19 12 47 1.4627279043197632
0 22 13 13 0.5518891215324402
1 22 13 13 0.8607935309410095
2 22 13 13 1.3253271579742432
3 22 13 13 1.796101689338684
0 45 13 13 0.5562506914138794
1 45 13 13 0.7744007706642151
2 45 13 13 1.2070988416671753
3 45 13 13 1.602797031402588
0 13 13 22 0.40661048889160156
1 13 13 22 0.7218998074531555
2 13 13 22 1.197548270225525
3 13 13 22 1.7195584774017334
0 45 13 22 0.4400734603404999
1 45 13 22 0.7095363140106201
2 45 13 22 1.1791945695877075
3 45 13 22 1.5539202690124512
0 13 13 45 0.6016747951507568
1 13 13 45 0.7991132736206055
2 13 13 45 1.2504216432571411
3 13 13 45 1.7713392972946167
0 22 13 45 0.4748666286468506
1 22 13 45 0.7789323329925537
2 22 13 45 1.2694658041000366
3 22 13 45 1.7575931549072266
0 27 14 5 0.5396420359611511
1 27 14 5 0.772962749004364
2 27 14 5 1.1541143655776978
3 27 14 5 1.4420636892318726
0 36 14 5 0.5354086756706238
1 36 14 5 0.8060042858123779
2 36 14 5 1.1292643547058105
3 36 14 5 1.6531977653503418
0 5 14 27 0.5672659277915955
1 5 14 27 0.7627683877944946
2 5 14 27 1.1666113138198853
3 5 14 27 1.568977952003479
0 36 14 27 0.4948255717754364
1 36 14 27 0.7824097275733948
2 36 14 27 1.0785845518112183
3 36 14 27 1.4521024227142334
0 5 14 36 0.45868930220603943
1 5 14 36 0.671609103679657
2 5 14 36 1.0470980405807495
3 5 14 36 1.5354831218719482
0 27 14 36 0.43289312720298767
1 27 14 36 0.6214405298233032
2 27 14 36 0.9895709753036499
3 27 14 36 1.3065757751464844
0 24 15 12 0.5744224786758423
1 24 15 12 0.8496274948120117
2 24 15 12 1.293961524963379
3 24 15 12 1.7245115041732788
0 40 15 12 0.47676771879196167
1 40 15 12 0.6977291107177734
2 40 15 12 1.0882582664489746
3 40 15 12 1.5454776287078857
0 12 15 24 0.4136561155319214
1 12 15 24 0.6874270439147949
2 12 15 24 1.132703185081482
3 12 15 24 1.575249433517456
0 40 15 24 0.4538915753364563
1 40 15 24 0.7148496508598328
2 40 15 24 1.1427171230316162
3 40 15 24 1.624741554260254
0 12 15 40 0.4520663619041443
1 12 15 40 0.7851102948188782
2 12 15 40 1.1282352209091187
3 12 15 40 1.6217799186706543
0 24 15 40 0.48731672763824463
1 24 15 40 0.7774731516838074
2 24 15 40 1.1672571897506714
3 24 15 40 1.666541576385498
0 31 16 13 0.512310266494751
1 31 16 13 0.8019149303436279
2 31 16 13 1.2815830707550049
3 31 16 13 1.7593939304351807
0 42 16 13 0.5416017174720764
1 42 16 13 0.6561722755432129
2 42 16 13 1.0823105573654175
3 42 16 13 1.4846055507659912
0 13 16 31 0.44079479575157166
1 13 16 31 0.826449453830719
2 13 16 31 1.2641196250915527
3 13 16 31 1.7491973638534546
0 42 16 31 0.5112884044647217
1 42 16 31 0.7392308115959167
2 42 16 31 1.1126428842544556
3 42 16 31 1.4343054294586182
0 13 16 42 0.5638124346733093
1 13 16 42 0.8015912771224976
2 13 16 42 1.150659203529358
3 13 16 42 1.696284532546997
0 31 16 42 0.5081326961517334
1 31 16 42 0.8427261710166931
2 31 16 42 1.323248267173767
3 31 16 42 1.7824779748916626
0 22 17 4 0.4026426076889038
1 22 17 4 0.6104092597961426
2 22 17 4 0.8891234993934631
3 22 17 4 1.2808526754379272
0 36 17 4 0.47072672843933105
1 36 17 4 0.7860400080680847
2 36 17 4 1.0236132144927979
3 36 17 4 1.2549101114273071
0 4 17 22 0.46293118596076965
1 4 17 22 0.5796487331390381
2 4 17 22 0.8002787828445435
3 4 17 22 1.0728809833526611
0 36 17 22 0.48504647612571716
1 36 17 22 0.5570465922355652
2 36 17 22 0.8701002597808838
3 36 17 22 1.1688681840896606
0 4 17 36 0.5082787871360779
1 4 17 36 0.6215668320655823
2 4 17 36 0.8698393106460571
3 4 17 36 1.1351227760314941
0 22 17 36 0.4428098201751709
1 22 17 36 0.6845337152481079
2 22 17 36 1.0255117416381836
3 22 17 36 1.4011539220809937
0 30 18 1 0.5102267265319824
1 30 18 1 0.7023358345031738
2 30 18 1 1.1303685903549194
3 30 18 1 1.6445101499557495
0 35 18 1 0.5280413031578064
1 35 18 1 0.7787906527519226
2 35 18 1 1.123863935470581
3 35 18 1 1.5355126857757568
0 1 18 30 0.5537548065185547
1 1 18 30 0.7707816958427429
2 1 18 30 1.180572271347046
3 1 18 30 1.6257678270339966
0 35 18 30 0.4590464234352112
1 35 18 30 0.7164413928985596
2 35 18 30 1.1304622888565063
3 35 18 30 1.477543830871582
0 1 18 35 0.5041991472244263
1 1 18 35 0.7067800164222717
2 1 18 35 1.225246548652649
3 1 18 35 1.6740084886550903
0 30 18 35 0.44015851616859436
1 30 18 35 0.8047987222671509
2 30 18 35 1.2707552909851074
3 30 18 35 1.658154845237732
0 27 19 0 0.450644850730896
1 27 19 0 0.7893022894859314
2 27 19 0 1.2431857585906982
3 27 19 0 1.5611618757247925
0 33 19 0 0.46049952507019043
1 33 19 0 0.7550987005233765
2 33 19 0 1.2308906316757202
3 33 19 0 1.6106075048446655
0 0 19 27 0.49708324670791626
1 0 19 27 0.7540746331214905
2 0 19 27 1.1955374479293823
3 0 19 27 1.546682357788086
0 33 19 27 0.5325499773025513
1 33 19 27 0.7175875902175903
2 33 19 27 1.1529805660247803
3 33 19 27 1.6220440864562988
0 0 19 33 0.46968212723731995
1 0 19 33 0.7234757542610168
2 0 19 33 1.1924161911010742
3 0 19 33 1.5451263189315796
0 27 19 33 0.38441455364227295
1 27 19 33 0.6983364820480347
2 27 19 33 1.1935770511627197
3 27 19 33 1.6507447957992554
0 24 20 6 0.5459344983100891
1 24 20 6 0.8583371043205261
2 24 20 6 1.1601974964141846
3 24 20 6 1.467240810394287
0 46 20 6 0.5842894911766052
1 46 20 6 0.7337225079536438
2 46 20 6 1.0826512575149536
3 46 20 6 1.4962373971939087
0 6 20 24 0.5619150996208191
1 6 20 24 0.6609007716178894
2 6 20 24 1.0196611881256104
3 6 20 24 1.5379549264907837
0 46 20 24 0.500590443611145
1 46 20 24 0.7142509818077087
2 46 20 24 0.9983386993408203
3 46 20 24 1.4400519132614136
0 6 20 46 0.516327977180481
1 6 20 46 0.6799584627151489
2 6 20 46 1.1713680028915405
3 6 20 46 1.6409682035446167
0 24 20 46 0.5606333017349243
1 24 20 46 0.8069359660148621
2 24 20 46 1.1050881147384644
3 24 20 46 1.4270280599594116
0 20 21 9 0.3795841932296753
1 20 21 9 0.7918595671653748
2 20 21 9 1.1246333122253418
3 20 21 9 1.5925105810165405
0 32 21 9 0.5028349757194519
1 32 21 9 0.631411612033844
2 32 21 9 1.1495968103408813
3 32 21 9 1.7347697019577026
0 9 21 20 0.43876537680625916
1 9 21 20 0.7360694408416748
2 9 21 20 1.1846851110458374
3 9 21 20 1.6726000308990479
0 32 21 20 0.4466082751750946
1 32 21 20 0.741087794303894
2 32 21 20 1.194678783416748
3 32 21 20 1.788463830947876
0 9 21 32 0.5559449195861816
1 9 21 32 0.8566356897354126
2 9 21 32 1.222303032875061
3 9 21 32 1.5930278301239014
0 20 21 32 0.48970532417297363
1 20 21 32 0.7449193596839905
2 20 21 32 1.0558393001556396
3 20 21 32 1.5305124521255493
0 29 22 14 0.4611864686012268
1 29 22 14 0.7240419387817383
2 29 22 14 1.0188549757003784
3 29 22 14 1.3948019742965698
0 34 22 14 0.5341551899909973
1 34 22 14 0.7106413245201111
2 34 22 14 0.9887140989303589
3 34 22 14 1.2858091592788696
0 14 22 29 0.41385313868522644
1 14 22 29 0.7182204723358154
2 14 22 29 1.0397522449493408
3 14 22 29 1.5079128742218018
0 34 22 29 0.5750100612640381
1 34 22 29 0.6840932369232178
2 34 22 29 0.9501786231994629
3 34 22 29 1.3352738618850708
0 14 22 34 0.43546879291534424
1 14 22 34 0.7944405674934387
2 14 22 34 1.1017282009124756
3 14 22 34 1.523924469947815
0 29 22 34 0.4066673815250397
1 29 22 34 0.7319616079330444
2 29 22 34 1.044927716255188
3 29 22 34 1.4391982555389404
0 25 23 15 0.37388142943382263
1 25 23 15 0.6880113482475281
2 25 23 15 1.0564675331115723
3 25 23 15 1.4499149322509766
0 47 23 15 0.4364352524280548
1 47 23 15 0.7561416029930115
2 47 23 15 1.1276344060897827
3 47 23 15 1.5712032318115234
0 15 23 25 0.4800272285938263
1 15 23 25 0.8350900411605835
2 15 23 25 1.1952685117721558
3 15 23 25 1.5405136346817017
0 47 23 25 0.44297730922698975
1 47 23 25 0.7998535633087158
2 47 23 25 1.0867984294891357
3 47 23 25 1.4654041528701782
0 15 23 47 0.4432012140750885
1 15 23 47 0.8558595180511475
2 15 23 47 1.1387431621551514
3 15 23 47 1.6664586067199707
0 25 23 47 0.45414602756500244
1 25 23 47 0.6982743740081787
2 25 23 47 1.10843825340271
3 25 23 47 1.52375328540802
0 21 24 2 0.5113650560379028
1 21 24 2 0.7874285578727722
2 21 24 2 1.1700490713119507
3 21 24 2 1.61647367477417
0 45 24 2 0.4936954379081726
1 45 24 2 0.7291234731674194
2 45 24 2 1.0640571117401123
3 45 24 2 1.4041128158569336
0 2 24 21 0.4972153306007385
1 2 24 21 0.7739778161048889
2 2 24 21 1.0585535764694214
3 2 24 21 1.3311809301376343
0 45 24 21 0.43022480607032776
1 45 24 21 0.7617689371109009
2 45 24 21 1.0824627876281738
3 45 24 21 1.3966559171676636
0 2 24 45 0.3929980993270874
1 2 24 45 0.7375222444534302
2 2 24 45 0.9868892431259155
3 2 24 45 1.3089104890823364
0 21 24 45 0.5292425155639648
1 21 24 45 0.7572459578514099
2 21 24 45 0.9623550772666931
3 21 24 45 1.4779455661773682
0 19 25 11 0.5460565090179443
1 19 25 11 0.7086971998214722
2 19 25 11 1.0092040300369263
3 19 25 11 1.3595607280731201
0 40 25 11 0.4355327785015106
1 40 25 11 0.743705689907074
2 40 25 11 1.101502537727356
3 40 25 11 1.4440258741378784
0 11 25 19 0.520437479019165
1 11 25 19 0.6271746754646301
2 11 25 19 0.9856802225112915
3 11 25 19 1.3861587047576904
0 40 25 19 0.5075271725654602
1 40 25 19 0.6870893836021423
2 40 25 19 1.019977331161499
3 40 25 19 1.3933290243148804
0 11 25 40 0.43142664432525635
1 11 25 40 0.6839402914047241
2 11 25 40 0.932535707950592
3 11 25 40 1.3526273965835571
0 19 25 40 0.4863891005516052
1 19 25 40 0.7215746641159058
2 19 25 40 0.9452767372131348
3 19 25 40 1.3059550523757935
0 17 26 7 0.4969263970851898
1 17 26 7 0.7231922149658203
2 17 26 7 1.091666579246521
3 17 26 7 1.483891487121582
0 37 26 7 0.4925456643104553
1 37 26 7 0.7483111619949341
2 37 26 7 1.1332449913024902
3 37 26 7 1.4953069686889648
0 7 26 17 0.5396987199783325
1 7 26 17 0.7107198238372803
2 7 26 17 1.0762125253677368
3 7 26 17 1.6693534851074219
0 37 26 17 0.5083175301551819
1 37 26 17 0.734383225440979
2 37 26 17 1.1127879619598389
3 37 26 17 1.4505565166473389
0 7 26 37 0.64312744140625
1 7 26 37 0.892068088054657
2 7 26 37 1.184023380279541
3 7 26 37 1.7951747179031372
0 17 26 37 0.5688760280609131
1 17 26 37 0.826504111289978
2 17 26 37 1.202012300491333
3 17 26 37 1.4783693552017212
0 18 27 3 0.5210619568824768
1 18 27 3 0.722312867641449
2 18 27 3 1.1776340007781982
3 18 27 3 1.6097233295440674
0 44 27 3 0.5042882561683655
1 44 27 3 0.7388750314712524
2 44 27 3 1.1374002695083618
3 44 27 3 1.5828392505645752
0 3 27 18 0.5048224925994873
1 3 27 18 0.7551647424697876
2 3 27 18 1.206952452659607
3 3 27 18 1.588047981262207
0 44 27 18 0.5066307187080383
1 44 27 18 0.7524139881134033
2 44 27 18 1.2340335845947266
3 44 27 18 1.644378423690796
0 3 27 44 0.5082849264144897
1 3 27 44 0.7513550519943237
2 3 27 44 1.2099556922912598
3 3 27 44 1.6646411418914795
0 18 27 44 0.4639029800891876
1 18 27 44 0.8061491250991821
2 18 27 44 1.1658018827438354
3 18 27 44 1.6085271835327148
0 23 28 5 0.5362547039985657
1 23 28 5 0.8723176121711731
2 23 28 5 1.2457072734832764
3 23 28 5 1.6863150596618652
0 39 28 5 0.5055014491081238
1 39 28 5 0.7773345708847046
2 39 28 5 1.1472796201705933
3 39 28 5 1.4784610271453857
0 5 28 23 0.436666876077652
1 5 28 23 0.7988256216049194
2 5 28 23 1.3287560939788818
3 5 28 23 1.76130211353302
0 39 28 23 0.5638436079025269
1 39 28 23 0.8241758346557617
2 39 28 23 1.2279601097106934
3 39 28 23 1.6144274473190308
0 5 28 39 0.48113128542900085
1 5 28 39 0.7964699864387512
2 5 28 39 1.2890304327011108
3 5 28 39 1.770346760749817
0 23 28 39 0.49723654985427856
1 23 28 39 0.8298560380935669
2 23 28 39 1.169111728668213
3 23 28 39 1.6434952020645142
0 26 29 8 0.4864954948425293
1 26 29 8 0.6640821099281311
2 26 29 8 0.8870642781257629
3 26 29 8 1.1909760236740112
0 38 29 8 0.5021132826805115
1 38 29 8 0.6674575209617615
2 38 29 8 0.7846013307571411
3 38 29 8 1.130990743637085
0 8 29 26 0.4948815703392029
1 8 29 26 0.6196181178092957
2 8 29 26 0.7578956484794617
3 8 29 26 1.0317624807357788
0 38 29 26 0.41912826895713806
1 38 29 26 0.5895988941192627
2 38 29 26 0.719185471534729
3 38 29 26 1.1242659091949463
0 8 29 38 0.5029342174530029
1 8 29 38 0.6616474986076355
2 8 29 38 0.7649151086807251
3 8 29 38 1.0229337215423584
0 26 29 38 0.43162938952445984
1 26 29 38 0.5813773274421692
2 26 29 38 0.7687824964523315
3 26 29 38 1.0776933431625366
0 16 30 12 0.5195597410202026
1 16 30 12 0.7549600601196289
2 16 30 12 1.080458164215088
3 16 30 12 1.4475560188293457
0 41 30 12 0.564042329788208
1 41 30 12 0.7216475009918213
2 41 30 12 0.9872817397117615
3 41 30 12 1.4114800691604614
0 12 30 16 0.46152353286743164
1 12 30 16 0.6892726421356201
2 12 30 16 1.1064977645874023
3 12 30 16 1.5049457550048828
0 41 30 16 0.5396182537078857
1 41 30 16 0.7197044491767883
2 41 30 16 0.9777399301528931
3 41 30 16 1.4284634590148926
0 12 30 41 0.5960705876350403
1 12 30 41 0.7318430542945862
2 12 30 41 1.0674357414245605
3 12 30 41 1.519220232963562
0 16 30 41 0.5262020230293274
1 16 30 41 0.717985212802887
2 16 30 41 1.0382684469223022
3 16 30 41 1.4278923273086548
0 28 31 10 0.5105306506156921
1 28 31 10 0.6820864677429199
2 28 31 10 1.0704149007797241
3 28 31 10 1.549246072769165
0 43 31 10 0.48334333300590515
1 43 31 10 0.7108284831047058
2 43 31 10 1.1143752336502075
3 43 31 10 1.5028492212295532
0 10 31 28 0.5638090968132019
1 10 31 28 0.7444193363189697
2 10 31 28 1.046277403831482
3 10 31 28 1.3736714124679565
0 43 31 28 0.5674121379852295
1 43 31 28 0.7856308817863464
2 43 31 28 1.2089321613311768
3 43 31 28 1.696012258529663
0 10 31 43 0.46636244654655457
1 10 31 43 0.7704797983169556
2 10 31 43 1.0014761686325073
3 10 31 43 1.3291124105453491
0 28 31 43 0.4982903003692627
1 28 31 43 0.7547618746757507
2 28 31 43 1.1777844429016113
3 28 31 43 1.6365118026733398
0 23 32 7 0.5326958298683167
1 23 32 7 0.8348515629768372
2 23 32 7 0.9431782960891724
3 23 32 7 1.3664884567260742
0 33 32 7 0.4563300311565399
1 33 32 7 0.8420499563217163
2 33 32 7 1.1432452201843262
3 33 32 7 1.479964256286621
0 7 32 23 0.40850791335105896
1 7 32 23 0.7531802654266357
2 7 32 23 0.9701274037361145
3 7 32 23 1.3172022104263306
0 33 32 23 0.3979211449623108
1 33 32 23 0.8713323473930359
2 33 32 23 1.1569643020629883
3 33 32 23 1.5173630714416504
0 7 32 33 0.5278467535972595
1 7 32 33 0.7075743079185486
2 7 32 33 0.9592647552490234
3 7 32 33 1.3152390718460083
0 23 32 33 0.5918585658073425
1 23 32 33 0.7339087128639221
2 23 32 33 0.8610835075378418
3 23 32 33 1.260185718536377
0 24 33 5 0.5227827429771423
1 24 33 5 0.7402400970458984
2 24 33 5 1.099291205406189
3 24 33 5 1.4865089654922485
0 35 33 5 0.5284280776977539
1 35 33 5 0.6499423980712891
2 35 33 5 1.01120126247406
3 35 33 5 1.5817217826843262
0 5 33 24 0.4207491874694824
1 5 33 24 0.6723790168762207
2 5 33 24 0.9773781299591064
3 5 33 24 1.2947126626968384
0 35 33 24 0.39348968863487244
1 35 33 24 0.682715654373169
2 35 33 24 1.0818146467208862
3 35 33 24 1.5795040130615234
0 5 33 35 0.5199882984161377
1 5 33 35 0.8057603240013123
2 5 33 35 1.1054131984710693
3 5 33 35 1.3607609272003174
0 24 33 35 0.5209850668907166
1 24 33 35 0.7545286417007446
2 24 33 35 1.0712499618530273
3 24 33 35 1.470191240310669
0 18 34 8 0.437130868434906
1 18 34 8 0.8226240873336792
2 18 34 8 1.1723335981369019
3 18 34 8 1.6084661483764648
0 42 34 8 0.5132692456245422
1 42 34 8 0.7704929709434509
2 42 34 8 1.2128276824951172
3 42 34 8 1.605726957321167
0 8 34 18 0.4726189076900482
1 8 34 18 0.7517394423484802
2 8 34 18 1.25531804561615
3 8 34 18 1.8716325759887695
0 42 34 18 0.39379534125328064
1 42 34 18 0.7153217196464539
2 42 34 18 1.2490432262420654
3 42 34 18 1.644799828529358
0 8 34 42 0.4660078287124634
1 8 34 42 0.7407400608062744
2 8 34 42 1.1300585269927979
3 8 34 42 1.7476660013198853
0 18 34 42 0.4621286392211914
1 18 34 42 0.7172630429267883
2 18 34 42 1.0997686386108398
3 18 34 42 1.5827163457870483
0 19 35 0 0.5508065819740295
1 19 35 0 0.8020309209823608
2 19 35 0 1.0770204067230225
3 19 35 0 1.5964977741241455
0 45 35 0 0.5390560030937195
1 45 35 0 0.7197619676589966
2 45 35 0 1.107670783996582
3 45 35 0 1.4928843975067139
0 0 35 19 0.48443537950515747
1 0 35 19 0.7104208469390869
2 0 35 19 1.0701736211776733
3 0 35 19 1.4531315565109253
0 45 35 19 0.4458499550819397
1 45 35 19 0.8537257313728333
2 45 35 19 1.0872317552566528
3 45 35 19 1.5472896099090576
0 0 35 45 0.5544927716255188
1 0 35 45 0.6379579901695251
2 0 35 45 1.0096430778503418
3 0 35 45 1.415291428565979
0 19 35 45 0.4751198887825012
1 19 35 45 0.7926760315895081
2 19 35 45 1.2378268241882324
3 19 35 45 1.6598148345947266
0 26 36 13 0.5391161441802979
1 26 36 13 0.7504671812057495
2 26 36 13 1.1879385709762573
3 26 36 13 1.6439504623413086
0 41 36 13 0.4569528102874756
1 41 36 13 0.7400530576705933
2 41 36 13 0.9942708015441895
3 41 36 13 1.4077364206314087
0 13 36 26 0.4965779185295105
1 13 36 26 0.7348297834396362
2 13 36 26 0.9996182918548584
3 13 36 26 1.3769437074661255
0 41 36 26 0.4707803428173065
1 41 36 26 0.7318114638328552
2 41 36 26 1.022546410560608
3 41 36 26 1.4124197959899902
0 13 36 41 0.4862409830093384
1 13 36 41 0.7114508748054504
2 13 36 41 0.8755344152450562
3 13 36 41 1.320865273475647
0 26 36 41 0.4989219605922699
1 26 36 41 0.6914301514625549
2 26 36 41 1.0959230661392212
3 26 36 41 1.6611372232437134
0 21 37 6 0.5754183530807495
1 21 37 6 0.7242228388786316
2 21 37 6 0.9344250559806824
3 21 37 6 1.291180968284607
0 38 37 6 0.5396486520767212
1 38 37 6 0.7322698831558228
2 38 37 6 0.9247009754180908
3 38 37 6 1.3729201555252075
0 6 37 21 0.39316079020500183
1 6 37 21 0.6434771418571472
2 6 37 21 0.9139728546142578
3 6 37 21 1.239479899406433
0 38 37 21 0.5651963353157043
1 38 37 21 0.8198792934417725
2 38 37 21 1.0545796155929565
3 38 37 21 1.4372144937515259
0 6 37 38 0.544141948223114
1 6 37 38 0.6728981733322144
2 6 37 38 0.8242216110229492
3 6 37 38 1.2366503477096558
0 21 37 38 0.5701170563697815
1 21 37 38 0.7907187938690186
2 21 37 38 0.9420479536056519
3 21 37 38 1.330161452293396
0 17 38 12 0.5675029754638672
1 17 38 12 0.8309304714202881
2 17 38 12 1.1343069076538086
3 17 38 12 1.443178415298462
0 34 38 12 0.5897998809814453
1 34 38 12 0.8200952410697937
2 34 38 12 1.1035964488983154
3 34 38 12 1.5956239700317383
0 12 38 17 0.5444936156272888
1 12 38 17 0.8076351881027222
2 12 38 17 1.1504948139190674
3 12 38 17 1.5402116775512695
0 34 38 17 0.5365487337112427
1 34 38 17 0.8067362904548645
2 34 38 17 1.1607749462127686
3 34 38 17 1.588666558265686
0 12 38 34 0.42496052384376526
1 12 38 34 0.9048852324485779
2 12 38 34 1.365843415260315
3 12 38 34 1.7336684465408325
0 17 38 34 0.6300151348114014
1 17 38 34 0.8481096029281616
2 17 38 34 1.17461097240448
3 17 38 34 1.4723366498947144
0 25 39 3 0.5150610208511353
1 25 39 3 0.8009824752807617
2 25 39 3 1.2381200790405273
3 25 39 3 1.740638256072998
0 39 39 3 0.4629998803138733
1 39 39 3 0.8005275130271912
2 39 39 3 1.131919503211975
3 39 39 3 1.6707011461257935
0 3 39 25 0.5273557901382446
1 3 39 25 0.7900454998016357
2 3 39 25 1.1342288255691528
3 3 39 25 1.5858955383300781
0 39 39 25 0.4813060164451599
1 39 39 25 0.7961736917495728
2 39 39 25 1.1486302614212036
3 39 39 25 1.639291524887085
0 3 39 39 0.4195433259010315
1 3 39 39 0.7571831941604614
2 3 39 39 1.1540632247924805
3 3 39 39 1.5649675130844116
0 25 39 39 0.490065336227417
1 25 39 39 0.8785091638565063
2 25 39 39 1.2459731101989746
3 25 39 39 1.6619117259979248
0 28 40 15 0.49508553743362427
1 28 40 15 0.700610876083374
2 28 40 15 1.1753745079040527
3 28 40 15 1.539487600326538
0 37 40 15 0.5330114364624023
1 37 40 15 0.8379194736480713
2 37 40 15 1.3365461826324463
3 37 40 15 1.6409587860107422
0 15 40 28 0.4723242521286011
1 15 40 28 0.8179337382316589
2 15 40 28 1.1830581426620483
3 15 40 28 1.6145110130310059
0 37 40 28 0.4961642026901245
1 37 40 28 0.7847793698310852
2 37 40 28 1.2984602451324463
3 37 40 28 1.6906547546386719
0 15 40 37 0.4146200120449066
1 15 40 37 0.9031910300254822
2 15 40 37 1.1908808946609497
3 15 40 37 1.6394870281219482
0 28 40 37 0.45435231924057007
1 28 40 37 0.8258144855499268
2 28 40 37 1.139467716217041
3 28 40 37 1.5628657341003418
0 20 41 14 0.3896257281303406
1 20 41 14 0.8034839034080505
2 20 41 14 1.2694882154464722
3 20 41 14 1.752565860748291
0 47 41 14 0.44389429688453674
1 47 41 14 0.8422291278839111
2 47 41 14 1.1212854385375977
3 47 41 14 1.5233232975006104
0 14 41 20 0.5061874985694885
1 14 41 20 0.8628425598144531
2 14 41 20 1.2490031719207764
3 14 41 20 1.9577540159225464
0 47 41 20 0.5162814855575562
1 47 41 20 0.7972587943077087
2 47 41 20 1.1998474597930908
3 47 41 20 1.5490007400512695
0 14 41 47 0.470744252204895
1 14 41 47 0.822534441947937
2 14 41 47 1.1869632005691528
3 14 41 47 1.8784178495407104
0 20 41 47 0.43072354793548584
1 20 41 47 0.7728918194770813
2 20 41 47 1.1954697370529175
3 20 41 47 1.6877490282058716
0 22 42 10 0.5277629494667053
1 22 42 10 0.8754091858863831
2 22 42 10 1.0900541543960571
3 22 42 10 1.3983988761901855
0 44 42 10 0.4359836280345917
1 44 42 10 0.7917087078094482
2 44 42 10 1.0856871604919434
3 44 42 10 1.4831106662750244
0 10 42 22 0.543383002281189
1 10 42 22 0.7575832605361938
2 10 42 22 1.0794494152069092
3 10 42 22 1.4484641551971436
0 44 42 22 0.5587334036827087
1 44 42 22 0.8578580617904663
2 44 42 22 1.1713130474090576
3 44 42 22 1.580674648284912
0 10 42 44 0.5046837329864502
1 10 42 44 0.7759950757026672
2 10 42 44 1.110070824623108
3 10 42 44 1.4009597301483154
0 22 42 44 0.5365329384803772
1 22 42 44 0.7849659323692322
2 22 42 44 1.096933126449585
3 22 42 44 1.4348851442337036
0 16 43 2 0.4819728136062622
1 16 43 2 0.6538034081459045
2 16 43 2 1.0128138065338135
3 16 43 2 1.3254890441894531
0 46 43 2 0.5718267560005188
1 46 43 2 0.7068035006523132
2 46 43 2 0.9692965149879456
3 46 43 2 1.4989393949508667
0 2 43 16 0.49170732498168945
1 2 43 16 0.5841790437698364
2 2 43 16 0.7917113900184631
3 2 43 16 1.1510419845581055
0 46 43 16 0.46317964792251587
1 46 43 16 0.654691755771637
2 46 43 16 1.0336774587631226
3 46 43 16 1.4974716901779175
0 2 43 46 0.44722744822502136
1 2 43 46 0.7027029395103455
2 2 43 46 0.8824119567871094
3 2 43 46 1.2405498027801514
0 16 43 46 0.42780354619026184
1 16 43 46 0.7080202102661133
2 16 43 46 0.9436385035514832
3 16 43 46 1.279121994972229
0 27 44 4 0.5356441140174866
1 27 44 4 0.7692548036575317
2 27 44 4 1.006629228591919
3 27 44 4 1.423105001449585
0 43 44 4 0.49590128660202026
1 43 44 4 0.7855160236358643
2 43 44 4 1.1668590307235718
3 43 44 4 1.4822964668273926
0 4 44 27 0.45954275131225586
1 4 44 27 0.7823209166526794
2 4 44 27 0.9902990460395813
3 4 44 27 1.3911052942276
0 43 44 27 0.549968957901001
1 43 44 27 0.7785578370094299
2 43 44 27 1.0489665269851685
3 43 44 27 1.4530086517333984
0 4 44 43 0.4791076183319092
1 4 44 43 0.6115854382514954
2 4 44 43 0.982048749923706
3 4 44 43 1.399003505706787
0 27 44 43 0.38651323318481445
1 27 44 43 0.6608957648277283
2 27 44 43 1.049910545349121
3 27 44 43 1.4947468042373657
0 31 45 11 0.6547762751579285
1 31 45 11 0.7256872653961182
2 31 45 11 0.9811584949493408
3 31 45 11 1.4200552701950073
0 32 45 11 0.43759986758232117
1 32 45 11 0.6755003929138184
2 32 45 11 1.079489827156067
3 32 45 11 1.498820185661316
0 11 45 31 0.4891255795955658
1 11 45 31 0.6884253621101379
2 11 45 31 1.00090754032135
3 11 45 31 1.467758297920227
0 32 45 31 0.6096323728561401
1 32 45 31 0.8217530250549316
2 32 45 31 1.1395362615585327
3 32 45 31 1.5653153657913208
0 11 45 32 0.46923816204071045
1 11 45 32 0.6548542380332947
2 11 45 32 0.9555870294570923
3 11 45 32 1.4178719520568848
0 31 45 32 0.4150358736515045
1 31 45 32 0.7317582964897156
2 31 45 32 1.0474345684051514
3 31 45 32 1.5347254276275635
0 29 46 1 0.5626584887504578
1 29 46 1 0.7613703608512878
2 29 46 1 1.0538543462753296
3 29 46 1 1.4275051355361938
0 40 46 1 0.5184193253517151
1 40 46 1 0.7698596119880676
2 40 46 1 1.0269852876663208
3 40 46 1 1.4645270109176636
0 1 46 29 0.5309651494026184
1 1 46 29 0.6809281706809998
2 1 46 29 0.9398802518844604
3 1 46 29 1.2608295679092407
0 40 46 29 0.5088618397712708
1 40 46 29 0.7559906244277954
2 40 46 29 1.0549687147140503
3 40 46 29 1.4254695177078247
0 1 46 40 0.47576281428337097
1 1 46 40 0.6843958497047424
2 1 46 40 0.9696279168128967
3 1 46 40 1.2010270357131958
0 29 46 40 0.4620715379714966
1 29 46 40 0.6754976511001587
2 29 46 40 0.9384346604347229
3 29 46 40 1.233812928199768
0 30 47 9 0.46785497665405273
1 30 47 9 0.7835228443145752
2 30 47 9 1.2707921266555786
3 30 47 9 1.6906073093414307
0 36 47 9 0.4356299042701721
1 36 47 9 0.7195509672164917
2 36 47 9 1.1515791416168213
3 36 47 9 1.65908944606781
0 9 47 30 0.5727514624595642
1 9 47 30 0.8423411846160889
2 9 47 30 1.19416081905365
3 9 47 30 1.5812137126922607
0 36 47 30 0.5096036195755005
1 36 47 30 0.8513965606689453
2 36 47 30 1.2757251262664795
3 36 47 30 1.731661081314087
0 9 47 36 0.527741014957428
1 9 47 36 0.7825990319252014
2 9 47 36 1.111800193786621
3 9 47 36 1.5143678188323975
0 30 47 36 0.4178049862384796
1 30 47 36 0.7384674549102783
2 30 47 36 1.2385892868041992
3 30 47 36 1.733438491821289
0 17 48 9 0.48449790477752686
1 17 48 9 0.7161204814910889
2 17 48 9 0.9898245334625244
3 17 48 9 1.3875882625579834
0 35 48 9 0.5534011721611023
1 35 48 9 0.6841312646865845
2 35 48 9 1.046386957168579
3 35 48 9 1.5127102136611938
0 9 48 17 0.5007588863372803
1 9 48 17 0.7431513667106628
2 9 48 17 1.1023048162460327
3 9 48 17 1.5172991752624512
0 35 48 17 0.3588975965976715
1 35 48 17 0.6338543891906738
2 35 48 17 0.963326632976532
3 35 48 17 1.4705926179885864
0 9 48 35 0.44060757756233215
1 9 48 35 0.7235292792320251
2 9 48 35 1.1166976690292358
3 9 48 35 1.4938015937805176
0 17 48 35 0.39255332946777344
1 17 48 35 0.6929051876068115
2 17 48 35 1.0439659357070923
3 17 48 35 1.38796067237854
0 22 49 3 0.4397355914115906
1 22 49 3 0.6679503321647644
2 22 49 3 0.9751074910163879
3 22 49 3 1.3765193223953247
0 43 49 3 0.5476009845733643
1 43 49 3 0.7332063913345337
2 43 49 3 1.0674046277999878
3 43 49 3 1.2494672536849976
0 3 49 22 0.456905722618103
1 3 49 22 0.7384732961654663
2 3 49 22 0.9195191264152527
3 3 49 22 1.3849502801895142
0 43 49 22 0.5864502787590027
1 43 49 22 0.755018413066864
2 43 49 22 0.9646046757698059
3 43 49 22 1.305857539176941
0 3 49 43 0.5316902995109558
1 3 49 43 0.7026031613349915
2 3 49 43 0.9900499582290649
3 3 49 43 1.3146458864212036
0 22 49 43 0.5039673447608948
1 22 49 43 0.6917418837547302
2 22 49 43 0.9804520010948181
3 22 49 43 1.3415099382400513
0 28 50 8 0.427099347114563
1 28 50 8 0.716418981552124
2 28 50 8 1.190110683441162
3 28 50 8 1.6971505880355835
0 39 50 8 0.551228940486908
1 39 50 8 0.7524386644363403
2 39 50 8 1.0705440044403076
3 39 50 8 1.4377654790878296
0 8 50 28 0.5956298112869263
1 8 50 28 0.7544451951980591
2 8 50 28 1.1155980825424194
3 8 50 28 1.7015475034713745
0 39 50 28 0.5205978751182556
1 39 50 28 0.8362588286399841
2 39 50 28 1.1518241167068481
3 39 50 28 1.476096272468567
0 8 50 39 0.5268710255622864
1 8 50 39 0.7541598677635193
2 8 50 39 1.2251882553100586
3 8 50 39 1.6839348077774048
0 28 50 39 0.4970121383666992
1 28 50 39 0.7408117651939392
2 28 50 39 1.2003810405731201
3 28 50 39 1.5930795669555664
0 26 51 1 0.4532652497291565
1 26 51 1 0.6242253184318542
2 26 51 1 1.037828803062439
3 26 51 1 1.6488871574401855
0 37 51 1 0.5116437673568726
1 37 51 1 0.6787906885147095
2 37 51 1 1.1379903554916382
3 37 51 1 1.5478960275650024
0 1 51 26 0.6114442348480225
1 1 51 26 0.6952059268951416
2 1 51 26 1.0845054388046265
3 1 51 26 1.481601595878601
0 37 51 26 0.4836207926273346
1 37 51 26 0.6201505064964294
2 37 51 26 0.9819028973579407
3 37 51 26 1.3978345394134521
0 1 51 37 0.4869467318058014
1 1 51 37 0.6621729135513306
2 1 51 37 1.0728431940078735
3 1 51 37 1.5921651124954224
0 26 51 37 0.5240336656570435
1 26 51 37 0.6188443303108215
2 26 51 37 1.180955410003662
3 26 51 37 1.7351722717285156
0 29 52 7 0.5539262294769287
1 29 52 7 0.8237665891647339
2 29 52 7 1.1679729223251343
3 29 52 7 1.525808572769165
0 41 52 7 0.6696826815605164
1 41 52 7 0.9082200527191162
2 41 52 7 1.187267780303955
3 41 52 7 1.526992678642273
0 7 52 29 0.4922414720058441
1 7 52 29 0.7028553485870361
2 7 52 29 0.9903164505958557
3 7 52 29 1.4174169301986694
0 41 52 29 0.44373324513435364
1 41 52 29 0.6554124355316162
2 41 52 29 0.9637888669967651
3 41 52 29 1.4067504405975342
0 7 52 41 0.4279014766216278
1 7 52 41 0.654364287853241
2 7 52 41 0.9778622388839722
3 7 52 41 1.3868989944458008
0 29 52 41 0.484938383102417
1 29 52 41 0.6870473027229309
2 29 52 41 1.069067358970642
3 29 52 41 1.401517391204834
0 27 53 11 0.5257908701896667
1 27 53 11 0.7399122714996338
2 27 53 11 1.1164401769638062
3 27 53 11 1.4582375288009644
0 42 53 11 0.5300230979919434
1 42 53 11 0.6817606091499329
2 42 53 11 1.0173972845077515
3 42 53 11 1.378730058670044
0 11 53 27 0.5732817053794861
1 11 53 27 0.7567217946052551
2 11 53 27 1.0797628164291382
3 11 53 27 1.4298311471939087
0 42 53 27 0.4518461525440216
1 42 53 27 0.7220484614372253
2 42 53 27 1.0776407718658447
3 42 53 27 1.4558964967727661
0 11 53 42 0.5789147615432739
1 11 53 42 0.8044643998146057
2 11 53 42 1.1845775842666626
3 11 53 42 1.4590498208999634
0 27 53 42 0.4988665282726288
1 27 53 42 0.7733202576637268
2 27 53 42 1.136397123336792
3 27 53 42 1.4876649379730225
0 19 54 10 0.4909834861755371
1 19 54 10 0.6620096564292908
2 19 54 10 1.0517481565475464
3 19 54 10 1.5284526348114014
0 36 54 10 0.4650079905986786
1 36 54 10 0.6379376649856567
2 36 54 10 1.003538966178894
3 36 54 10 1.4199599027633667
0 10 54 19 0.5083179473876953
1 10 54 19 0.7718245387077332
2 10 54 19 1.0973902940750122
3 10 54 19 1.4636342525482178
0 36 54 19 0.441336989402771
1 36 54 19 0.8126322031021118
2 36 54 19 1.1817597150802612
3 36 54 19 1.6032445430755615
0 10 54 36 0.4173990488052368
1 10 54 36 0.8248381018638611
2 10 54 36 1.11692214012146
3 10 54 36 1.462773323059082
0 19 54 36 0.48604702949523926
1 19 54 36 0.6500309705734253
2 19 54 36 1.0029375553131104
3 19 54 36 1.487375020980835
0 18 55 0 0.48328715562820435
1 18 55 0 0.6948116421699524
2 18 55 0 0.9970500469207764
3 18 55 0 1.3434412479400635
0 34 55 0 0.5565869808197021
1 34 55 0 0.7305124402046204
2 34 55 0 1.1936556100845337
3 34 55 0 1.5194288492202759
0 0 55 18 0.5251920223236084
1 0 55 18 0.8517462015151978
2 0 55 18 1.156599521636963
3 0 55 18 1.523136854171753
0 34 55 18 0.5179377198219299
1 34 55 18 0.8098009824752808
2 34 55 18 1.2387546300888062
3 34 55 18 1.6663384437561035
0 0 55 34 0.49881529808044434
1 0 55 34 0.8126904368400574
2 0 55 34 1.2343491315841675
3 0 55 34 1.5979502201080322
0 18 55 34 0.618048369884491
1 18 55 34 0.9309027194976807
2 18 55 34 1.3279802799224854
3 18 55 34 1.583587408065796
0 30 56 14 0.557125449180603
1 30 56 14 0.7870340943336487
2 30 56 14 1.1129852533340454
3 30 56 14 1.4777157306671143
0 38 56 14 0.5800794363021851
1 38 56 14 0.719932496547699
2 38 56 14 0.938546895980835
3 38 56 14 1.374398112297058
0 14 56 30 0.3958248496055603
1 14 56 30 0.860322117805481
2 14 56 30 1.1185485124588013
3 14 56 30 1.4596226215362549
0 38 56 30 0.6043123602867126
1 38 56 30 0.7971977591514587
2 38 56 30 1.0626221895217896
3 38 56 30 1.5168392658233643
0 14 56 38 0.49266690015792847
1 14 56 38 0.6899604201316833
2 14 56 38 0.9538754820823669
3 14 56 38 1.3764042854309082
0 30 56 38 0.5439432263374329
1 30 56 38 0.7236579656600952
2 30 56 38 0.9803253412246704
3 30 56 38 1.3405230045318604
0 31 57 15 0.4219430387020111
1 31 57 15 0.6724808216094971
2 31 57 15 1.004500150680542
3 31 57 15 1.2778998613357544
0 40 57 15 0.38214224576950073
1 40 57 15 0.757546067237854
2 40 57 15 0.9991065859794617
3 40 57 15 1.3672585487365723
0 15 57 31 0.41453948616981506
1 15 57 31 0.7504134774208069
2 15 57 31 0.9732921719551086
3 15 57 31 1.3121528625488281
0 40 57 31 0.47945091128349304
1 40 57 31 0.687686026096344
2 40 57 31 0.9187179803848267
3 40 57 31 1.3582631349563599
0 15 57 40 0.489309698343277
1 15 57 40 0.7355351448059082
2 15 57 40 0.9810149669647217
3 15 57 40 1.3090198040008545
0 31 57 40 0.5392637252807617
1 31 57 40 0.7769201397895813
2 31 57 40 1.0174376964569092
3 31 57 40 1.367033839225769
0 25 58 4 0.5405547022819519
1 25 58 4 0.7107089757919312
2 25 58 4 1.0692864656448364
3 25 58 4 1.4167695045471191
0 32 58 4 0.48675140738487244
1 32 58 4 0.7615038156509399
2 32 58 4 1.0388659238815308
3 32 58 4 1.4313445091247559
0 4 58 25 0.49021852016448975
1 4 58 25 0.7460269331932068
2 4 58 25 1.0926570892333984
3 4 58 25 1.4036133289337158
0 32 58 25 0.5697526931762695
1 32 58 25 0.7134254574775696
2 32 58 25 1.0704795122146606
3 32 58 25 1.4144922494888306
0 4 58 32 0.5773607492446899
1 4 58 32 0.7171498537063599
2 4 58 32 1.0427035093307495
3 4 58 32 1.4063109159469604
0 25 58 32 0.5030539631843567
1 25 58 32 0.7174791693687439
2 25 58 32 0.9079539775848389
3 25 58 32 1.3301966190338135
0 24 59 2 0.5254802107810974
1 24 59 2 0.7606834769248962
2 24 59 2 1.0777604579925537
3 24 59 2 1.5263935327529907
0 44 59 2 0.5237035155296326
1 44 59 2 0.7321895956993103
2 44 59 2 1.0305585861206055
3 44 59 2 1.431801199913025
0 2 59 24 0.38713377714157104
1 2 59 24 0.6532257795333862
2 2 59 24 0.9518976807594299
3 2 59 24 1.435765027999878
0 44 59 24 0.5310390591621399
1 44 59 24 0.7672340869903564
2 44 59 24 1.1916534900665283
3 44 59 24 1.4612038135528564
0 2 59 44 0.47361329197883606
1 2 59 44 0.6932711601257324
2 2 59 44 1.0693262815475464
3 2 59 44 1.4805854558944702
0 24 59 44 0.5615964531898499
1 24 59 44 0.8107800483703613
2 24 59 44 1.215541124343872
3 24 59 44 1.5786198377609253
0 20 60 12 0.3700648248195648
1 20 60 12 0.6207121014595032
2 20 60 12 1.0229052305221558
3 20 60 12 1.3154993057250977
0 33 60 12 0.40389806032180786
1 33 60 12 0.708776593208313
2 33 60 12 1.0028597116470337
3 33 60 12 1.2998732328414917
0 12 60 20 0.47199901938438416
1 12 60 20 0.6897335648536682
2 12 60 20 0.9615433216094971
3 12 60 20 1.4491674900054932
0 33 60 20 0.43156424164772034
1 33 60 20 0.709108293056488
2 33 60 20 1.0049556493759155
3 33 60 20 1.2969743013381958
0 12 60 33 0.49319401383399963
1 12 60 33 0.6451112031936646
2 12 60 33 1.0096935033798218
3 12 60 33 1.4221417903900146
0 20 60 33 0.5361398458480835
1 20 60 33 0.6711153984069824
2 20 60 33 0.8818334937095642
3 20 60 33 1.2439262866973877
0 23 61 13 0.6121657490730286
1 23 61 13 0.8236508965492249
2 23 61 13 0.9942105412483215
3 23 61 13 1.5618976354599
0 47 61 13 0.5362317562103271
1 47 61 13 0.809581995010376
2 47 61 13 1.1343014240264893
3 47 61 13 1.5827689170837402
0 13 61 23 0.4110768735408783
1 13 61 23 0.7972321510314941
2 13 61 23 1.1552445888519287
3 13 61 23 1.619323492050171
0 47 61 23 0.5192024111747742
1 47 61 23 0.803546130657196
2 47 61 23 1.0552375316619873
3 47 61 23 1.5526056289672852
0 13 61 47 0.4788011610507965
1 13 61 47 0.7654780745506287
2 13 61 47 1.1456913948059082
3 13 61 47 1.647812843322754
0 23 61 47 0.4893423318862915
1 23 61 47 0.7661829590797424
2 23 61 47 1.0750914812088013
3 23 61 47 1.643599033355713
0 16 62 6 0.5623893737792969
1 16 62 6 0.8451387882232666
2 16 62 6 1.2438106536865234
3 16 62 6 1.4945869445800781
0 45 62 6 0.6448053121566772
1 45 62 6 0.8909031748771667
2 45 62 6 1.1703342199325562
3 45 62 6 1.4868546724319458
0 6 62 16 0.5437708497047424
1 6 62 16 0.7285435199737549
2 6 62 16 1.1313509941101074
3 6 62 16 1.5742285251617432
0 45 62 16 0.44483622908592224
1 45 62 16 0.8079118728637695
2 45 62 16 1.1292744874954224
3 45 62 16 1.5117939710617065
0 6 62 45 0.6553005576133728
1 6 62 45 0.8256499767303467
2 6 62 45 1.0377943515777588
3 6 62 45 1.5201162099838257
0 16 62 45 0.4930722415447235
1 16 62 45 0.8236572742462158
2 16 62 45 1.1788914203643799
3 16 62 45 1.470301866531372
0 21 63 5 0.41103893518447876
1 21 63 5 0.6156710386276245
2 21 63 5 0.8039606809616089
3 21 63 5 1.3217567205429077
0 46 63 5 0.43543776869773865
1 46 63 5 0.5508195757865906
2 46 63 5 0.8103917837142944
3 46 63 5 1.2011033296585083
0 5 63 21 0.37266263365745544
1 5 63 21 0.6060542464256287
2 5 63 21 0.9300051927566528
3 5 63 21 1.2858924865722656
0 46 63 21 0.46598196029663086
1 46 63 21 0.6132346987724304
2 46 63 21 0.8324131369590759
3 46 63 21 1.23012375831604
0 5 63 46 0.4068358540534973
1 5 63 46 0.6393986940383911
2 5 63 46 0.8270353674888611
3 5 63 46 1.2069368362426758
0 21 63 46 0.4841060936450958
1 21 63 46 0.7396839261054993
2 21 63 46 0.9179493188858032
3 21 63 46 1.3818882703781128
0 26 64 6 0.4984184801578522
1 26 64 6 0.7718150019645691
2 26 64 6 1.1481107473373413
3 26 64 6 1.7106369733810425
0 39 64 6 0.47308966517448425
1 39 64 6 0.7149297595024109
2 39 64 6 1.055512547492981
3 39 64 6 1.475022315979004
0 6 64 26 0.46521201729774475
1 6 64 26 0.6416955590248108
2 6 64 26 0.9418250322341919
3 6 64 26 1.4342451095581055
0 39 64 26 0.539426326751709
1 39 64 26 0.7599813938140869
2 39 64 26 1.0572618246078491
3 39 64 26 1.390955924987793
0 6 64 39 0.5295193195343018
1 6 64 39 0.7238478064537048
2 6 64 39 1.1230632066726685
3 6 64 39 1.5167850255966187
0 26 64 39 0.4717165231704712
1 26 64 39 0.8991295099258423
2 26 64 39 1.3029627799987793
3 26 64 39 1.8439570665359497
0 17 65 10 0.4794979393482208
1 17 65 10 0.7311260104179382
2 17 65 10 1.1099045276641846
3 17 65 10 1.4656624794006348
0 32 65 10 0.5511711239814758
1 32 65 10 0.7162325382232666
2 32 65 10 1.0963919162750244
3 32 65 10 1.455424427986145
0 10 65 17 0.509987473487854
1 10 65 17 0.7993584275245667
2 10 65 17 1.0993975400924683
3 10 65 17 1.556481122970581
0 32 65 17 0.5059993267059326
1 32 65 17 0.7449237704277039
2 32 65 17 1.0312001705169678
3 32 65 17 1.423918604850769
0 10 65 32 0.4822418987751007
1 10 65 32 0.7169585824012756
2 10 65 32 1.1194539070129395
3 10 65 32 1.5713813304901123
0 17 65 32 0.4248591363430023
1 17 65 32 0.7162548303604126
2 17 65 32 1.1560150384902954
3 17 65 32 1.4927035570144653
0 31 66 1 0.5149823427200317
1 31 66 1 0.7741095423698425
2 31 66 1 1.2323546409606934
3 31 66 1 1.6786210536956787
0 34 66 1 0.5826435089111328
1 34 66 1 0.7611311078071594
2 34 66 1 1.1247622966766357
3 34 66 1 1.5242977142333984
0 1 66 31 0.5065070390701294
1 1 66 31 0.7158392071723938
2 1 66 31 0.9884354472160339
3 1 66 31 1.4252678155899048
0 34 66 31 0.4210096299648285
1 34 66 31 0.7335367202758789
2 34 66 31 1.054896354675293
3 34 66 31 1.5144606828689575
0 1 66 34 0.507207989692688
1 1 66 34 0.7459243535995483
2 1 66 34 1.114305019378662
3 1 66 34 1.5016695261001587
0 31 66 34 0.41325893998146057
1 31 66 34 0.813857913017273
2 31 66 34 1.180930256843567
3 31 66 34 1.684248447418213
0 27 67 9 0.5035588145256042
1 27 67 9 0.7519057989120483
2 27 67 9 1.049121618270874
3 27 67 9 1.406013011932373
0 46 67 9 0.44129884243011475
1 46 67 9 0.5759643912315369
2 46 67 9 1.0180197954177856
3 46 67 9 1.5861179828643799
0 9 67 27 0.5632420182228088
1 9 67 27 0.6540196537971497
2 9 67 27 0.9481744766235352
3 9 67 27 1.1540697813034058
0 46 67 27 0.4755544662475586
1 46 67 27 0.7013272047042847
2 46 67 27 1.1328085660934448
3 46 67 27 1.653350830078125
0 9 67 46 0.4692782163619995
1 9 67 46 0.6270204186439514
2 9 67 46 0.9948819279670715
3 9 67 46 1.2635514736175537
0 27 67 46 0.502837598323822
1 27 67 46 0.7525914311408997
2 27 67 46 1.0139222145080566
3 27 67 46 1.3482775688171387
0 23 68 4 0.5835775136947632
1 23 68 4 0.8053483963012695
2 23 68 4 1.1095644235610962
3 23 68 4 1.6851218938827515
0 40 68 4 0.5722610354423523
1 40 68 4 0.8579574823379517
2 40 68 4 1.2046436071395874
3 40 68 4 1.6457985639572144
0 4 68 23 0.431832879781723
1 4 68 23 0.8300487399101257
2 4 68 23 1.3430782556533813
3 4 68 23 1.8700475692749023
0 40 68 23 0.5182758569717407
1 40 68 23 0.8486685156822205
2 40 68 23 1.2487387657165527
3 40 68 23 1.6372597217559814
0 4 68 40 0.5679635405540466
1 4 68 40 0.852388858795166
2 4 68 40 1.2780051231384277
3 4 68 40 1.8309848308563232
0 23 68 40 0.5809146165847778
1 23 68 40 0.9924294948577881
2 23 68 40 1.243999719619751
3 23 68 40 1.7405149936676025
0 24 69 11 0.5162011981010437
1 24 69 11 0.7292237281799316
2 24 69 11 1.059367060661316
3 24 69 11 1.4553329944610596
0 36 69 11 0.480056494474411
1 36 69 11 0.7515024542808533
2 36 69 11 1.0668818950653076
3 36 69 11 1.483904480934143
0 11 69 24 0.5933782458305359
1 11 69 24 0.8209384679794312
2 11 69 24 1.0228090286254883
3 11 69 24 1.3311777114868164
0 36 69 24 0.41703182458877563
1 36 69 24 0.802348792552948
2 36 69 24 1.1829586029052734
3 36 69 24 1.4516932964324951
0 11 69 36 0.4475393295288086
1 11 69 36 0.7441173195838928
2 11 69 36 0.9893816113471985
3 11 69 36 1.2704859972000122
0 24 69 36 0.5249152779579163
1 24 69 36 0.7310881018638611
2 24 69 36 1.022159218788147
3 24 69 36 1.4103199243545532
0 18 70 2 0.5149580240249634
1 18 70 2 0.7143589854240417
2 18 70 2 1.0705121755599976
3 18 70 2 1.4010562896728516
0 38 70 2 0.5449629426002502
1 38 70 2 0.7700994610786438
2 38 70 2 1.2296230792999268
3 38 70 2 1.767657995223999
0 2 70 18 0.5250442028045654
1 2 70 18 0.7714354395866394
2 2 70 18 1.191469430923462
3 2 70 18 1.5561012029647827
0 38 70 18 0.5101214647293091
1 38 70 18 0.8183301091194153
2 38 70 18 1.254791498184204
3 38 70 18 1.7293989658355713
0 2 70 38 0.4640359878540039
1 2 70 38 0.6615314483642578
2 2 70 38 1.0710786581039429
3 2 70 38 1.5220310688018799
0 18 70 38 0.5469603538513184
1 18 70 38 0.7404147386550903
2 18 70 38 1.0185548067092896
3 18 70 38 1.4137383699417114
0 30 71 13 0.48357510566711426
1 30 71 13 0.7278359532356262
2 30 71 13 1.1346375942230225
3 30 71 13 1.4806777238845825
0 43 71 13 0.48250019550323486
1 43 71 13 0.722524881362915
2 43 71 13 1.1142699718475342
3 43 71 13 1.5172516107559204
0 13 71 30 0.4286225736141205
1 13 71 30 0.6989114880561829
2 13 71 30 1.0676689147949219
3 13 71 30 1.4524564743041992
0 43 71 30 0.4648227393627167
1 43 71 30 0.807479977607727
2 43 71 30 1.185055136680603
3 43 71 30 1.5847878456115723
0 13 71 43 0.4044565260410309
1 13 71 43 0.7211444973945618
2 13 71 43 0.9985727667808533
3 13 71 43 1.4823747873306274
0 30 71 43 0.411976158618927
1 30 71 43 0.6853564977645874
2 30 71 43 1.0272846221923828
3 30 71 43 1.540521264076233
0 29 72 15 0.4367104172706604
1 29 72 15 0.6928222179412842
2 29 72 15 1.0250983238220215
3 29 72 15 1.298396110534668
0 33 72 15 0.4218522608280182
1 33 72 15 0.8272240161895752
2 33 72 15 1.1695928573608398
3 33 72 15 1.4901190996170044
0 15 72 29 0.3534245193004608
1 15 72 29 0.7030481696128845
2 15 72 29 1.065412998199463
3 15 72 29 1.3157082796096802
0 33 72 29 0.39855092763900757
1 33 72 29 0.6624558568000793
2 33 72 29 0.9527605772018433
3 33 72 29 1.2957972288131714
0 15 72 33 0.4249550998210907
1 15 72 33 0.7691552042961121
2 15 72 33 1.0526950359344482
3 15 72 33 1.3770421743392944
0 29 72 33 0.504930853843689
1 29 72 33 0.7690210342407227
2 29 72 33 0.9326722621917725
3 29 72 33 1.249855637550354
0 19 73 12 0.4759887754917145
1 19 73 12 0.787510335445404
2 19 73 12 1.0420732498168945
3 19 73 12 1.4006776809692383
0 37 73 12 0.4960073232650757
1 37 73 12 0.7444607615470886
2 37 73 12 0.961933434009552
3 37 73 12 1.2382469177246094
0 12 73 19 0.4685156047344208
1 12 73 19 0.7923938632011414
2 12 73 19 1.1066539287567139
3 12 73 19 1.4555894136428833
0 37 73 19 0.43142637610435486
1 37 73 19 0.6695024967193604
2 37 73 19 0.9288195371627808
3 37 73 19 1.2270220518112183
0 12 73 37 0.5106832981109619
1 12 73 37 0.771132230758667
2 12 73 37 1.0997298955917358
3 12 73 37 1.444003701210022
0 19 73 37 0.5241536498069763
1 19 73 37 0.7924139499664307
2 19 73 37 1.0412973165512085
3 19 73 37 1.4238032102584839
0 21 74 8 0.4691959619522095
1 21 74 8 0.7472571730613708
2 21 74 8 0.9845170974731445
3 21 74 8 1.4721379280090332
0 35 74 8 0.44160446524620056
1 35 74 8 0.6287214159965515
2 35 74 8 0.9269425272941589
3 35 74 8 1.2957313060760498
0 8 74 21 0.5662462115287781
1 8 74 21 0.7477660775184631
2 8 74 21 0.9575664401054382
3 8 74 21 1.3610649108886719
0 35 74 21 0.47523173689842224
1 35 74 21 0.7033365368843079
2 35 74 21 0.9675518274307251
3 35 74 21 1.3476067781448364
0 8 74 35 0.4472805857658386
1 8 74 35 0.7146844863891602
2 8 74 35 0.9780309796333313
3 8 74 35 1.3935438394546509
0 21 74 35 0.5680992007255554
1 21 74 35 0.7747776508331299
2 21 74 35 0.9663827419281006
3 21 74 35 1.4352010488510132
0 16 75 5 0.4658689796924591
1 16 75 5 0.7493510842323303
2 16 75 5 1.2320386171340942
3 16 75 5 1.7528363466262817
0 44 75 5 0.5082077383995056
1 44 75 5 0.7996326088905334
2 44 75 5 1.2036348581314087
3 44 75 5 1.6262881755828857
0 5 75 16 0.40101128816604614
1 5 75 16 0.7309531569480896
2 5 75 16 1.2434494495391846
3 5 75 16 1.6652919054031372
0 44 75 16 0.41031935811042786
1 44 75 16 0.6169407367706299
2 44 75 16 1.0584248304367065
3 44 75 16 1.488266110420227
0 5 75 44 0.4573056995868683
1 5 75 44 0.7604838013648987
2 5 75 44 1.2418936491012573
3 5 75 44 1.6956852674484253
0 16 75 44 0.568967878818512
1 16 75 44 0.7022445201873779
2 16 75 44 1.248975396156311
3 16 75 44 1.6484342813491821
0 20 76 3 0.5524412393569946
1 20 76 3 0.8593564629554749
2 20 76 3 1.1723700761795044
3 20 76 3 1.574724555015564
0 41 76 3 0.5038769245147705
1 41 76 3 0.8638283014297485
2 41 76 3 1.1092852354049683
3 41 76 3 1.5755304098129272
0 3 76 20 0.47320154309272766
1 3 76 20 0.8306477069854736
2 3 76 20 1.083960771560669
3 3 76 20 1.616337776184082
0 41 76 20 0.44444242119789124
1 41 76 20 0.6859064102172852
2 41 76 20 0.936180830001831
3 41 76 20 1.5189404487609863
0 3 76 41 0.5232113599777222
1 3 76 41 0.9033553600311279
2 3 76 41 1.1739087104797363
3 3 76 41 1.5332465171813965
0 20 76 41 0.5603864789009094
1 20 76 41 0.8004905581474304
2 20 76 41 1.1164377927780151
3 20 76 41 1.5262742042541504
0 28 77 14 0.44687315821647644
1 28 77 14 0.6115690469741821
2 28 77 14 0.9003158807754517
3 28 77 14 1.2969106435775757
0 45 77 14 0.4814871847629547
1 45 77 14 0.6775409579277039
2 45 77 14 0.9918591380119324
3 45 77 14 1.4478013515472412
0 14 77 28 0.45229050517082214
1 14 77 28 0.6475927233695984
2 14 77 28 0.9904211759567261
3 14 77 28 1.4956897497177124
0 45 77 28 0.4157468378543854
1 45 77 28 0.7012869715690613
2 45 77 28 1.0342583656311035
3 45 77 28 1.4506618976593018
0 14 77 45 0.512252688407898
1 14 77 45 0.7839783430099487
2 14 77 45 1.0428088903427124
3 14 77 45 1.5709060430526733
0 28 77 45 0.4025288224220276
1 28 77 45 0.5490453839302063
2 28 77 45 0.8294141292572021
3 28 77 45 1.3315703868865967
0 25 78 7 0.5341395735740662
1 25 78 7 0.7352657914161682
2 25 78 7 1.1194183826446533
3 25 78 7 1.5834063291549683
0 42 78 7 0.4659254550933838
1 42 78 7 0.7204058170318604
2 42 78 7 1.1426920890808105
3 42 78 7 1.6797593832015991
0 7 78 25 0.4492438733577728
1 7 78 25 0.7256264686584473
2 7 78 25 1.0904054641723633
3 7 78 25 1.7448889017105103
0 42 78 25 0.4996892511844635
1 42 78 25 0.7512938976287842
2 42 78 25 1.1539926528930664
3 42 78 25 1.6312650442123413
0 7 78 42 0.509813129901886
1 7 78 42 0.763003945350647
2 7 78 42 1.1599295139312744
3 7 78 42 1.8132847547531128
0 25 78 42 0.578493595123291
1 25 78 42 0.754427433013916
2 25 78 42 1.085437297821045
3 25 78 42 1.4939788579940796
0 22 79 0 0.42466434836387634
1 22 79 0 0.6826221942901611
2 22 79 0 1.070316195487976
3 22 79 0 1.5577774047851562
0 47 79 0 0.45652392506599426
1 47 79 0 0.7087025046348572
2 47 79 0 1.0110000371932983
3 47 79 0 1.452146291732788
0 0 79 22 0.46906161308288574
1 0 79 22 0.648932695388794
2 0 79 22 0.9438698887825012
3 0 79 22 1.343854546546936
0 47 79 22 0.4728984832763672
1 47 79 22 0.7621980309486389
2 47 79 22 1.0085787773132324
3 47 79 22 1.4156253337860107
0 0 79 47 0.5344080924987793
1 0 79 47 0.6858716607093811
2 0 79 47 0.9456993341445923
3 0 79 47 1.338221788406372
0 22 79 47 0.47570252418518066
1 22 79 47 0.6613073945045471
2 22 79 47 1.1518617868423462
3 22 79 47 1.6229199171066284
0 24 80 0 0.5194802284240723
1 24 80 0 0.9226768016815186
2 24 80 0 1.4017305374145508
3 24 80 0 1.8144532442092896
0 41 80 0 0.4964807629585266
1 41 80 0 0.7466360926628113
2 41 80 0 1.2367123365402222
3 41 80 0 1.804193377494812
0 0 80 24 0.5091115236282349
1 0 80 24 0.7270692586898804
2 0 80 24 1.1978496313095093
3 0 80 24 1.6523220539093018
0 41 80 24 0.455520898103714
1 41 80 24 0.8586317300796509
2 41 80 24 1.2987029552459717
3 41 80 24 1.8322851657867432
0 0 80 41 0.41430002450942993
1 0 80 41 0.7831985950469971
2 0 80 41 1.1551759243011475
3 0 80 41 1.594603180885315
0 24 80 41 0.5468688607215881
1 24 80 41 0.8183805346488953
2 24 80 41 1.3632676601409912
3 24 80 41 1.7951701879501343
0 21 81 14 0.4612087607383728
1 21 81 14 0.7552810311317444
2 21 81 14 0.9717388153076172
3 21 81 14 1.3073865175247192
0 39 81 14 0.4348144829273224
1 39 81 14 0.7559433579444885
2 39 81 14 0.9545261859893799
3 39 81 14 1.2534010410308838
0 14 81 21 0.4110051393508911
1 14 81 21 0.7504320740699768
2 14 81 21 0.8868079781532288
3 14 81 21 1.3846712112426758
0 39 81 21 0.4702778458595276
1 39 81 21 0.7625324130058289
2 39 81 21 0.9522018432617188
3 39 81 21 1.2162823677062988
0 14 81 39 0.4607122242450714
1 14 81 39 0.757266104221344
2 14 81 39 1.0212912559509277
3 14 81 39 1.4566980600357056
0 21 81 39 0.5013588666915894
1 21 81 39 0.778699517250061
2 21 81 39 1.0298494100570679
3 21 81 39 1.3884234428405762
0 20 82 7 0.5834779143333435
1 20 82 7 0.7302659153938293
2 20 82 7 0.9890479445457458
3 20 82 7 1.4433237314224243
0 40 82 7 0.4733336269855499
1 40 82 7 0.6875005960464478
2 40 82 7 1.0742446184158325
3 40 82 7 1.5419896841049194
0 7 82 20 0.4752250909805298
1 7 82 20 0.6421181559562683
2 7 82 20 0.9052237868309021
3 7 82 20 1.2413547039031982
0 40 82 20 0.47258538007736206
1 40 82 20 0.7302796840667725
2 40 82 20 0.9609233736991882
3 40 82 20 1.4608381986618042
0 7 82 40 0.5255753397941589
1 7 82 40 0.7065420746803284
2 7 82 40 0.8318823575973511
3 7 82 40 1.234965443611145
0 20 82 40 0.49574145674705505
1 20 82 40 0.8359687328338623
2 20 82 40 0.9408872723579407
3 20 82 40 1.3580878973007202
0 17 83 8 0.5443568229675293
1 17 83 8 0.7549529671669006
2 17 83 8 1.1517695188522339
3 17 83 8 1.5232537984848022
0 46 83 8 0.5381355881690979
1 46 83 8 0.7905840277671814
2 46 83 8 1.298707365989685
3 46 83 8 1.7898640632629395
0 8 83 17 0.4367090165615082
1 8 83 17 0.7910846471786499
2 8 83 17 1.2610398530960083
3 8 83 17 1.6866133213043213
0 46 83 17 0.5149202942848206
1 46 83 17 0.7654038667678833
2 46 83 17 1.3555141687393188
3 46 83 17 1.869864583015442
0 8 83 46 0.4700201749801636
1 8 83 46 0.8055309057235718
2 8 83 46 1.3327810764312744
3 8 83 46 1.8288332223892212
0 17 83 46 0.464767187833786
1 17 83 46 0.7370244264602661
2 17 83 46 1.1317335367202759
3 17 83 46 1.5273103713989258
0 26 84 5 0.5439077615737915
1 26 84 5 0.7521698474884033
2 26 84 5 1.135013222694397
3 26 84 5 1.6824127435684204
0 42 84 5 0.5764053463935852
1 42 84 5 0.7447026968002319
2 42 84 5 1.0653507709503174
3 42 84 5 1.428483009338379
0 5 84 26 0.4742888808250427
1 5 84 26 0.6349050998687744
2 5 84 26 1.0416518449783325
3 5 84 26 1.4568054676055908
0 42 84 26 0.6185639500617981
1 42 84 26 0.7007474899291992
2 42 84 26 0.9819805026054382
3 42 84 26 1.3456084728240967
0 5 84 42 0.47582998871803284
1 5 84 42 0.7682896256446838
2 5 84 42 1.1649301052093506
3 5 84 42 1.5312883853912354
0 26 84 42 0.4359341561794281
1 26 84 42 0.767437219619751
2 26 84 42 1.2773962020874023
3 26 84 42 1.8013850450515747
0 29 85 10 0.4550012946128845
1 29 85 10 0.7623659372329712
2 29 85 10 1.1864615678787231
3 29 85 10 1.8296606540679932
0 45 85 10 0.46978306770324707
1 45 85 10 0.7353425025939941
2 45 85 10 1.0686453580856323
3 45 85 10 1.5212503671646118
0 10 85 29 0.5529371500015259
1 10 85 29 0.7755729556083679
2 10 85 29 1.2747697830200195
3 10 85 29 1.6291913986206055
0 45 85 29 0.45503920316696167
1 45 85 29 0.7294466495513916
2 45 85 29 1.1018707752227783
3 45 85 29 1.6126770973205566
0 10 85 45 0.6161001920700073
1 10 85 45 0.7845125794410706
2 10 85 45 1.1317566633224487
3 10 85 45 1.681433916091919
0 29 85 45 0.5144189596176147
1 29 85 45 0.8184495568275452
2 29 85 45 1.1633106470108032
3 29 85 45 1.7863675355911255
0 30 86 6 0.4406037926673889
1 30 86 6 0.7325013279914856
2 30 86 6 1.0340635776519775
3 30 86 6 1.3948163986206055
0 34 86 6 0.39357659220695496
1 34 86 6 0.715569794178009
2 34 86 6 1.01339590549469
3 34 86 6 1.4251303672790527
0 6 86 30 0.42635294795036316
1 6 86 30 0.6683510541915894
2 6 86 30 1.0378060340881348
3 6 86 30 1.5133609771728516
0 34 86 30 0.47071054577827454
1 34 86 30 0.8466975688934326
2 34 86 30 1.1602166891098022
3 34 86 30 1.475192904472351
0 6 86 34 0.5062434673309326
1 6 86 34 0.7321590185165405
2 6 86 34 1.0886517763137817
3 6 86 34 1.5213013887405396
0 30 86 34 0.5163862109184265
1 30 86 34 0.7709792852401733
2 30 86 34 1.0799874067306519
3 30 86 34 1.4283889532089233
0 19 87 4 0.6281009316444397
1 19 87 4 0.8720154166221619
2 19 87 4 1.1840378046035767
3 19 87 4 1.5867525339126587
0 35 87 4 0.44897225499153137
1 35 87 4 0.8230206966400146
2 35 87 4 1.2627930641174316
3 35 87 4 1.908315896987915
0 4 87 19 0.575153112411499
1 4 87 19 0.8419976234436035
2 4 87 19 1.2386804819107056
3 4 87 19 1.6835991144180298
0 35 87 19 0.4318956434726715
1 35 87 19 0.8037214875221252
2 35 87 19 1.3290398120880127
3 35 87 19 1.925323247909546
0 4 87 35 0.6571169495582581
1 4 87 35 0.9666789770126343
2 4 87 35 1.3841203451156616
3 4 87 35 1.7854059934616089
0 19 87 35 0.5056749582290649
1 19 87 35 0.892382800579071
2 19 87 35 1.2168368101119995
3 19 87 35 1.7403488159179688
0 16 88 13 0.47930052876472473
1 16 88 13 0.7195916771888733
2 16 88 13 1.066366195678711
3 16 88 13 1.4614921808242798
0 37 88 13 0.42508378624916077
1 37 88 13 0.6919894814491272
2 37 88 13 1.0249680280685425
3 37 88 13 1.2925161123275757
0 13 88 16 0.4275560975074768
1 13 88 16 0.667053759098053
2 13 88 16 1.053731083869934
3 13 88 16 1.5089820623397827
0 37 88 16 0.48379233479499817
1 37 88 16 0.6973260045051575
2 37 88 16 1.0276061296463013
3 37 88 16 1.4388861656188965
0 13 88 37 0.5649687051773071
1 13 88 37 0.7468207478523254
2 13 88 37 1.030836582183838
3 13 88 37 1.4479109048843384
0 16 88 37 0.436172753572464
1 16 88 37 0.7684260010719299
2 16 88 37 1.1387791633605957
3 16 88 37 1.4643371105194092
0 27 89 15 0.4146842062473297
1 27 89 15 0.69712895154953
2 27 89 15 1.2221969366073608
3 27 89 15 1.7093961238861084
0 44 89 15 0.44419577717781067
1 44 89 15 0.762859582901001
2 44 89 15 1.149747371673584
3 44 89 15 1.5300627946853638
0 15 89 27 0.4777931869029999
1 15 89 27 0.8022983074188232
2 15 89 27 1.1570110321044922
3 15 89 27 1.4776982069015503
0 44 89 27 0.4909481704235077
1 44 89 27 0.8885158896446228
2 44 89 27 1.235873818397522
3 44 89 27 1.452815055847168
0 15 89 44 0.463749498128891
1 15 89 44 0.7416618466377258
2 15 89 44 1.0877656936645508
3 15 89 44 1.4697097539901733
0 27 89 44 0.46748292446136475
1 27 89 44 0.764404833316803
2 27 89 44 1.2109910249710083
3 27 89 44 1.6488368511199951
0 31 90 3 0.42315423488616943
1 31 90 3 0.7372775673866272
2 31 90 3 1.1375812292099
3 31 90 3 1.5350407361984253
0 36 90 3 0.40569809079170227
1 36 90 3 0.7485319972038269
2 36 90 3 1.1753780841827393
3 36 90 3 1.5074965953826904
0 3 90 31 0.47219228744506836
1 3 90 31 0.7369462251663208
2 3 90 31 1.1067390441894531
3 3 90 31 1.469022512435913
0 36 90 31 0.43711161613464355
1 36 90 31 0.7526906132698059
2 36 90 31 1.158079981803894
3 36 90 31 1.4660319089889526
0 3 90 36 0.46369045972824097
1 3 90 36 0.704685389995575
2 3 90 36 1.0548691749572754
3 3 90 36 1.461150884628296
0 31 90 36 0.34823402762413025
1 31 90 36 0.6807635426521301
2 31 90 36 1.091154932975769
3 31 90 36 1.4649134874343872
0 22 91 12 0.45947277545928955
1 22 91 12 0.8768339157104492
2 22 91 12 1.2268818616867065
3 22 91 12 1.7358694076538086
0 32 91 12 0.4318636953830719
1 32 91 12 0.6486529111862183
2 32 91 12 0.936734139919281
3 32 91 12 1.333642840385437
0 12 91 22 0.5146978497505188
1 12 91 22 0.7382800579071045
2 12 91 22 1.071118712425232
3 12 91 22 1.6197171211242676
0 32 91 22 0.5062490105628967
1 32 91 22 0.6732422709465027
2 32 91 22 0.9385104179382324
3 32 91 22 1.3014492988586426
0 12 91 32 0.5450807213783264
1 12 91 32 0.8282003402709961
2 12 91 32 1.0545791387557983
3 12 91 32 1.4951534271240234
0 22 91 32 0.5282768607139587
1 22 91 32 0.8018872737884521
2 22 91 32 1.192720890045166
3 22 91 32 1.6153724193572998
0 25 92 11 0.4939798414707184
1 25 92 11 0.6900555491447449
2 25 92 11 0.9854477047920227
3 25 92 11 1.3396270275115967
0 43 92 11 0.47303494811058044
1 43 92 11 0.6776729822158813
2 43 92 11 1.138810396194458
3 43 92 11 1.5543580055236816
0 11 92 25 0.5245413780212402
1 11 92 25 0.7462565302848816
2 11 92 25 1.0520868301391602
3 11 92 25 1.4986001253128052
0 43 92 25 0.5856435894966125
1 43 92 25 0.7380465865135193
2 43 92 25 1.1153706312179565
3 43 92 25 1.5508219003677368
0 11 92 43 0.5276132822036743
1 11 92 43 0.6621634364128113
2 11 92 43 1.0817663669586182
3 11 92 43 1.5207942724227905
0 25 92 43 0.49437981843948364
1 25 92 43 0.668544352054596
2 25 92 43 0.9422014355659485
3 25 92 43 1.2457141876220703
0 28 93 2 0.49995312094688416
1 28 93 2 0.6534151434898376
2 28 93 2 1.029430627822876
3 28 93 2 1.3497234582901
0 47 93 2 0.5099033713340759
1 47 93 2 0.8355318903923035
2 47 93 2 1.1147383451461792
3 47 93 2 1.4822992086410522
0 2 93 28 0.5149286985397339
1 2 93 28 0.8846386671066284
2 2 93 28 1.342488169670105
3 2 93 28 1.6271463632583618
0 47 93 28 0.6504106521606445
1 47 93 28 0.9181310534477234
2 47 93 28 1.1822987794876099
3 47 93 28 1.5029021501541138
0 2 93 47 0.4783990979194641
1 2 93 47 0.8506062030792236
2 2 93 47 1.23082435131073
3 2 93 47 1.6700977087020874
0 28 93 47 0.5468456745147705
1 28 93 47 0.7177542448043823
2 28 93 47 1.047795057296753
3 28 93 47 1.35588538646698
0 23 94 1 0.5019432306289673
1 23 94 1 0.8278631567955017
2 23 94 1 1.110479712486267
3 23 94 1 1.4528330564498901
0 38 94 1 0.44779664278030396
1 38 94 1 0.7468905448913574
2 38 94 1 1.162440538406372
3 38 94 1 1.7305757999420166
0 1 94 23 0.3989372253417969
1 1 94 23 0.687621533870697
2 1 94 23 1.1499922275543213
3 1 94 23 1.5575109720230103
0 38 94 23 0.42624127864837646
1 38 94 23 0.7370062470436096
2 38 94 23 1.1635735034942627
3 38 94 23 1.695369839668274
0 1 94 38 0.5270559787750244
1 1 94 38 0.9034313559532166
2 1 94 38 1.2544639110565186
3 1 94 38 1.6035691499710083
0 23 94 38 0.5143278241157532
1 23 94 38 0.7440314292907715
2 23 94 38 0.9706426858901978
3 23 94 38 1.3583734035491943
0 18 95 9 0.3385551869869232
1 18 95 9 0.6606991291046143
2 18 95 9 1.069839596748352
3 18 95 9 1.4701589345932007
0 33 95 9 0.3616848587989807
1 33 95 9 0.6783172488212585
2 33 95 9 1.002961277961731
3 33 95 9 1.456459403038025
0 9 95 18 0.5089268088340759
1 9 95 18 0.8146255016326904
2 9 95 18 1.1893888711929321
3 9 95 18 1.4921050071716309
0 33 95 18 0.4838635325431824
1 33 95 18 0.7781199812889099
2 33 95 18 1.1012524366378784
3 33 95 18 1.5611190795898438
0 9 95 33 0.4911670684814453
1 9 95 33 0.7021952271461487
2 9 95 33 1.0774974822998047
3 9 95 33 1.320008397102356
0 18 95 33 0.4310970902442932
1 18 95 33 0.6963606476783752
2 18 95 33 1.044114589691162
3 18 95 33 1.4175026416778564
