5 96 48
0 0 0.6186984181404114
0 1 0.5742753148078918
0 2 0.6480657458305359
0 3 0.6407844424247742
0 4 0.5870335698127747
0 5 0.6085259318351746
0 6 0.5818743109703064
0 7 0.6755783557891846
0 8 0.5585172772407532
0 9 0.6363208889961243
0 10 0.5950822830200195
0 11 0.6208970546722412
0 12 0.6034066677093506
0 13 0.6212021112442017
0 14 0.6290373802185059
0 15 0.5914417505264282
0 16 0.6496979594230652
0 17 0.5550486445426941
0 18 0.6480585932731628
0 19 0.5983956456184387
0 20 0.6569515466690063
0 21 0.6183537840843201
0 22 0.5727844834327698
0 23 0.5915833711624146
0 24 0.5565488934516907
0 25 0.6300299763679504
0 26 0.6078376173973083
0 27 0.6294301748275757
0 28 0.6204081177711487
0 29 0.5293980240821838
0 30 0.6745808720588684
0 31 0.6262876391410828
0 32 0.5670878291130066
0 33 0.5972758531570435
0 34 0.619564414024353
0 35 0.6215221881866455
0 36 0.5975189805030823
0 37 0.6339712142944336
0 38 0.6814746260643005
0 39 0.606316328048706
0 40 0.6141687035560608
0 41 0.5962983965873718
0 42 0.6810945868492126
0 43 0.609587550163269
0 44 0.5913580656051636
0 45 0.6393497586250305
0 46 0.6342005133628845
0 47 0.5715254545211792
0 48 0.5583137273788452
0 49 0.627038300037384
0 50 0.6030265092849731
0 51 0.5655419230461121
0 52 0.6284357905387878
0 53 0.6416583061218262
0 54 0.6147357821464539
0 55 0.6793537139892578
0 56 0.6407337784767151
0 57 0.5486620664596558
0 58 0.6047569513320923
0 59 0.5577067136764526
0 60 0.5621791481971741
0 61 0.5657384395599365
0 62 0.6765602231025696
0 63 0.5405412316322327
0 64 0.6198775172233582
0 65 0.6191561222076416
0 66 0.5827569961547852
0 67 0.5810490846633911
0 68 0.6369906067848206
0 69 0.5765862464904785
0 70 0.5702137351036072
0 71 0.5936530232429504
0 72 0.584696888923645
0 73 0.5847204327583313
0 74 0.6167235970497131
0 75 0.611048698425293
0 76 0.6247909665107727
0 77 0.5474798083305359
0 78 0.6491959095001221
0 79 0.527857780456543
0 80 0.6440479159355164
0 81 0.5578194856643677
0 82 0.618138313293457
0 83 0.5850834250450134
0 84 0.6570626497268677
0 85 0.5999987125396729
0 86 0.6132457256317139
0 87 0.668735921382904
0 88 0.6612929105758667
0 89 0.6074807047843933
0 90 0.5712093114852905
0 91 0.637067437171936
0 92 0.6210659146308899
0 93 0.660963773727417
0 94 0.6082645058631897
0 95 0.5840139985084534
1 0 0.48549672961235046
1 1 0.44108307361602783
1 2 0.5023765563964844
1 3 0.5030965805053711
1 4 0.476165771484375
1 5 0.46332037448883057
1 6 0.4553162455558777
1 7 0.5026432871818542
1 8 0.45710742473602295
1 9 0.4916175901889801
1 10 0.4283897876739502
1 11 0.5080227851867676
1 12 0.46675634384155273
1 13 0.4739230275154114
1 14 0.47125008702278137
1 15 0.4314923882484436
1 16 0.5310452580451965
1 17 0.42334437370300293
1 18 0.4494682848453522
1 19 0.48065274953842163
1 20 0.47902557253837585
1 21 0.49370327591896057
1 22 0.4126471281051636
1 23 0.4785209596157074
1 24 0.4712497889995575
1 25 0.4335649609565735
1 26 0.4360819160938263
1 27 0.4816349148750305
1 28 0.4816935360431671
1 29 0.409866601228714
1 30 0.46994075179100037
1 31 0.46952828764915466
1 32 0.4846881628036499
1 33 0.4441998600959778
1 34 0.4801396131515503
1 35 0.4891633689403534
1 36 0.4432814121246338
1 37 0.440564900636673
1 38 0.4680185914039612
1 39 0.4894883930683136
1 40 0.4847368597984314
1 41 0.49658650159835815
1 42 0.49378466606140137
1 43 0.41336917877197266
1 44 0.4713068902492523
1 45 0.45576220750808716
1 46 0.46450328826904297
1 47 0.451229453086853
1 48 0.45343542098999023
1 49 0.4465254843235016
1 50 0.473934143781662
1 51 0.41718679666519165
1 52 0.4606163203716278
1 53 0.4829459488391876
1 54 0.4751228988170624
1 55 0.4809388220310211
1 56 0.46942004561424255
1 57 0.4241546094417572
1 58 0.4647318422794342
1 59 0.42000260949134827
1 60 0.41047054529190063
1 61 0.44688668847084045
1 62 0.489144504070282
1 63 0.39277365803718567
1 64 0.47979241609573364
1 65 0.48477548360824585
1 66 0.4556863009929657
1 67 0.4126202166080475
1 68 0.4981459081172943
1 69 0.4319775104522705
1 70 0.4355388581752777
1 71 0.4796972870826721
1 72 0.4632042944431305
1 73 0.4831944704055786
1 74 0.4495132863521576
1 75 0.4669175446033478
1 76 0.5004889369010925
1 77 0.4099580943584442
1 78 0.49100521206855774
1 79 0.44286978244781494
1 80 0.47539177536964417
1 81 0.44197386503219604
1 82 0.4495842158794403
1 83 0.44360944628715515
1 84 0.4375603497028351
1 85 0.5061560273170471
1 86 0.4589543342590332
1 87 0.49848663806915283
1 88 0.49213331937789917
1 89 0.4740588963031769
1 90 0.45678001642227173
1 91 0.4618050456047058
1 92 0.4805505573749542
1 93 0.4986676573753357
1 94 0.4689546525478363
1 95 0.45362982153892517
2 0 0.4880034625530243
2 1 0.4003659784793854
2 2 0.45433101058006287
2 3 0.5274791717529297
2 4 0.39445117115974426
2 5 0.454846054315567
2 6 0.43003231287002563
2 7 0.46551623940467834
2 8 0.43458643555641174
2 9 0.4882001280784607
2 10 0.42614153027534485
2 11 0.5163877010345459
2 12 0.4527919590473175
2 13 0.4473046362400055
2 14 0.4535198211669922
2 15 0.43178072571754456
2 16 0.48427441716194153
2 17 0.4197791516780853
2 18 0.44535762071609497
2 19 0.4763577878475189
2 20 0.45680126547813416
2 21 0.45938271284103394
2 22 0.40726935863494873
2 23 0.44569191336631775
2 24 0.42928245663642883
2 25 0.4094105660915375
2 26 0.43476349115371704
2 27 0.4601976275444031
2 28 0.46087485551834106
2 29 0.3518345355987549
2 30 0.43652671575546265
2 31 0.44210144877433777
2 32 0.46867841482162476
2 33 0.41770273447036743
2 34 0.4884297549724579
2 35 0.4482937753200531
2 36 0.40361472964286804
2 37 0.39460575580596924
2 38 0.4257432222366333
2 39 0.4630199670791626
2 40 0.482964426279068
2 41 0.46359044313430786
2 42 0.47293621301651
2 43 0.3913322389125824
2 44 0.45049092173576355
2 45 0.4596405029296875
2 46 0.43098369240760803
2 47 0.4279015362262726
2 48 0.428514301776886
2 49 0.42027416825294495
2 50 0.4500197768211365
2 51 0.417304664850235
2 52 0.43137750029563904
2 53 0.4489177465438843
2 54 0.4489035904407501
2 55 0.474468469619751
2 56 0.42443257570266724
2 57 0.3931822180747986
2 58 0.4336697459220886
2 59 0.42922985553741455
2 60 0.4129202365875244
2 61 0.43642497062683105
2 62 0.4422976076602936
2 63 0.38201379776000977
2 64 0.4627832770347595
2 65 0.45037487149238586
2 66 0.42304784059524536
2 67 0.3997752368450165
2 68 0.4872600734233856
2 69 0.3830459415912628
2 70 0.4322546422481537
2 71 0.4266083240509033
2 72 0.4230174422264099
2 73 0.44021910429000854
2 74 0.40251675248146057
2 75 0.49094244837760925
2 76 0.4241349697113037
2 77 0.40753963589668274
2 78 0.445068895816803
2 79 0.42392829060554504
2 80 0.4824437201023102
2 81 0.41186124086380005
2 82 0.4204784631729126
2 83 0.46781226992607117
2 84 0.42871564626693726
2 85 0.48296478390693665
2 86 0.44712817668914795
2 87 0.48251622915267944
2 88 0.4528031349182129
2 89 0.4342149794101715
2 90 0.45283785462379456
2 91 0.42391595244407654
2 92 0.4691600203514099
2 93 0.4682597219944
2 94 0.43067285418510437
2 95 0.43990108370780945
3 0 0.5747411251068115
3 1 0.472043514251709
3 2 0.5381021499633789
3 3 0.6215957403182983
3 4 0.4764226973056793
3 5 0.5110765695571899
3 6 0.48959100246429443
3 7 0.5328823328018188
3 8 0.5342976450920105
3 9 0.5648982524871826
3 10 0.5130061507225037
3 11 0.5784605741500854
3 12 0.5069030523300171
3 13 0.5167662501335144
3 14 0.5235341787338257
3 15 0.4789026081562042
3 16 0.5760603547096252
3 17 0.4695568382740021
3 18 0.5495210289955139
3 19 0.563554584980011
3 20 0.5255303382873535
3 21 0.5547016263008118
3 22 0.4604795277118683
3 23 0.5429533123970032
3 24 0.5156901478767395
3 25 0.4704388380050659
3 26 0.5218508243560791
3 27 0.5602322816848755
3 28 0.5182721614837646
3 29 0.4233100414276123
3 30 0.5041589140892029
3 31 0.5234647989273071
3 32 0.5176778435707092
3 33 0.5210331082344055
3 34 0.5498977899551392
3 35 0.5310496091842651
3 36 0.48590144515037537
3 37 0.47248804569244385
3 38 0.5112212300300598
3 39 0.5494333505630493
3 40 0.5482633709907532
3 41 0.5392006039619446
3 42 0.5097564458847046
3 43 0.4718109369277954
3 44 0.5217076539993286
3 45 0.5276793837547302
3 46 0.49346813559532166
3 47 0.5211103558540344
3 48 0.527763307094574
3 49 0.5098339319229126
3 50 0.5445691347122192
3 51 0.5272651314735413
3 52 0.4930289685726166
3 53 0.5273532867431641
3 54 0.5291163921356201
3 55 0.5509312152862549
3 56 0.45902547240257263
3 57 0.48327895998954773
3 58 0.5143285393714905
3 59 0.5213095545768738
3 60 0.4877065122127533
3 61 0.5107421278953552
3 62 0.5069098472595215
3 63 0.4851403832435608
3 64 0.547357439994812
3 65 0.5490095615386963
3 66 0.49923086166381836
3 67 0.47050249576568604
3 68 0.5785546898841858
3 69 0.48009881377220154
3 70 0.493519127368927
3 71 0.5147894024848938
3 72 0.4761431813240051
3 73 0.5019751191139221
3 74 0.4638819098472595
3 75 0.573914647102356
3 76 0.5450311899185181
3 77 0.5134516358375549
3 78 0.5625483393669128
3 79 0.5372777581214905
3 80 0.5743700265884399
3 81 0.45492303371429443
3 82 0.51302570104599
3 83 0.5368563532829285
3 84 0.4915095567703247
3 85 0.5814417600631714
3 86 0.5333608984947205
3 87 0.5500287413597107
3 88 0.5296339988708496
3 89 0.5228838324546814
3 90 0.5186018347740173
3 91 0.48914408683776855
3 92 0.5551678538322449
3 93 0.5426080226898193
3 94 0.488221675157547
3 95 0.5224373936653137
4 0 1.0814529657363892
4 1 0.9270761609077454
4 2 1.0551832914352417
4 3 1.080085039138794
4 4 0.9179081916809082
4 5 0.9915410876274109
4 6 0.991715133190155
4 7 1.0277409553527832
4 8 1.0455737113952637
4 9 1.052856206893921
4 10 1.0183042287826538
4 11 1.0804966688156128
4 12 0.9825392365455627
4 13 0.9924085140228271
4 14 1.0069012641906738
4 15 0.9532929062843323
4 16 1.0499714612960815
4 17 0.9245004057884216
4 18 1.0597959756851196
4 19 1.0472774505615234
4 20 1.050545573234558
4 21 1.061745047569275
4 22 0.9657242894172668
4 23 1.0149922370910645
4 24 1.0138686895370483
4 25 0.9308719038963318
4 26 1.0020465850830078
4 27 1.011095643043518
4 28 1.0314311981201172
4 29 0.9208537936210632
4 30 0.9432699680328369
4 31 1.0137929916381836
4 32 0.9938689470291138
4 33 1.0009328126907349
4 34 1.0616116523742676
4 35 1.0165047645568848
4 36 0.9262632727622986
4 37 0.941394031047821
4 38 1.000966191291809
4 39 1.0870754718780518
4 40 1.034767508506775
4 41 1.0225529670715332
4 42 0.9897722601890564
4 43 0.9411866068840027
4 44 0.9717043042182922
4 45 0.9835498332977295
4 46 0.9700623154640198
4 47 1.0512570142745972
4 48 1.0568166971206665
4 49 0.9878345131874084
4 50 1.0334471464157104
4 51 0.9882140755653381
4 52 0.9598674774169922
4 53 0.9928151965141296
4 54 0.9818507432937622
4 55 1.017728328704834
4 56 0.9503145813941956
4 57 0.9613947868347168
4 58 0.9949146509170532
4 59 1.0095765590667725
4 60 0.9730303883552551
4 61 0.9999809265136719
4 62 1.0035218000411987
4 63 0.967693567276001
4 64 1.0025635957717896
4 65 1.0265202522277832
4 66 1.005220651626587
4 67 0.9517052173614502
4 68 1.034372329711914
4 69 0.9333195686340332
4 70 1.0097286701202393
4 71 0.9927315711975098
4 72 0.9437295198440552
4 73 0.9629504084587097
4 74 0.9363953471183777
4 75 1.0409542322158813
4 76 1.0525569915771484
4 77 1.0406962633132935
4 78 1.0161805152893066
4 79 1.0266600847244263
4 80 1.0706835985183716
4 81 0.9188770055770874
4 82 0.9734994769096375
4 83 1.0024315118789673
4 84 0.9827147722244263
4 85 1.0685513019561768
4 86 1.052413821220398
4 87 1.0372381210327148
4 88 1.0356355905532837
4 89 1.0183900594711304
4 90 1.0269216299057007
4 91 0.974249005317688
4 92 1.0319435596466064
4 93 1.0340508222579956
4 94 1.001278042793274
4 95 0.9973088502883911
