43 17 
12 
6 2 2 2 2 8 9 12 10 8 7 9 10 10 2 12 7 8 7 12 1 1 1 2 1 1 2 1 2 1 2 1 1 1 1 1 1 1 1 1 1 1 1 
1 3 4 5 10 15 
8 9 
8 10 
8 11 
12 15 
2 5 6 7 9 12 13 15 
1 5 6 9 10 12 13 15 16 
1 2 3 4 5 6 9 10 11 12 13 15 
1 3 5 6 8 9 10 11 16 17 
2 5 6 7 8 11 12 14 
2 3 5 11 13 16 17 
3 5 6 8 10 12 13 14 16 
2 3 4 5 8 12 13 14 15 17 
3 4 6 7 8 9 10 12 16 17 
8 12 
1 2 3 5 6 7 8 11 12 13 15 17 
4 9 10 13 14 15 16 
1 3 4 6 8 9 10 14 
3 6 7 8 10 11 17 
1 3 4 5 6 7 8 10 11 12 13 14 
5 
1 
3 
8 14 
6 
7 
8 13 
2 
13 16 
4 
14 17 
8 
8 
8 
9 
10 
11 
12 
13 
14 
15 
16 
17 
