SNR     iteration      FER     BER
-2        1          1      0.106358
-2        2          1      0.0952856
-2        3          1      0.0900983
-2        4          1      0.086779
-2        5          1      0.0845599
-2        6          1      0.0829682
-2        7          1      0.0818493
-2        8          1      0.0814185
-2        9          1      0.0805852
-2        10          1      0.08022
-2        11          0.995025      0.0794576
-2        12          0.990099      0.0789066
-2        13          0.990099      0.0785173
-2        14          0.980392      0.0784727
-2        15          0.980392      0.0782248
-2        16          0.980392      0.0779586
-2        17          0.97561      0.0778752
-2        19          0.966184      0.0774259
-2        18          0.961538      0.0773102
-2        20          0.961538      0.0771572
-2        21          0.956938      0.0772046
-2        22          0.952381      0.0769262
-2        23          0.947867      0.0770275
-2        24          0.947867      0.0768412
-2        25          0.947867      0.0766193
-2        26          0.943396      0.0766819
-2        27          0.943396      0.0765096
-2        28          0.938967      0.0766296
-2        29          0.938967      0.0764142
-2        30          0.934579      0.0763546
-2        31          0.925926      0.0762718
-2        33          0.921659      0.0765288
-2        32          0.917431      0.0762937
-2        34          0.913242      0.0768474
-2        35          0.913242      0.0765695
-2        36          0.913242      0.0763216
-2        37          0.913242      0.076018
-2        38          0.909091      0.0759448
-2        39          0.909091      0.0758044
-2        40          0.900901      0.0753872
-2        41          0.896861      0.0753724
-2        42          0.896861      0.0752759
-2        43          0.888889      0.0752851
-2        44          0.888889      0.0752518
-2        45          0.888889      0.0751561
-2        46          0.888889      0.0751061
-2        47          0.881057      0.0747373
-2        48          0.877193      0.0746025
-2        49          0.877193      0.0746066
-2        50          0.877193      0.0745943
-2        51          0.877193      0.074586
-2        52          0.877193      0.0744711
-2        53          0.877193      0.074508
-2        54          0.877193      0.0745778
-2        55          0.877193      0.0746723
-2        56          0.877193      0.0746723
-2        57          0.877193      0.0747257
-2        58          0.877193      0.0746682
-2        59          0.877193      0.0747092
-2        60          0.877193      0.0747339
-2        61          0.877193      0.0747667
-2        62          0.877193      0.0746312
-2        63          0.877193      0.0746107
-2        64          0.877193      0.0745039
-2        65          0.873362      0.0745956
-2        66          0.873362      0.0746202
-2        67          0.873362      0.0745752
-2        68          0.873362      0.0746447
-2        69          0.873362      0.0747673
-2        70          0.873362      0.0749677
-2        71          0.873362      0.0751926
-2        72          0.873362      0.0750331
-2        73          0.873362      0.0747551
-2        74          0.873362      0.0747183
-2        75          0.873362      0.0746079
-2        76          0.873362      0.0745343
-2        77          0.873362      0.0744852
-2        78          0.873362      0.0745793
-2        79          0.873362      0.0745466
-2        80          0.873362      0.0746529
-2        81          0.873362      0.0745629
-2        82          0.873362      0.074612
-2        83          0.873362      0.0746447
-2        84          0.873362      0.0746529
-2        85          0.873362      0.0746938
-2        86          0.873362      0.074657
-2        87          0.873362      0.0746202
-2        88          0.873362      0.0746324
-2        89          0.873362      0.0746161
-2        90          0.873362      0.0746283
-2        91          0.873362      0.0746242
-2        92          0.873362      0.0746079
-2        93          0.873362      0.0745915
-2        94          0.873362      0.0745793
-2        95          0.873362      0.0745547
-2        96          0.873362      0.0745016
-2        97          0.873362      0.0745138
-2        98          0.873362      0.0745384
-2        99          0.873362      0.0745588
-2        100          0.873362      0.0745874
-2        101          0.873362      0.0746283
-2        102          0.873362      0.0744075
-2        103          0.873362      0.0737901
-2        104          0.873362      0.0732995
-2        105          0.873362      0.0727148
-2        106          0.873362      0.0723672
-2        107          0.873362      0.0720483
-2        108          0.873362      0.0719543
-2        109          0.873362      0.0718929
-2        110          0.873362      0.0713042
-2        111          0.873362      0.0709321
-2        112          0.873362      0.07056
-2        113          0.873362      0.0704782
-2        114          0.873362      0.0700612
-2        115          0.873362      0.0699835
-2        116          0.873362      0.0696727
-2        117          0.858369      0.0691719
-2        118          0.858369      0.0687539
-2        119          0.854701      0.0686442
-2        120          0.847458      0.0684751
-2        121          0.843882      0.0683837
-2        122          0.833333      0.0679229
-2        123          0.833333      0.0679151
-2        124          0.829876      0.0678237
-2        125          0.829876      0.0675983
-2        126          0.819672      0.0679376
-2        127          0.816327      0.0675113
-2        128          0.816327      0.067538
-2        129          0.813008      0.0676555
-2        130          0.809717      0.0677834
-2        131          0.806452      0.0677253
-2        132          0.803213      0.0677767
-2        133          0.803213      0.067694
-2        134          0.803213      0.0674458
-2        135          0.796813      0.0674493
-2        136          0.790514      0.0675971
-2        137          0.790514      0.0675564
-2        138          0.790514      0.0676045
-2        139          0.784314      0.067144
-2        140          0.784314      0.0670706
-2        141          0.784314      0.0670008
-2        142          0.78125      0.0671122
-2        143          0.78125      0.0670353
-2        144          0.77821      0.0669202
-2        145          0.775194      0.0669476
-2        146          0.775194      0.0671036
-2        147          0.775194      0.067031
-2        148          0.775194      0.066933
-2        149          0.775194      0.0668423
-2        150          0.775194      0.0668677
-2        151          0.775194      0.066933
-2        152          0.775194      0.0669693
-2        153          0.775194      0.0670746
-2        154          0.775194      0.0672016
-2        155          0.775194      0.0671435
-2        156          0.775194      0.0671762
-2        157          0.775194      0.0671581
-2        158          0.775194      0.0669802
-2        159          0.775194      0.0670528
-2        160          0.772201      0.0669674
-2        161          0.772201      0.066953
-2        162          0.772201      0.0669602
-2        163          0.772201      0.0670867
-2        164          0.772201      0.0672386
-2        165          0.772201      0.0671554
-2        166          0.772201      0.0671048
-2        167          0.772201      0.0671121
-2        168          0.772201      0.0670217
-2        169          0.772201      0.0669964
-2        170          0.772201      0.0670253
-2        171          0.772201      0.0670687
-2        172          0.772201      0.0669711
-2        173          0.772201      0.0670253
-2        174          0.772201      0.066953
-2        175          0.772201      0.0669602
-2        176          0.772201      0.0668951
-2        177          0.772201      0.0669241
-2        178          0.772201      0.0670036
-2        179          0.772201      0.0670325
-2        180          0.772201      0.0670181
-2        181          0.772201      0.0669132
-2        182          0.772201      0.0668915
-2        183          0.772201      0.0669494
-2        184          0.772201      0.0670217
-2        185          0.772201      0.0668915
-2        186          0.772201      0.0667975
-2        187          0.772201      0.0670036
-2        188          0.769231      0.0670844
-2        189          0.769231      0.0669872
-2        190          0.769231      0.0669728
-2        191          0.769231      0.0669656
-2        192          0.769231      0.0668215
-2        193          0.769231      0.0668935
-2        194          0.769231      0.0668179
-2        195          0.769231      0.0668971
-2        196          0.769231      0.0666955
-2        197          0.769231      0.0668899
-2        198          0.769231      0.0668611
-2        199          0.769231      0.0668611
-2        200          0.769231      0.0668251
-1.75        1          1      0.0976685
-1.75        2          1      0.0847612
-1.75        3          1      0.0782678
-1.75        4          1      0.0739045
-1.75        5          1      0.0705665
-1.75        6          1      0.0682818
-1.75        7          0.990099      0.0664284
-1.75        8          0.985222      0.0644684
-1.75        9          0.980392      0.0627479
-1.75        10          0.966184      0.0612595
-1.75        11          0.943396      0.0598323
-1.75        12          0.925926      0.0592228
-1.75        13          0.909091      0.0582312
-1.75        14          0.896861      0.0580188
-1.75        15          0.892857      0.0571621
-1.75        16          0.877193      0.0563605
-1.75        17          0.854701      0.0556356
-1.75        18          0.83682      0.0557684
-1.75        19          0.819672      0.055892
-1.75        20          0.813008      0.0557725
-1.75        21          0.806452      0.0548621
-1.75        22          0.775194      0.0544741
-1.75        23          0.775194      0.054122
-1.75        24          0.760456      0.0539048
-1.75        25          0.75188      0.0536277
-1.75        26          0.75188      0.0535433
-1.75        27          0.749064      0.0535952
-1.75        28          0.743494      0.053517
-1.75        29          0.738007      0.053395
-1.75        30          0.729927      0.0534425
-1.75        31          0.727273      0.0533742
-1.75        32          0.727273      0.053078
-1.75        33          0.727273      0.0529963
-1.75        34          0.719424      0.0527814
-1.75        35          0.716846      0.0527936
-1.75        36          0.716846      0.0526459
-1.75        37          0.716846      0.0527499
-1.75        38          0.70922      0.0526436
-1.75        39          0.699301      0.0526112
-1.75        40          0.692042      0.0526483
-1.75        41          0.689655      0.0525797
-1.75        42          0.689655      0.0525636
-1.75        43          0.689655      0.052767
-1.75        44          0.687285      0.0527659
-1.75        45          0.687285      0.0525889
-1.75        46          0.687285      0.0526307
-1.75        47          0.687285      0.0525857
-1.75        48          0.687285      0.0524345
-1.75        49          0.684932      0.052614
-1.75        50          0.684932      0.0526621
-1.75        51          0.684932      0.0524793
-1.75        52          0.684932      0.0524184
-1.75        53          0.684932      0.0526236
-1.75        54          0.684932      0.052675
-1.75        55          0.682594      0.0527828
-1.75        56          0.682594      0.0527956
-1.75        57          0.682594      0.0526741
-1.75        58          0.682594      0.0525048
-1.75        59          0.682594      0.0523578
-1.75        60          0.677966      0.052536
-1.75        61          0.677966      0.0525202
-1.75        62          0.677966      0.0524598
-1.75        63          0.673401      0.0523462
-1.75        64          0.666667      0.0519476
-1.75        65          0.666667      0.0519975
-1.75        66          0.666667      0.0519413
-1.75        67          0.666667      0.0520162
-1.75        68          0.666667      0.0520506
-1.75        69          0.666667      0.0519881
-1.75        70          0.666667      0.0519039
-1.75        71          0.664452      0.0518559
-1.75        72          0.664452      0.0519056
-1.75        73          0.664452      0.0519678
-1.75        74          0.664452      0.0519803
-1.75        75          0.664452      0.0519336
-1.75        76          0.664452      0.0519585
-1.75        77          0.664452      0.0519958
-1.75        78          0.664452      0.0519274
-1.75        79          0.664452      0.0520456
-1.75        80          0.664452      0.0518745
-1.75        81          0.660066      0.051838
-1.75        82          0.660066      0.0517824
-1.75        83          0.660066      0.0516959
-1.75        84          0.655738      0.0515012
-1.75        85          0.655738      0.0515902
-1.75        86          0.655738      0.0516639
-1.75        87          0.655738      0.0517898
-1.75        88          0.655738      0.0517714
-1.75        89          0.655738      0.0517437
-1.75        90          0.655738      0.051756
-1.75        91          0.655738      0.0517222
-1.75        92          0.655738      0.0516608
-1.75        93          0.655738      0.0516578
-1.75        94          0.655738      0.0516025
-1.75        95          0.655738      0.0515779
-1.75        96          0.655738      0.0515687
-1.75        97          0.655738      0.0514889
-1.75        98          0.655738      0.0514613
-1.75        99          0.655738      0.05136
-1.75        100          0.655738      0.051231
-1.75        101          0.653595      0.0511524
-1.75        102          0.653595      0.050877
-1.75        103          0.653595      0.0501671
-1.75        104          0.653595      0.0496285
-1.75        105          0.653595      0.048836
-1.75        106          0.653595      0.0479425
-1.75        107          0.653595      0.0472999
-1.75        108          0.653595      0.0467798
-1.75        109          0.653595      0.0461188
-1.75        110          0.653595      0.0454548
-1.75        111          0.653595      0.0448214
-1.75        112          0.647249      0.0441651
-1.75        113          0.638978      0.0436545
-1.75        114          0.630915      0.0431982
-1.75        115          0.621118      0.042696
-1.75        116          0.609756      0.0428342
-1.75        117          0.606061      0.0427761
-1.75        118          0.597015      0.042364
-1.75        119          0.595238      0.0419983
-1.75        120          0.58309      0.0414961
-1.75        121          0.57971      0.0416246
-1.75        122          0.576369      0.0414521
-1.75        123          0.561798      0.0405489
-1.75        124          0.550964      0.040533
-1.75        125          0.547945      0.0405751
-1.75        126          0.544959      0.0405071
-1.75        127          0.544959      0.0404306
-1.75        128          0.542005      0.0406276
-1.75        129          0.536193      0.0402772
-1.75        130          0.536193      0.0400137
-1.75        131          0.536193      0.0398605
-1.75        132          0.534759      0.0398941
-1.75        133          0.533333      0.0396529
-1.75        134          0.530504      0.0396512
-1.75        135          0.530504      0.0395096
-1.75        136          0.52356      0.0396935
-1.75        137          0.520833      0.0394258
-1.75        138          0.519481      0.0395326
-1.75        139          0.519481      0.0394256
-1.75        140          0.519481      0.0393623
-1.75        141          0.518135      0.0394981
-1.75        142          0.518135      0.0396776
-1.75        143          0.516796      0.0400347
-1.75        144          0.511509      0.0398335
-1.75        145          0.511509      0.0397545
-1.75        146          0.511509      0.0397641
-1.75        147          0.511509      0.0394935
-1.75        148          0.511509      0.0394025
-1.75        149          0.511509      0.0393737
-1.75        150          0.511509      0.0391965
-1.75        151          0.510204      0.039247
-1.75        152          0.510204      0.03913
-1.75        153          0.510204      0.0390512
-1.75        154          0.508906      0.0391924
-1.75        155          0.508906      0.0390185
-1.75        156          0.508906      0.0390971
-1.75        157          0.508906      0.0390256
-1.75        158          0.508906      0.038978
-1.75        159          0.507614      0.039112
-1.75        160          0.507614      0.0390597
-1.75        161          0.507614      0.0390977
-1.75        162          0.507614      0.0392308
-1.75        163          0.507614      0.0390929
-1.75        164          0.507614      0.0390953
-1.75        165          0.507614      0.0390977
-1.75        166          0.501253      0.0389293
-1.75        167          0.501253      0.0390208
-1.75        168          0.501253      0.0390325
-1.75        169          0.501253      0.0391358
-1.75        170          0.501253      0.0392015
-1.75        171          0.501253      0.0389668
-1.75        172          0.498753      0.0388659
-1.75        173          0.498753      0.0387841
-1.75        174          0.498753      0.0386861
-1.75        175          0.498753      0.0387117
-1.75        176          0.498753      0.0385857
-1.75        177          0.498753      0.0385973
-1.75        178          0.497512      0.0388437
-1.75        179          0.497512      0.0388507
-1.75        180          0.497512      0.0389322
-1.75        181          0.497512      0.0388134
-1.75        182          0.496278      0.0387613
-1.75        183          0.496278      0.0386892
-1.75        184          0.496278      0.0388217
-1.75        185          0.496278      0.0387194
-1.75        186          0.496278      0.0387194
-1.75        187          0.496278      0.0387357
-1.75        188          0.496278      0.0388008
-1.75        189          0.496278      0.0387798
-1.75        190          0.496278      0.0388193
-1.75        191          0.496278      0.0388124
-1.75        192          0.496278      0.0386614
-1.75        193          0.496278      0.0387613
-1.75        194          0.496278      0.0389611
-1.75        195          0.496278      0.0391539
-1.75        196          0.496278      0.039126
-1.75        197          0.496278      0.0390215
-1.75        198          0.496278      0.0390006
-1.75        199          0.496278      0.0391446
-1.75        200          0.496278      0.0390726
-1.5        1          1      0.0900468
-1.5        2          1      0.0770084
-1.5        3          1      0.0687734
-1.5        4          1      0.0632865
-1.5        5          1      0.058956
-1.5        6          1      0.0556648
-1.5        7          0.995025      0.0525323
-1.5        8          0.985222      0.0497269
-1.5        9          0.925926      0.0460622
-1.5        10          0.904977      0.04441
-1.5        11          0.851064      0.0430712
-1.5        12          0.813008      0.0423137
-1.5        13          0.790514      0.0404028
-1.5        14          0.75188      0.0389562
-1.5        15          0.716846      0.0377754
-1.5        16          0.673401      0.0363687
-1.5        17          0.630915      0.0355185
-1.5        18          0.60423      0.0341888
-1.5        19          0.591716      0.0340902
-1.5        20          0.569801      0.0337185
-1.5        21          0.547945      0.033282
-1.5        22          0.536193      0.033241
-1.5        23          0.527704      0.032732
-1.5        24          0.515464      0.0325447
-1.5        25          0.497512      0.0319959
-1.5        26          0.493827      0.0321543
-1.5        27          0.487805      0.0316776
-1.5        28          0.487805      0.031294
-1.5        29          0.484262      0.031112
-1.5        30          0.473934      0.0309943
-1.5        31          0.469484      0.0305758
-1.5        32          0.462963      0.0305673
-1.5        33          0.458716      0.0305145
-1.5        34          0.456621      0.0304371
-1.5        35          0.454545      0.030369
-1.5        36          0.454545      0.0301668
-1.5        37          0.453515      0.0301154
-1.5        38          0.44843      0.0301746
-1.5        39          0.44843      0.0300696
-1.5        40          0.445434      0.0299417
-1.5        41          0.445434      0.0299813
-1.5        42          0.444444      0.0299438
-1.5        43          0.438596      0.0298496
-1.5        44          0.436681      0.0298849
-1.5        45          0.436681      0.0299605
-1.5        46          0.436681      0.0300116
-1.5        47          0.436681      0.0300852
-1.5        48          0.43573      0.0302624
-1.5        49          0.434783      0.0301641
-1.5        50          0.434783      0.0302109
-1.5        51          0.434783      0.0301763
-1.5        52          0.434783      0.030158
-1.5        53          0.433839      0.0304074
-1.5        54          0.431965      0.030272
-1.5        55          0.431965      0.0302214
-1.5        56          0.431965      0.0300677
-1.5        57          0.431965      0.0298857
-1.5        58          0.429185      0.0297214
-1.5        59          0.426439      0.029711
-1.5        60          0.426439      0.029715
-1.5        61          0.426439      0.0296471
-1.5        62          0.424628      0.0295968
-1.5        63          0.424628      0.0296306
-1.5        64          0.424628      0.0296484
-1.5        65          0.424628      0.0295153
-1.5        66          0.424628      0.0295669
-1.5        67          0.424628      0.029565
-1.5        68          0.421053      0.0294934
-1.5        69          0.421053      0.0295742
-1.5        70          0.421053      0.0295052
-1.5        71          0.421053      0.0294993
-1.5        72          0.421053      0.0294934
-1.5        73          0.421053      0.0295013
-1.5        74          0.421053      0.0295368
-1.5        75          0.421053      0.0295308
-1.5        76          0.421053      0.0295427
-1.5        77          0.421053      0.0295722
-1.5        78          0.421053      0.0295584
-1.5        79          0.421053      0.0294402
-1.5        80          0.421053      0.0295446
-1.5        81          0.421053      0.0294934
-1.5        82          0.421053      0.0295486
-1.5        83          0.421053      0.0295644
-1.5        84          0.421053      0.0296314
-1.5        85          0.421053      0.0296018
-1.5        86          0.420168      0.0295377
-1.5        87          0.420168      0.0294826
-1.5        88          0.420168      0.0294688
-1.5        89          0.420168      0.0295082
-1.5        90          0.420168      0.0294255
-1.5        91          0.420168      0.0295101
-1.5        92          0.420168      0.0295082
-1.5        93          0.420168      0.0295731
-1.5        94          0.420168      0.0295849
-1.5        95          0.420168      0.0296242
-1.5        96          0.420168      0.0296222
-1.5        97          0.420168      0.0296852
-1.5        98          0.420168      0.0295062
-1.5        99          0.420168      0.0294826
-1.5        100          0.420168      0.0294767
-1.5        101          0.420168      0.0294963
-1.5        102          0.420168      0.0293528
-1.5        103          0.420168      0.0289633
-1.5        104          0.420168      0.028564
-1.5        105          0.420168      0.0283082
-1.5        106          0.420168      0.0277102
-1.5        107          0.420168      0.0271122
-1.5        108          0.420168      0.0266008
-1.5        109          0.420168      0.0263018
-1.5        110          0.417537      0.0260491
-1.5        111          0.413223      0.0256949
-1.5        112          0.411523      0.0251846
-1.5        113          0.409836      0.0245249
-1.5        114          0.404858      0.0242384
-1.5        115          0.392927      0.0235223
-1.5        116          0.384615      0.0231075
-1.5        117          0.378072      0.022902
-1.5        118          0.364299      0.0222707
-1.5        119          0.34904      0.0218379
-1.5        120          0.340136      0.0213333
-1.5        121          0.331126      0.0207868
-1.5        122          0.328947      0.0204853
-1.5        123          0.323102      0.0202075
-1.5        124          0.30303      0.0194444
-1.5        125          0.292398      0.0192564
-1.5        126          0.290698      0.0192261
-1.5        127          0.289436      0.0190586
-1.5        128          0.28777      0.0189893
-1.5        129          0.28777      0.0188802
-1.5        130          0.274725      0.0185234
-1.5        131          0.269179      0.0184191
-1.5        132          0.265604      0.0184108
-1.5        133          0.262812      0.0181618
-1.5        134          0.260078      0.0180825
-1.5        135          0.259067      0.0180316
-1.5        136          0.257732      0.0180557
-1.5        137          0.255428      0.0179266
-1.5        138          0.255428      0.0178656
-1.5        139          0.255102      0.0179085
-1.5        140          0.254777      0.0178845
-1.5        141          0.253485      0.0178899
-1.5        142          0.252207      0.0178741
-1.5        143          0.252207      0.0177773
-1.5        144          0.251889      0.0178516
-1.5        145          0.251889      0.0177301
-1.5        146          0.250313      0.017693
-1.5        147          0.248139      0.0175719
-1.5        148          0.247525      0.0175898
-1.5        149          0.244499      0.0173885
-1.5        150          0.244499      0.0173358
-1.5        151          0.244499      0.017282
-1.5        152          0.244499      0.0173805
-1.5        153          0.243902      0.0173335
-1.5        154          0.242424      0.0175145
-1.5        155          0.241255      0.0176784
-1.5        156          0.241255      0.0175802
-1.5        157          0.239234      0.0174442
-1.5        158          0.239234      0.0175024
-1.5        159          0.238379      0.0175101
-1.5        160          0.237248      0.0175381
-1.5        161          0.236967      0.0175617
-1.5        162          0.236967      0.0175495
-1.5        163          0.236967      0.0175473
-1.5        164          0.235849      0.0175573
-1.5        165          0.235849      0.0174667
-1.5        166          0.235849      0.0174855
-1.5        167          0.235849      0.017363
-1.5        168          0.235849      0.0173652
-1.5        169          0.235849      0.0174049
-1.5        170          0.235849      0.0174082
-1.5        171          0.235849      0.0173641
-1.5        172          0.235849      0.0173133
-1.5        173          0.235849      0.0172945
-1.5        174          0.235849      0.0173674
-1.5        175          0.234742      0.0174408
-1.5        176          0.234742      0.0174902
-1.5        177          0.234742      0.0174661
-1.5        178          0.234742      0.0174034
-1.5        179          0.234742      0.0174309
-1.5        180          0.234742      0.0173902
-1.5        181          0.230415      0.017211
-1.5        182          0.230415      0.0171333
-1.5        183          0.230415      0.017129
-1.5        184          0.230415      0.0170028
-1.5        185          0.230415      0.0169942
-1.5        186          0.230415      0.0169629
-1.5        187          0.230415      0.0170244
-1.5        188          0.230415      0.0170114
-1.5        189          0.230415      0.0170449
-1.5        190          0.230415      0.0170039
-1.5        191          0.228833      0.0168464
-1.5        192          0.228833      0.0168218
-1.5        193          0.228833      0.0168732
-1.5        194          0.228833      0.0168989
-1.5        195          0.228833      0.0169225
-1.5        196          0.228833      0.0169739
-1.5        197          0.228833      0.0168904
-1.5        198          0.22805      0.0169233
-1.5        199          0.227531      0.0168795
-1.5        200          0.227015      0.0169655
-1.25        1          1      0.0809363
-1.25        2          1      0.0654822
-1.25        3          1      0.0556882
-1.25        4          1      0.0483895
-1.25        5          1      0.0427013
-1.25        6          0.97561      0.0380058
-1.25        7          0.909091      0.0336525
-1.25        8          0.888889      0.0301332
-1.25        9          0.829876      0.0263804
-1.25        10          0.738007      0.0234013
-1.25        11          0.649351      0.0213137
-1.25        12          0.60423      0.0194989
-1.25        13          0.552486      0.0180748
-1.25        14          0.47619      0.0163925
-1.25        15          0.430108      0.0157303
-1.25        16          0.3861      0.014965
-1.25        17          0.357782      0.0150097
-1.25        18          0.332779      0.0145388
-1.25        19          0.314961      0.014334
-1.25        20          0.298507      0.0144614
-1.25        21          0.281294      0.0139725
-1.25        22          0.271739      0.0137205
-1.25        23          0.262812      0.0134531
-1.25        24          0.241546      0.012792
-1.25        25          0.235571      0.0125958
-1.25        26          0.234192      0.0127073
-1.25        27          0.228833      0.0124819
-1.25        28          0.220994      0.0123233
-1.25        29          0.220264      0.0121279
-1.25        30          0.21322      0.0117331
-1.25        31          0.208768      0.0116895
-1.25        32          0.201005      0.0112971
-1.25        34          0.195695      0.0111443
-1.25        33          0.195122      0.0112497
-1.25        35          0.193237      0.0112179
-1.25        36          0.188324      0.0111487
-1.25        37          0.185357      0.0109826
-1.25        38          0.183318      0.0110111
-1.25        39          0.182149      0.0111251
-1.25        40          0.180832      0.011048
-1.25        41          0.180832      0.011004
-1.25        42          0.180018      0.0110834
-1.25        43          0.179211      0.0111143
-1.25        44          0.178412      0.0110931
-1.25        45          0.178412      0.0109745
-1.25        46          0.17762      0.0109707
-1.25        47          0.176835      0.0110133
-1.25        48          0.176211      0.0109497
-1.25        49          0.176211      0.0109332
-1.25        50          0.175747      0.0109225
-1.25        51          0.174825      0.0108996
-1.25        52          0.172117      0.0108403
-1.25        53          0.170648      0.0108445
-1.25        54          0.170648      0.0109292
-1.25        55          0.169492      0.0108575
-1.25        56          0.169205      0.0108177
-1.25        57          0.168492      0.0107974
-1.25        58          0.168492      0.0107871
-1.25        59          0.168492      0.0107595
-1.25        60          0.168492      0.0107406
-1.25        61          0.168492      0.0106475
-1.25        62          0.168492      0.0106325
-1.25        63          0.167084      0.0105609
-1.25        64          0.166945      0.0106123
-1.25        65          0.166945      0.0106115
-1.25        66          0.165563      0.0106213
-1.25        67          0.165563      0.0105942
-1.25        68          0.165289      0.0105999
-1.25        69          0.165289      0.0106053
-1.25        70          0.165289      0.0105627
-1.25        71          0.163132      0.0104592
-1.25        72          0.162206      0.0104021
-1.25        73          0.162206      0.0104059
-1.25        74          0.162206      0.0104599
-1.25        75          0.161812      0.0104451
-1.25        76          0.161812      0.0103686
-1.25        77          0.161812      0.0103746
-1.25        78          0.161812      0.010386
-1.25        79          0.161812      0.0104731
-1.25        80          0.161812      0.0105769
-1.25        81          0.161812      0.010567
-1.25        82          0.16116      0.0105313
-1.25        83          0.16116      0.0105192
-1.25        84          0.16116      0.0105116
-1.25        85          0.16116      0.0104784
-1.25        86          0.16116      0.010492
-1.25        87          0.16116      0.0104219
-1.25        88          0.16116      0.0104271
-1.25        89          0.16116      0.0103887
-1.25        90          0.16116      0.0103479
-1.25        91          0.16116      0.0104037
-1.25        92          0.16116      0.0103547
-1.25        93          0.16116      0.0103705
-1.25        94          0.16116      0.0103434
-1.25        95          0.16116      0.0102876
-1.25        96          0.16116      0.0102762
-1.25        97          0.160643      0.0103478
-1.25        98          0.160514      0.0103823
-1.25        99          0.160514      0.0103808
-1.25        100          0.160514      0.010383
-1.25        101          0.160514      0.0104056
-1.25        102          0.160514      0.0103537
-1.25        103          0.160514      0.0101779
-1.25        104          0.159872      0.0098962
-1.25        105          0.159872      0.00964172
-1.25        106          0.159872      0.00944712
-1.25        107          0.157729      0.00921709
-1.25        108          0.157729      0.00891507
-1.25        109          0.15625      0.00853962
-1.25        110          0.1554      0.00828073
-1.25        111          0.154202      0.00820822
-1.25        112          0.150716      0.00780674
-1.25        113          0.150716      0.00758871
-1.25        114          0.147493      0.0073263
-1.25        115          0.143472      0.0071595
-1.25        116          0.13468      0.00702846
-1.25        117          0.130976      0.00685109
-1.25        118          0.125471      0.00682099
-1.25        119          0.123457      0.0068196
-1.25        120          0.121139      0.00673409
-1.25        121          0.12012      0.00661392
-1.25        122          0.118133      0.0066074
-1.25        123          0.115407      0.00659915
-1.25        124          0.112486      0.00667069
-1.25        125          0.111483      0.00654491
-1.25        126          0.110865      0.00662178
-1.25        127          0.10433      0.00632132
-1.25        128          0.101215      0.00618044
-1.25        129          0.0992556      0.00614353
-1.25        130          0.097561      0.00607564
-1.25        131          0.097229      0.00603949
-1.25        132          0.0954654      0.00601664
-1.25        133          0.0936768      0.00591269
-1.25        134          0.0931099      0.00586034
-1.25        135          0.0922084      0.0058295
-1.25        136          0.0919963      0.00582256
-1.25        137          0.0919963      0.00577733
-1.25        138          0.0910332      0.00572879
-1.25        139          0.0883002      0.00558656
-1.25        140          0.0873744      0.00553412
-1.25        141          0.0852152      0.00546638
-1.25        142          0.0852152      0.00545241
-1.25        143          0.0845666      0.005422
-1.25        144          0.0845666      0.00537726
-1.25        145          0.084246      0.00537344
-1.25        146          0.0842105      0.0053901
-1.25        147          0.0829187      0.00539011
-1.25        148          0.0819672      0.00531712
-1.25        149          0.081666      0.00530408
-1.25        150          0.0809717      0.00533708
-1.25        151          0.0809717      0.00532192
-1.25        152          0.0809389      0.00538342
-1.25        153          0.0794597      0.00529359
-1.25        154          0.0792707      0.0052669
-1.25        155          0.0791139      0.00525019
-1.25        156          0.0791139      0.00523982
-1.25        157          0.0791139      0.00521611
-1.25        158          0.0787712      0.00525952
-1.25        159          0.0786782      0.00524669
-1.25        160          0.078064      0.00529052
-1.25        161          0.0777907      0.00537361
-1.25        162          0.0776096      0.00539852
-1.25        163          0.0776096      0.00539271
-1.25        164          0.0776096      0.00535674
-1.25        165          0.0776096      0.00535819
-1.25        166          0.0776096      0.00537309
-1.25        167          0.0758438      0.0053364
-1.25        168          0.0758438      0.00530267
-1.25        169          0.0755572      0.00531518
-1.25        170          0.0755572      0.00532332
-1.25        171          0.0755572      0.00532721
-1.25        172          0.0755572      0.00529679
-1.25        173          0.0755572      0.00530422
-1.25        174          0.0755572      0.00524691
-1.25        175          0.0755572      0.00524019
-1.25        176          0.0755572      0.00522463
-1.25        177          0.0755572      0.00518642
-1.25        178          0.0755572      0.00519704
-1.25        179          0.0755572      0.00519704
-1.25        180          0.0755572      0.00518218
-1.25        181          0.0755572      0.00520305
-1.25        182          0.0755572      0.00522321
-1.25        183          0.0753296      0.00525649
-1.25        184          0.0753296      0.00527166
-1.25        185          0.0753296      0.00529494
-1.25        186          0.0753296      0.00532632
-1.25        187          0.0753296      0.00531574
-1.25        188          0.0753296      0.00529423
-1.25        189          0.0753296      0.00528823
-1.25        190          0.0753296      0.00529352
-1.25        191          0.0753296      0.00534008
-1.25        192          0.0753296      0.00529987
-1.25        193          0.0753296      0.00525262
-1.25        194          0.0753296      0.00528189
-1.25        195          0.0753296      0.00528118
-1.25        196          0.0753296      0.0052572
-1.25        197          0.0753296      0.00525015
-1.25        198          0.0753296      0.00523428
-1.25        199          0.0753296      0.00523921
-1.25        200          0.0753296      0.00522511
-1        1          1      0.0743258
-1        2          1      0.0586798
-1        3          1      0.0470412
-1        4          1      0.0387453
-1        5          0.97561      0.0320499
-1        6          0.930233      0.0258558
-1        7          0.833333      0.0201857
-1        8          0.687285      0.0165515
-1        9          0.552486      0.0138147
-1        10          0.478469      0.012011
-1        11          0.401606      0.0104576
-1        12          0.324675      0.00958674
-1        13          0.280899      0.00893064
-1        14          0.253165      0.00809629
-1        15          0.221239      0.00744196
-1        16          0.195695      0.00710401
-1        17          0.176056      0.00663508
-1        18          0.153728      0.0061376
-1        19          0.134953      0.00557375
-1        20          0.130124      0.00535785
-1        21          0.117855      0.00520361
-1        22          0.106724      0.00500042
-1        23          0.0981836      0.00472715
-1        24          0.0941176      0.00471337
-1        25          0.0914913      0.00460284
-1        26          0.0891266      0.0045861
-1        27          0.0841751      0.00446609
-1        28          0.0812678      0.00446136
-1        29          0.0805153      0.00434089
-1        30          0.0793651      0.00433052
-1        31          0.0776699      0.00422894
-1        32          0.0759013      0.00419696
-1        33          0.0740466      0.00411555
-1        34          0.0723066      0.00408789
-1        35          0.0719166      0.00408908
-1        36          0.071736      0.00406974
-1        37          0.0696136      0.00401028
-1        38          0.0692281      0.00398191
-1        39          0.0686106      0.0040601
-1        40          0.0675219      0.00405227
-1        41          0.0674764      0.00406217
-1        42          0.0662252      0.00399862
-1        43          0.0659848      0.00395662
-1        44          0.0656599      0.0039522
-1        45          0.0655523      0.00393191
-1        46          0.0655523      0.00388096
-1        47          0.0653381      0.00386064
-1        48          0.0642261      0.00381297
-1        49          0.064041      0.00381727
-1        50          0.0596303      0.00362109
-1        51          0.0596303      0.00360406
-1        52          0.0595061      0.00360212
-1        53          0.0592417      0.00357447
-1        54          0.0579542      0.00352473
-1        55          0.0578369      0.00353276
-1        56          0.0569963      0.00349983
-1        57          0.0568343      0.00350851
-1        58          0.0558659      0.00351228
-1        59          0.0558659      0.0035489
-1        60          0.0540687      0.00352256
-1        61          0.0540687      0.00350965
-1        62          0.0538793      0.00349383
-1        63          0.0538358      0.00346782
-1        64          0.0538358      0.00343632
-1        65          0.0532765      0.00335697
-1        66          0.0532056      0.00338389
-1        67          0.0532056      0.00334777
-1        68          0.0532056      0.00334428
-1        69          0.0532056      0.00333606
-1        70          0.0532056      0.00332585
-1        71          0.0532056      0.00329646
-1        72          0.0529521      0.00330678
-1        73          0.0525348      0.00328785
-1        74          0.0522603      0.00329783
-1        75          0.0522603      0.00329465
-1        76          0.0522603      0.00333673
-1        77          0.0522603      0.00334774
-1        78          0.0522603      0.00332547
-1        79          0.0521241      0.00334926
-1        80          0.0521241      0.00338782
-1        81          0.0521241      0.00335341
-1        82          0.0521241      0.00335
-1        83          0.0521241      0.00333389
-1        84          0.0521241      0.00333535
-1        85          0.0512426      0.00331326
-1        86          0.0512426      0.00331206
-1        87          0.0510204      0.00326903
-1        88          0.0510204      0.00325542
-1        89          0.0510204      0.00323703
-1        90          0.0510204      0.00327906
-1        91          0.0510204      0.00331298
-1        92          0.0502765      0.00324585
-1        93          0.0502765      0.0032289
-1        94          0.0499251      0.00319768
-1        95          0.0499002      0.00320427
-1        97          0.0499002      0.00318558
-1        96          0.049776      0.00318394
-1        98          0.049776      0.00320235
-1        99          0.049776      0.00322076
-1        100          0.049776      0.00325105
-1        101          0.0497512      0.00324944
-1        102          0.0497512      0.00324128
-1        103          0.0497512      0.00317397
-1        104          0.0497512      0.00308989
-1        105          0.0497512      0.00299113
-1        106          0.0497512      0.0028798
-1        107          0.0496524      0.00282503
-1        108          0.0496524      0.00276157
-1        109          0.0496524      0.00266184
-1        110          0.0496155      0.00255905
-1        111          0.0494927      0.00247881
-1        112          0.0484144      0.00241981
-1        113          0.0472478      0.00235199
-1        114          0.0461574      0.00231284
-1        115          0.0452591      0.00222715
-1        116          0.0433088      0.00217132
-1        117          0.04158      0.00208328
-1        118          0.0400481      0.00198065
-1        119          0.0387447      0.00194141
-1        120          0.0382995      0.00191784
-1        121          0.0377786      0.00189371
-1        122          0.0353482      0.00187233
-1        123          0.033195      0.0018579
-1        124          0.0310752      0.00171481
-1        125          0.0304646      0.00165687
-1        126          0.0283286      0.00159189
-1        127          0.02759      0.00156137
-1        128          0.0269288      0.00150441
-1        129          0.0266418      0.00146617
-1        130          0.0264725      0.00146516
-1        131          0.0256937      0.00145381
-1        132          0.0253004      0.00142943
-1        133          0.0246214      0.00138484
-1        134          0.0244918      0.00137675
-1        135          0.0242748      0.00137762
-1        136          0.0238977      0.00134257
-1        137          0.0238124      0.0013371
-1        138          0.0233809      0.00136498
-1        139          0.022304      0.00132968
-1        140          0.0221877      0.00131994
-1        141          0.021777      0.00130876
-1        142          0.0214961      0.0013108
-1        143          0.0214592      0.00131016
-1        144          0.0206804      0.00127829
-1        145          0.0206143      0.00127749
-1        146          0.0206143      0.00127073
-1        147          0.0204625      0.00126616
-1        148          0.0203004      0.00125528
-1        149          0.0203004      0.00126117
-1        150          0.0201572      0.00124633
-1        151          0.0201572      0.00124407
-1        152          0.0201187      0.00126429
-1        153          0.0200421      0.00126436
-1        154          0.0200421      0.00125657
-1        155          0.0198689      0.00124664
-1        156          0.0198689      0.00124859
-1        157          0.0198      0.00125558
-1        158          0.0197414      0.00124567
-1        159          0.0196309      0.00124458
-1        160          0.0196309      0.00124247
-1        161          0.0194062      0.00122379
-1        162          0.0194062      0.00121961
-1        163          0.0193237      0.00120918
-1        164          0.0191077      0.00121123
-1        165          0.019104      0.00122879
-1        166          0.0188857      0.00123031
-1        167          0.0188857      0.0012228
-1        168          0.0188857      0.00120945
-1        169          0.0188342      0.0012057
-1        170          0.0188094      0.00120588
-1        171          0.0188094      0.00120623
-1        172          0.0187056      0.00119257
-1        173          0.0186776      0.00119525
-1        174          0.018615      0.00118819
-1        175          0.018615      0.00118505
-1        176          0.0182432      0.00118487
-1        177          0.0182432      0.00118248
-1        178          0.0182432      0.00116608
-1        179          0.0182432      0.0011648
-1        180          0.0181752      0.00116675
-1        181          0.0181752      0.00116863
-1        182          0.0181736      0.00116605
-1        183          0.0180995      0.0011752
-1        184          0.0180995      0.00117842
-1        185          0.0180995      0.00120553
-1        186          0.0180995      0.00121291
-1        187          0.0180995      0.00121223
-1        188          0.0180995      0.00120909
-1        189          0.0180359      0.0012159
-1        190          0.0180359      0.00119074
-1        191          0.0180359      0.00118643
-1        192          0.0177746      0.00117224
-1        193          0.0177746      0.00117299
-1        194          0.0177746      0.00116425
-1        195          0.0177588      0.00114983
-1        196          0.0177588      0.00115582
-1        197          0.0176056      0.001155
-1        198          0.0175793      0.00115031
-1        199          0.0175793      0.00115163
-1        200          0.0174642      0.00115455
-0.75        1          1      0.0656461
-0.75        2          1      0.0483661
-0.75        3          1      0.0363998
-0.75        4          0.990099      0.0271628
-0.75        5          0.952381      0.0201489
-0.75        6          0.83682      0.0145973
-0.75        7          0.632911      0.01075
-0.75        8          0.456621      0.00758897
-0.75        9          0.35461      0.00559806
-0.75        10          0.259067      0.00449851
-0.75        11          0.209864      0.00379543
-0.75        12          0.157604      0.00323842
-0.75        13          0.115141      0.00257558
-0.75        14          0.0997009      0.00239964
-0.75        15          0.0823723      0.00225367
-0.75        16          0.0712504      0.00205212
-0.75        17          0.0608088      0.0018533
-0.75        18          0.0529521      0.00169516
-0.75        19          0.0479042      0.00163718
-0.75        20          0.0437063      0.00155857
-0.75        21          0.0397062      0.0013992
-0.75        22          0.0353607      0.00131791
-0.75        23          0.0340136      0.00129271
-0.75        24          0.0322789      0.00124612
-0.75        25          0.0296121      0.00117506
-0.75        26          0.0280584      0.00115504
-0.75        27          0.0266312      0.001114
-0.75        28          0.0257334      0.00108981
-0.75        29          0.0245369      0.00107659
-0.75        30          0.0236044      0.00104407
-0.75        31          0.0231535      0.00102868
-0.75        32          0.0222816      0.00104242
-0.75        33          0.0215285      0.0010096
-0.75        34          0.0210948      0.000974352
-0.75        35          0.0208594      0.000995607
-0.75        36          0.0201167      0.000973248
-0.75        37          0.0197707      0.000957526
-0.75        38          0.0192234      0.000960899
-0.75        39          0.019015      0.000966775
-0.75        40          0.0189233      0.000954757
-0.75        41          0.0183688      0.000944499
-0.75        42          0.0180343      0.000923496
-0.75        43          0.0177132      0.000912778
-0.75        44          0.0176944      0.000906093
-0.75        45          0.017328      0.000908261
-0.75        46          0.0171748      0.000904167
-0.75        47          0.0162588      0.000851382
-0.75        48          0.0156838      0.00084998
-0.75        49          0.0155267      0.000842922
-0.75        50          0.015155      0.000828272
-0.75        51          0.014988      0.00081599
-0.75        52          0.0148577      0.000804516
-0.75        53          0.0145943      0.000793325
-0.75        54          0.0143637      0.000795315
-0.75        55          0.0142086      0.000788723
-0.75        56          0.0141323      0.00078495
-0.75        57          0.0139606      0.000779534
-0.75        58          0.0139053      0.000775468
-0.75        59          0.0135731      0.000765268
-0.75        60          0.0134391      0.000761232
-0.75        61          0.013352      0.000762116
-0.75        62          0.0131761      0.000752444
-0.75        63          0.0131761      0.000749236
-0.75        64          0.0131761      0.000751951
-0.75        65          0.0130933      0.000746612
-0.75        66          0.0130183      0.00074648
-0.75        67          0.0128833      0.000756531
-0.75        68          0.0127673      0.000748346
-0.75        69          0.0126703      0.000733404
-0.75        70          0.0126072      0.000739667
-0.75        71          0.012551      0.000735902
-0.75        72          0.0125392      0.000739201
-0.75        73          0.012529      0.000742001
-0.75        74          0.0124875      0.000741768
-0.75        75          0.0124875      0.00072914
-0.75        76          0.0123655      0.000723117
-0.75        77          0.0123434      0.000725637
-0.75        78          0.0122835      0.000720448
-0.75        79          0.0122835      0.000711477
-0.75        80          0.01221      0.000714823
-0.75        81          0.0120802      0.000709882
-0.75        82          0.0120214      0.000719202
-0.75        83          0.0118857      0.000716868
-0.75        84          0.0118857      0.000721097
-0.75        85          0.0118857      0.000715477
-0.75        86          0.0118857      0.000714698
-0.75        87          0.0118857      0.000707464
-0.75        88          0.0118857      0.000706796
-0.75        89          0.0118857      0.000708132
-0.75        90          0.0118273      0.000714623
-0.75        91          0.0118259      0.00070878
-0.75        92          0.0118259      0.000713874
-0.75        93          0.0118259      0.000710164
-0.75        94          0.0118259      0.00071033
-0.75        95          0.0117034      0.000711411
-0.75        96          0.011538      0.000705623
-0.75        97          0.0115347      0.000705474
-0.75        98          0.0115347      0.000701208
-0.75        99          0.0115347      0.00069921
-0.75        100          0.0115347      0.000699156
-0.75        101          0.0115347      0.000696942
-0.75        102          0.0112905      0.000679967
-0.75        103          0.0112905      0.000664269
-0.75        104          0.011253      0.000634247
-0.75        105          0.011253      0.000608749
-0.75        106          0.011253      0.000591679
-0.75        107          0.011253      0.00056597
-0.75        108          0.011253      0.000544423
-0.75        109          0.011253      0.00052061
-0.75        110          0.0110217      0.000493191
-0.75        111          0.010766      0.000472373
-0.75        112          0.0105753      0.000461679
-0.75        113          0.0105552      0.000446521
-0.75        114          0.0101735      0.000428895
-0.75        115          0.00955292      0.000401393
-0.75        116          0.00902853      0.000384008
-0.75        117          0.00830013      0.000362431
-0.75        118          0.00810241      0.000354557
-0.75        119          0.00750413      0.000335472
-0.75        120          0.00695555      0.000313228
-0.75        121          0.00687191      0.000299906
-0.75        122          0.00672902      0.000296568
-0.75        123          0.00651508      0.000283083
-0.75        124          0.00643501      0.000279001
-0.75        125          0.00625254      0.000272407
-0.75        126          0.00598838      0.000268384
-0.75        127          0.00574515      0.000261033
-0.75        128          0.00546075      0.000246501
-0.75        129          0.00514615      0.00024237
-0.75        130          0.00485237      0.000234667
-0.75        131          0.00482602      0.000234026
-0.75        132          0.00472556      0.000229442
-0.75        133          0.00459918      0.000229636
-0.75        134          0.00445762      0.000227556
-0.75        135          0.0042139      0.00022336
-0.75        136          0.00410105      0.000217705
-0.75        137          0.00399545      0.00021324
-0.75        138          0.00395507      0.000212252
-0.75        139          0.00373818      0.000201645
-0.75        140          0.00371016      0.000200394
-0.75        141          0.00342554      0.000190137
-0.75        142          0.00341775      0.000189192
-0.75        143          0.00328893      0.000189329
-0.75        144          0.00328893      0.00018625
-0.75        145          0.0032782      0.000184537
-0.75        146          0.00325993      0.000185248
-0.75        147          0.00319229      0.000182525
-0.75        148          0.00314956      0.000182058
-0.75        149          0.00310573      0.000179263
-0.75        150          0.00307858      0.000176384
-0.75        151          0.00305125      0.000177889
-0.75        152          0.00303822      0.000179207
-0.75        153          0.00293617      0.000174094
-0.75        154          0.00292376      0.000171771
-0.75        155          0.00288559      0.000172676
-0.75        156          0.00288559      0.000171447
-0.75        157          0.00284945      0.000171741
-0.75        158          0.00282478      0.000171232
-0.75        159          0.00281766      0.000172357
-0.75        160          0.00281468      0.000172188
-0.75        161          0.0027653      0.000170604
-0.75        162          0.00268658      0.00016639
-0.75        163          0.00268395      0.000167797
-0.75        164          0.0026698      0.00016885
-0.75        165          0.0026698      0.000168225
-0.75        166          0.0026698      0.000167012
-0.75        167          0.0026698      0.000166862
-0.75        168          0.0026698      0.000166075
-0.75        169          0.00266131      0.000165584
-0.75        170          0.00263345      0.000165577
-0.75        171          0.00262237      0.000165469
-0.75        172          0.00258435      0.000163603
-0.75        173          0.00256614      0.000162402
-0.75        174          0.00255617      0.000160096
-0.75        175          0.00254068      0.000160339
-0.75        176          0.00252388