16 8
8 16
1 2 2 4 2 4 4 7 2 3 3 5 3 5 5 8 
16 8 8 4 8 4 4 8 
1 0 0 0 0 0 0 0 
1 2 0 0 0 0 0 0 
1 3 0 0 0 0 0 0 
1 2 3 4 0 0 0 0 
1 5 0 0 0 0 0 0 
1 2 5 6 0 0 0 0 
1 3 5 7 0 0 0 0 
1 2 3 4 5 6 7 0 
1 8 0 0 0 0 0 0 
1 2 8 0 0 0 0 0 
1 3 8 0 0 0 0 0 
1 2 3 4 8 0 0 0 
1 5 8 0 0 0 0 0 
1 2 5 6 8 0 0 0 
1 3 5 7 8 0 0 0 
1 2 3 4 5 6 7 8 
1 2 3 4 5 6 7 8 9 10 11 12 13 14 15 16 
2 4 6 8 10 12 14 16 0 0 0 0 0 0 0 0 
3 4 7 8 11 12 15 16 0 0 0 0 0 0 0 0 
4 8 12 16 0 0 0 0 0 0 0 0 0 0 0 0 
5 6 7 8 13 14 15 16 0 0 0 0 0 0 0 0 
6 8 14 16 0 0 0 0 0 0 0 0 0 0 0 0 
7 8 15 16 0 0 0 0 0 0 0 0 0 0 0 0 
9 10 11 12 13 14 15 16 0 0 0 0 0 0 0 0 
