5 96 48
0 0 0.9997282028198242
0 1 0.9414942860603333
0 2 0.9728319048881531
0 3 1.0166925191879272
0 4 0.96584552526474
0 5 0.9695298671722412
0 6 0.9705520272254944
0 7 1.0043846368789673
0 8 0.9750183820724487
0 9 0.9988991618156433
0 10 0.9713921546936035
0 11 0.9955024719238281
0 12 0.9497736096382141
0 13 0.9801698923110962
0 14 0.942490816116333
0 15 0.979081928730011
0 16 0.996378481388092
0 17 0.9319512844085693
0 18 0.9856805801391602
0 19 0.9799418449401855
0 20 0.9932202100753784
0 21 0.9725682139396667
0 22 0.9692761898040771
0 23 0.9926169514656067
0 24 0.9553822875022888
0 25 0.9647467136383057
0 26 0.9708195328712463
0 27 0.9672653079032898
0 28 0.9980167746543884
0 29 0.8994191288948059
0 30 0.9577650427818298
0 31 0.9671977758407593
0 32 0.9763386249542236
0 33 0.9644389748573303
0 34 0.9844526052474976
0 35 0.9654123783111572
0 36 0.9420973658561707
0 37 0.9607591032981873
0 38 0.9810960292816162
0 39 0.9863426685333252
0 40 0.9979168176651001
0 41 0.9917338490486145
0 42 0.9778427481651306
0 43 0.9574754238128662
0 44 0.9725919961929321
0 45 0.9771471619606018
0 46 0.9562370777130127
0 47 0.9846721887588501
0 48 0.9482726454734802
0 49 0.9644425511360168
0 50 0.9661315679550171
0 51 0.9809240698814392
0 52 0.9834362268447876
0 53 0.9571177363395691
0 54 0.9696129560470581
0 55 0.9828160405158997
0 56 0.9777654409408569
0 57 0.9431119561195374
0 58 0.9804915189743042
0 59 0.9880566000938416
0 60 0.9470487833023071
0 61 0.9887071847915649
0 62 0.9886267781257629
0 63 0.9313675761222839
0 64 0.9670800566673279
0 65 0.9970327615737915
0 66 0.9535647630691528
0 67 0.971682071685791
0 68 0.9857306480407715
0 69 0.9743099212646484
0 70 0.9524321556091309
0 71 0.9563283324241638
0 72 0.9841604828834534
0 73 0.9693065285682678
0 74 0.9588173627853394
0 75 0.958190381526947
0 76 0.9599343538284302
0 77 0.9698032140731812
0 78 0.9773097634315491
0 79 0.9730038642883301
0 80 0.9922254681587219
0 81 0.9514012336730957
0 82 0.9481382966041565
0 83 0.9728818535804749
0 84 0.9950768947601318
0 85 0.9818752408027649
0 86 0.9599875807762146
0 87 0.9929052591323853
0 88 0.9751954078674316
0 89 0.9895765781402588
0 90 0.9770937561988831
0 91 0.9608727693557739
0 92 0.969455897808075
0 93 0.9773045778274536
0 94 0.9621509313583374
0 95 0.9607871770858765
1 0 0.9456467032432556
1 1 0.9087958931922913
1 2 0.934314489364624
1 3 0.9678375124931335
1 4 0.9179542064666748
1 5 0.9421980381011963
1 6 0.9431833028793335
1 7 0.9472101926803589
1 8 0.9477713704109192
1 9 0.9576508402824402
1 10 0.9181143045425415
1 11 0.9616380929946899
1 12 0.9147366285324097
1 13 0.9513896703720093
1 14 0.8971405625343323
1 15 0.9286738038063049
1 16 0.9610291719436646
1 17 0.8919064402580261
1 18 0.9497552514076233
1 19 0.9342466592788696
1 20 0.9216050505638123
1 21 0.9270051717758179
1 22 0.9243113398551941
1 23 0.9474329948425293
1 24 0.9207861423492432
1 25 0.9222269654273987
1 26 0.9253522157669067
1 27 0.9441594481468201
1 28 0.9631056785583496
1 29 0.8593416213989258
1 30 0.9246121048927307
1 31 0.9380888342857361
1 32 0.9516755938529968
1 33 0.9335932731628418
1 34 0.9468782544136047
1 35 0.921444833278656
1 36 0.9133859276771545
1 37 0.9175918102264404
1 38 0.9367619752883911
1 39 0.9376993179321289
1 40 0.956145703792572
1 41 0.958080530166626
1 42 0.9481312036514282
1 43 0.921668529510498
1 44 0.9275586605072021
1 45 0.9310588240623474
1 46 0.9191057682037354
1 47 0.9292106628417969
1 48 0.9228774905204773
1 49 0.9228050708770752
1 50 0.9218827486038208
1 51 0.9311240911483765
1 52 0.9335415959358215
1 53 0.9170304536819458
1 54 0.9348549246788025
1 55 0.9464178681373596
1 56 0.9389707446098328
1 57 0.9066658020019531
1 58 0.9290766716003418
1 59 0.9341707229614258
1 60 0.8953279256820679
1 61 0.9370791912078857
1 62 0.9411044716835022
1 63 0.8964343070983887
1 64 0.9111542105674744
1 65 0.9618776440620422
1 66 0.9343045949935913
1 67 0.9255112409591675
1 68 0.9391425251960754
1 69 0.9245061278343201
1 70 0.9302706718444824
1 71 0.9205686450004578
1 72 0.9302102327346802
1 73 0.9291073083877563
1 74 0.9226210713386536
1 75 0.9175238609313965
1 76 0.9353078603744507
1 77 0.9185773730278015
1 78 0.9234599471092224
1 79 0.9147636294364929
1 80 0.9587580561637878
1 81 0.9017904996871948
1 82 0.9172240495681763
1 83 0.9312914609909058
1 84 0.9436624050140381
1 85 0.9271228313446045
1 86 0.9267607927322388
1 87 0.9627541303634644
1 88 0.9512102603912354
1 89 0.9528318643569946
1 90 0.9278243184089661
1 91 0.9241858720779419
1 92 0.9296678900718689
1 93 0.9495911002159119
1 94 0.9246753454208374
1 95 0.9315942525863647
2 0 0.9157314896583557
2 1 0.8792644739151001
2 2 0.9018601179122925
2 3 0.9641565084457397
2 4 0.878719687461853
2 5 0.925090491771698
2 6 0.9129628539085388
2 7 0.9199212789535522
2 8 0.9433038830757141
2 9 0.9490910768508911
2 10 0.8990672826766968
2 11 0.939929187297821
2 12 0.900678813457489
2 13 0.9239113926887512
2 14 0.8693335652351379
2 15 0.8969661593437195
2 16 0.9346470832824707
2 17 0.8624467253684998
2 18 0.9429706335067749
2 19 0.9113568067550659
2 20 0.9099491238594055
2 21 0.902266263961792
2 22 0.8985893726348877
2 23 0.9327350854873657
2 24 0.8848065137863159
2 25 0.8936447501182556
2 26 0.9038206338882446
2 27 0.9146173000335693
2 28 0.945554792881012
2 29 0.852634608745575
2 30 0.8893961906433105
2 31 0.913486897945404
2 32 0.9292579889297485
2 33 0.9054282903671265
2 34 0.9228898882865906
2 35 0.9013345837593079
2 36 0.8894649147987366
2 37 0.8918495178222656
2 38 0.9255263805389404
2 39 0.9140093326568604
2 40 0.9347731471061707
2 41 0.9104992151260376
2 42 0.926512598991394
2 43 0.888441801071167
2 44 0.8796541690826416
2 45 0.9122618436813354
2 46 0.8734457492828369
2 47 0.8990779519081116
2 48 0.9019718766212463
2 49 0.8801586627960205
2 50 0.8847101330757141
2 51 0.9195349812507629
2 52 0.89664626121521
2 53 0.8989270925521851
2 54 0.9144930243492126
2 55 0.9246207475662231
2 56 0.8899388909339905
2 57 0.876357913017273
2 58 0.9086702466011047
2 59 0.9212718605995178
2 60 0.8727599382400513
2 61 0.9205526113510132
2 62 0.9030545353889465
2 63 0.8721590042114258
2 64 0.9080305099487305
2 65 0.9303663372993469
2 66 0.8933311700820923
2 67 0.891435444355011
2 68 0.9385213851928711
2 69 0.8824582695960999
2 70 0.907074511051178
2 71 0.8800267577171326
2 72 0.8866454362869263
2 73 0.8941552639007568
2 74 0.9043105244636536
2 75 0.9045214653015137
2 76 0.8961522579193115
2 77 0.8992579579353333
2 78 0.8985804915428162
2 79 0.8693519234657288
2 80 0.9419964551925659
2 81 0.8944965600967407
2 82 0.8762223124504089
2 83 0.9010887742042542
2 84 0.9229298233985901
2 85 0.8938818573951721
2 86 0.9101017117500305
2 87 0.9150040149688721
2 88 0.9222050905227661
2 89 0.9211350083351135
2 90 0.9124857783317566
2 91 0.9095660448074341
2 92 0.8894213438034058
2 93 0.9476847052574158
2 94 0.8688597679138184
2 95 0.8996794819831848
3 0 1.0387396812438965
3 1 0.9930164813995361
3 2 1.0229756832122803
3 3 1.0654571056365967
3 4 0.9824044704437256
3 5 1.0350477695465088
3 6 1.0198155641555786
3 7 1.0240168571472168
3 8 1.0724775791168213
3 9 1.0625227689743042
3 10 1.006484031677246
3 11 1.0601948499679565
3 12 1.0114178657531738
3 13 1.0478764772415161
3 14 0.9672390222549438
3 15 1.0124497413635254
3 16 1.0299259424209595
3 17 0.973764181137085
3 18 1.0553858280181885
3 19 1.0161885023117065
3 20 1.0111397504806519
3 21 1.010461449623108
3 22 0.9768908619880676
3 23 1.0298089981079102
3 24 0.9800434708595276
3 25 0.9796578288078308
3 26 1.0236607789993286
3 27 1.019695520401001
3 28 1.0160154104232788
3 29 0.9547318816184998
3 30 0.9958281517028809
3 31 1.040296196937561
3 32 1.0408719778060913
3 33 1.0200426578521729
3 34 1.051776647567749
3 35 1.0047835111618042
3 36 0.9804984331130981
3 37 0.9841463565826416
3 38 1.0103940963745117
3 39 1.0276069641113281
3 40 1.037489891052246
3 41 1.0387356281280518
3 42 1.0142381191253662
3 43 0.987995445728302
3 44 0.9989835619926453
3 45 1.0259983539581299
3 46 0.9952106475830078
3 47 1.011724591255188
3 48 1.001671314239502
3 49 0.9761925935745239
3 50 1.003413200378418
3 51 1.0043286085128784
3 52 1.0056347846984863
3 53 0.9962664842605591
3 54 1.0202432870864868
3 55 1.0222464799880981
3 56 0.9800778031349182
3 57 0.9708017110824585
3 58 1.027513027191162
3 59 1.0026226043701172
3 60 0.9778344035148621
3 61 1.0302256345748901
3 62 0.9984634518623352
3 63 0.9573989510536194
3 64 0.9930118322372437
3 65 1.0479471683502197
3 66 0.9901389479637146
3 67 0.982021152973175
3 68 1.0405482053756714
3 69 0.9725619554519653
3 70 1.015838384628296
3 71 0.9864334464073181
3 72 0.9768890142440796
3 73 1.0018054246902466
3 74 0.9981243014335632
3 75 1.024222493171692
3 76 1.0212901830673218
3 77 0.9994013905525208
3 78 1.0189157724380493
3 79 0.9897118210792542
3 80 1.0492554903030396
3 81 0.9694388508796692
3 82 1.0088417530059814
3 83 1.0063748359680176
3 84 1.0097869634628296
3 85 1.0070652961730957
3 86 1.0015010833740234
3 87 1.0282384157180786
3 88 1.027177095413208
3 89 1.0255391597747803
3 90 1.0147149562835693
3 91 1.0159252882003784
3 92 0.9975577592849731
3 93 1.0480132102966309
3 94 0.9961649179458618
3 95 1.0193760395050049
4 0 0.9032264351844788
4 1 0.8857719898223877
4 2 0.8849852085113525
4 3 0.9148643016815186
4 4 0.845994770526886
4 5 0.87349534034729
4 6 0.8751157522201538
4 7 0.8887609243392944
4 8 0.9335749745368958
4 9 0.9280005097389221
4 10 0.8956834077835083
4 11 0.9056037068367004
4 12 0.8583228588104248
4 13 0.8971262574195862
4 14 0.8468063473701477
4 15 0.8644498586654663
4 16 0.9012711048126221
4 17 0.8266704678535461
4 18 0.9267598390579224
4 19 0.8825671076774597
4 20 0.8889017701148987
4 21 0.8975995182991028
4 22 0.8552911281585693
4 23 0.9047248959541321
4 24 0.8454798460006714
4 25 0.8300182819366455
4 26 0.889909029006958
4 27 0.8730837106704712
4 28 0.8890834450721741
4 29 0.8142133951187134
4 30 0.854323148727417
4 31 0.8955843448638916
4 32 0.8976058959960938
4 33 0.8637758493423462
4 34 0.9058464169502258
4 35 0.8877654671669006
4 36 0.8568234443664551
4 37 0.8356110453605652
4 38 0.8897678852081299
4 39 0.89508455991745
4 40 0.8962107300758362
4 41 0.8772631287574768
4 42 0.867492139339447
4 43 0.8302375078201294
4 44 0.8521873354911804
4 45 0.8665685057640076
4 46 0.8479515314102173
4 47 0.883196234703064
4 48 0.8936916589736938
4 49 0.8531497120857239
4 50 0.8828199505805969
4 51 0.8973826169967651
4 52 0.8674612641334534
4 53 0.8805907368659973
4 54 0.8798441290855408
4 55 0.8846806883811951
4 56 0.8536698818206787
4 57 0.8312425017356873
4 58 0.879817545413971
4 59 0.8674363493919373
4 60 0.8543931841850281
4 61 0.8832031488418579
4 62 0.8729943633079529
4 63 0.8336654901504517
4 64 0.8726245760917664
4 65 0.9099292159080505
4 66 0.8798044919967651
4 67 0.8751503825187683
4 68 0.8864205479621887
4 69 0.8566056489944458
4 70 0.8841719627380371
4 71 0.8594378232955933
4 72 0.8538353443145752
4 73 0.869681715965271
4 74 0.8776749968528748
4 75 0.8724987506866455
4 76 0.8859167695045471
4 77 0.8723922371864319
4 78 0.8882678151130676
4 79 0.8717917799949646
4 80 0.9151774048805237
4 81 0.8532774448394775
4 82 0.8528215885162354
4 83 0.8664677739143372
4 84 0.8805084824562073
4 85 0.8968250751495361
4 86 0.8860253691673279
4 87 0.868550181388855
4 88 0.8992278575897217
4 89 0.8841130137443542
4 90 0.8700420260429382
4 91 0.8735922574996948
4 92 0.8837605714797974
4 93 0.9050378203392029
4 94 0.8740978837013245
4 95 0.8703163862228394
