4 96 48
0 29 0 9 0.8870940208435059
1 29 0 9 0.8521690964698792
2 29 0 9 0.838412344455719
3 29 0 9 1.0545932054519653
0 39 0 9 0.8895269632339478
1 39 0 9 0.852421760559082
2 39 0 9 0.8654946684837341
3 39 0 9 1.0428292751312256
0 9 0 29 0.8913084864616394
1 9 0 29 0.8303406834602356
2 9 0 29 0.8505181074142456
3 9 0 29 1.0510176420211792
0 39 0 29 0.9060248136520386
1 39 0 29 0.851057231426239
2 39 0 29 0.8501823544502258
3 39 0 29 1.02754807472229
0 9 0 39 0.8527475595474243
1 9 0 39 0.8103523254394531
2 9 0 39 0.8548133373260498
3 9 0 39 1.0467206239700317
0 29 0 39 0.8784908056259155
1 29 0 39 0.8646289706230164
2 29 0 39 0.8518261313438416
3 29 0 39 1.0225805044174194
0 31 1 4 0.8431968092918396
1 31 1 4 0.7452243566513062
2 31 1 4 0.7305126786231995
3 31 1 4 0.8769203424453735
0 44 1 4 0.8567116260528564
1 44 1 4 0.8095405101776123
2 44 1 4 0.8002720475196838
3 44 1 4 0.9742019176483154
0 4 1 31 0.8216261267662048
1 4 1 31 0.7818617820739746
2 4 1 31 0.7547587752342224
3 4 1 31 0.9308216571807861
0 44 1 31 0.9062864780426025
1 44 1 31 0.8265959024429321
2 44 1 31 0.8232496976852417
3 44 1 31 1.0257636308670044
0 4 1 44 0.8680307269096375
1 4 1 44 0.8159179091453552
2 4 1 44 0.7788339257240295
3 4 1 44 0.9282776713371277
0 31 1 44 0.861825168132782
1 31 1 44 0.7966772317886353
2 31 1 44 0.769190788269043
3 31 1 44 0.8483320474624634
0 17 2 15 0.9177234172821045
1 17 2 15 0.8852578401565552
2 17 2 15 0.9008732438087463
3 17 2 15 1.0605506896972656
0 38 2 15 0.9296361207962036
1 38 2 15 0.8916602730751038
2 38 2 15 0.8537898063659668
3 38 2 15 1.038737416267395
0 15 2 17 0.8966655135154724
1 15 2 17 0.865436315536499
2 15 2 17 0.8522748351097107
3 15 2 17 1.0172393321990967
0 38 2 17 0.8609506487846375
1 38 2 17 0.8693860173225403
2 38 2 17 0.8666045069694519
3 38 2 17 1.0335311889648438
0 15 2 38 0.9139343500137329
1 15 2 38 0.8690130710601807
2 15 2 38 0.8625820875167847
3 15 2 38 1.0610977411270142
0 17 2 38 0.9082335233688354
1 17 2 38 0.8754284381866455
2 17 2 38 0.8795375823974609
3 17 2 38 1.04683256149292
0 21 3 11 0.9393009543418884
1 21 3 11 0.9400222301483154
2 21 3 11 0.9814625382423401
3 21 3 11 1.1672227382659912
0 37 3 11 0.8823006749153137
1 37 3 11 0.879050612449646
2 37 3 11 0.8536444902420044
3 37 3 11 1.0378557443618774
0 11 3 21 0.9371119737625122
1 11 3 21 0.934148371219635
2 11 3 21 0.9382463693618774
3 11 3 21 1.1583422422409058
0 37 3 21 0.9486503601074219
1 37 3 21 0.9278694987297058
2 37 3 21 0.9168886542320251
3 37 3 21 1.0675528049468994
0 11 3 37 0.9038512110710144
1 11 3 37 0.9064361453056335
2 11 3 37 0.922582745552063
3 11 3 37 1.1146029233932495
0 21 3 37 0.8734185695648193
1 21 3 37 0.9029757976531982
2 21 3 37 0.9900756478309631
3 21 3 37 1.1679606437683105
0 18 4 14 0.884779691696167
1 18 4 14 0.834029495716095
2 18 4 14 0.7894540429115295
3 18 4 14 0.8977305889129639
0 46 4 14 0.9060905575752258
1 46 4 14 0.8649172782897949
2 46 4 14 0.8272602558135986
3 46 4 14 0.9490981698036194
0 14 4 18 0.8843786716461182
1 14 4 18 0.8754522800445557
2 14 4 18 0.8442937731742859
3 14 4 18 0.9934530854225159
0 46 4 18 0.8475295901298523
1 46 4 18 0.870188295841217
2 46 4 18 0.8451515436172485
3 46 4 18 0.9780949950218201
0 14 4 46 0.8831852078437805
1 14 4 46 0.854012131690979
2 14 4 46 0.8379786014556885
3 14 4 46 1.0052218437194824
0 18 4 46 0.8528587818145752
1 18 4 46 0.7641631960868835
2 18 4 46 0.7148842811584473
3 18 4 46 0.8357970118522644
0 16 5 1 0.9073370695114136
1 16 5 1 0.823085367679596
2 16 5 1 0.826799213886261
3 16 5 1 0.9932262301445007
0 33 5 1 0.8801566958427429
1 33 5 1 0.8760294914245605
2 33 5 1 0.9232749342918396
3 33 5 1 1.0930116176605225
0 1 5 16 0.9318206310272217
1 1 5 16 0.8929093480110168
2 1 5 16 0.8848862051963806
3 1 5 16 1.0715659856796265
0 33 5 16 0.8955714106559753
1 33 5 16 0.886090874671936
2 33 5 16 0.9011731743812561
3 33 5 16 1.0483438968658447
0 1 5 33 0.8846468329429626
1 1 5 33 0.8659674525260925
2 1 5 33 0.8450296521186829
3 1 5 33 0.9887624382972717
0 16 5 33 0.9008476138114929
1 16 5 33 0.8951151371002197
2 16 5 33 0.8719938397407532
3 16 5 33 1.004646897315979
0 23 6 8 0.9000881910324097
1 23 6 8 0.834528923034668
2 23 6 8 0.7870442271232605
3 23 6 8 0.8869954347610474
0 41 6 8 0.9015697836875916
1 41 6 8 0.8577756881713867
2 41 6 8 0.8486068248748779
3 41 6 8 1.0404469966888428
0 8 6 23 0.9041949510574341
1 8 6 23 0.8862005472183228
2 8 6 23 0.8623054623603821
3 8 6 23 1.051295518875122
0 41 6 23 0.8618618845939636
1 41 6 23 0.821161150932312
2 41 6 23 0.8350112438201904
3 41 6 23 0.9981300234794617
0 8 6 41 0.9097646474838257
1 8 6 41 0.8645178079605103
2 8 6 41 0.8549938797950745
3 8 6 41 1.0320576429367065
0 23 6 41 0.8642553091049194
1 23 6 41 0.7929069995880127
2 23 6 41 0.7563238739967346
3 23 6 41 0.8459073305130005
0 28 7 0 0.8966161012649536
1 28 7 0 0.9028508067131042
2 28 7 0 0.8585221171379089
3 28 7 0 0.9839675426483154
0 32 7 0 0.9049533605575562
1 32 7 0 0.8426904082298279
2 32 7 0 0.8031814694404602
3 32 7 0 0.9644075632095337
0 0 7 28 0.8998367786407471
1 0 7 28 0.8366131782531738
2 0 7 28 0.8027989268302917
3 0 7 28 0.9329515099525452
0 32 7 28 0.903298556804657
1 32 7 28 0.8423680663108826
2 32 7 28 0.8553081154823303
3 32 7 28 1.0411862134933472
0 0 7 32 0.8854452967643738
1 0 7 32 0.7879898548126221
2 0 7 32 0.7636008262634277
3 0 7 32 0.9084054231643677
0 28 7 32 0.9115985035896301
1 28 7 32 0.8620583415031433
2 28 7 32 0.8485372066497803
3 28 7 32 0.9839435815811157
0 26 8 3 0.883729100227356
1 26 8 3 0.8639217019081116
2 26 8 3 0.8531197905540466
3 26 8 3 1.0247212648391724
0 35 8 3 0.9024574756622314
1 35 8 3 0.8493043780326843
2 35 8 3 0.8149000406265259
3 35 8 3 0.9668264389038086
0 3 8 26 0.885599672794342
1 3 8 26 0.838581383228302
2 3 8 26 0.8528397083282471
3 3 8 26 0.9977752566337585
0 35 8 26 0.8702998161315918
1 35 8 26 0.8139917850494385
2 35 8 26 0.8119227290153503
3 35 8 26 0.965404748916626
0 3 8 35 0.9247421622276306
1 3 8 35 0.8620873689651489
2 3 8 35 0.8983168601989746
3 3 8 35 1.0565403699874878
0 26 8 35 0.8877583146095276
1 26 8 35 0.8247194290161133
2 26 8 35 0.8156846761703491
3 26 8 35 0.9903920292854309
0 25 9 2 0.9306395649909973
1 25 9 2 0.8578673005104065
2 25 9 2 0.8903206586837769
3 25 9 2 1.0184041261672974
0 34 9 2 0.8817358613014221
1 34 9 2 0.8685597777366638
2 34 9 2 0.8830292224884033
3 34 9 2 1.0766669511795044
0 2 9 25 0.9024699330329895
1 2 9 25 0.8392676115036011
2 2 9 25 0.8532425165176392
3 2 9 25 0.9977108836174011
0 34 9 25 0.9398391246795654
1 34 9 25 0.9009097814559937
2 34 9 25 0.8823035359382629
3 34 9 25 1.0377562046051025
0 2 9 34 0.8990049362182617
1 2 9 34 0.9171623587608337
2 2 9 34 0.9237166047096252
3 2 9 34 1.08735191822052
0 25 9 34 0.9050401449203491
1 25 9 34 0.886261522769928
2 25 9 34 0.8949314951896667
3 25 9 34 1.046553134918213
0 30 10 10 0.8998082876205444
1 30 10 10 0.8080236315727234
2 30 10 10 0.7954990267753601
3 30 10 10 0.943792462348938
0 42 10 10 0.9103817939758301
1 42 10 10 0.8480542302131653
2 42 10 10 0.8588597774505615
3 42 10 10 0.9681102633476257
0 10 10 30 0.8729604482650757
1 10 10 30 0.8663869500160217
2 10 10 30 0.8669992089271545
3 10 10 30 0.9858189821243286
0 42 10 30 0.9040501117706299
1 42 10 30 0.806132972240448
2 42 10 30 0.8199926614761353
3 42 10 30 0.9249750375747681
0 10 10 42 0.9028666019439697
1 10 10 42 0.8510603904724121
2 10 10 42 0.8508238792419434
3 10 10 42 0.9918875098228455
0 30 10 42 0.8746939301490784
1 30 10 42 0.8147885799407959
2 30 10 42 0.8255477547645569
3 30 10 42 0.9503220915794373
0 20 11 6 0.9063059687614441
1 20 11 6 0.8859830498695374
2 20 11 6 0.8663312196731567
3 20 11 6 1.047142744064331
0 43 11 6 0.8761537671089172
1 43 11 6 0.8564239144325256
2 43 11 6 0.8444303870201111
3 43 11 6 1.0142196416854858
0 6 11 20 0.9307643175125122
1 6 11 20 0.8827222585678101
2 6 11 20 0.9056895971298218
3 6 11 20 1.049729347229004
0 43 11 20 0.9056788086891174
1 43 11 20 0.8524200320243835
2 43 11 20 0.8522205948829651
3 43 11 20 1.0197964906692505
0 6 11 43 0.9249898195266724
1 6 11 43 0.8918373584747314
2 6 11 43 0.9128751754760742
3 6 11 43 1.0687551498413086
0 20 11 43 0.882017970085144
1 20 11 43 0.805597186088562
2 20 11 43 0.8242605924606323
3 20 11 43 0.9834641218185425
0 19 12 7 0.856650173664093
1 19 12 7 0.8059332370758057
2 19 12 7 0.8075059652328491
3 19 12 7 0.943175733089447
0 47 12 7 0.888640820980072
1 47 12 7 0.8666667938232422
2 47 12 7 0.8297334909439087
3 47 12 7 1.0045340061187744
0 7 12 19 0.8744218945503235
1 7 12 19 0.820824921131134
2 7 12 19 0.8012295961380005
3 7 12 19 0.9899142384529114
0 47 12 19 0.9036420583724976
1 47 12 19 0.8334288597106934
2 47 12 19 0.80859375
3 47 12 19 0.9779688119888306
0 7 12 47 0.8846869468688965
1 7 12 47 0.8173065781593323
2 7 12 47 0.8022522330284119
3 7 12 47 0.9702033400535583
0 19 12 47 0.8936084508895874
1 19 12 47 0.8227226734161377
2 19 12 47 0.8233098983764648
3 19 12 47 0.9621418118476868
0 22 13 13 0.8735214471817017
1 22 13 13 0.8834923505783081
2 22 13 13 0.8568500280380249
3 22 13 13 1.0421879291534424
0 45 13 13 0.9081040024757385
1 45 13 13 0.8540757298469543
2 45 13 13 0.8348395228385925
3 45 13 13 0.9947507381439209
0 13 13 22 0.87889164686203
1 13 13 22 0.8387727737426758
2 13 13 22 0.8544766902923584
3 13 13 22 1.0288605690002441
0 45 13 22 0.9022346138954163
1 45 13 22 0.8261069655418396
2 45 13 22 0.8278964161872864
3 45 13 22 0.9644967913627625
0 13 13 45 0.936104416847229
1 13 13 45 0.8785398602485657
2 13 13 45 0.8860421180725098
3 13 13 45 1.0914323329925537
0 22 13 45 0.8851349949836731
1 22 13 45 0.8440458178520203
2 22 13 45 0.8279643654823303
3 22 13 45 0.9746273159980774
0 27 14 5 0.8672091960906982
1 27 14 5 0.799407422542572
2 27 14 5 0.7721279859542847
3 27 14 5 0.9250275492668152
0 36 14 5 0.9095949530601501
1 36 14 5 0.8601875901222229
2 36 14 5 0.8488603830337524
3 36 14 5 1.0256035327911377
0 5 14 27 0.8977828025817871
1 5 14 27 0.8520738482475281
2 5 14 27 0.8518153429031372
3 5 14 27 1.0201106071472168
0 36 14 27 0.8562063574790955
1 36 14 27 0.8161267042160034
2 36 14 27 0.7881772518157959
3 36 14 27 0.9591180086135864
0 5 14 36 0.872197687625885
1 5 14 36 0.8166760802268982
2 5 14 36 0.8208816647529602
3 5 14 36 1.0004708766937256
0 27 14 36 0.8485114574432373
1 27 14 36 0.746823251247406
2 27 14 36 0.7225679755210876
3 27 14 36 0.8381080627441406
0 24 15 12 0.9300446510314941
1 24 15 12 0.8650599122047424
2 24 15 12 0.9022496342658997
3 24 15 12 1.094880223274231
0 40 15 12 0.8556166887283325
1 40 15 12 0.8180757761001587
2 40 15 12 0.808648407459259
3 40 15 12 0.9756994843482971
0 12 15 24 0.8784710168838501
1 12 15 24 0.8221209049224854
2 12 15 24 0.8482847213745117
3 12 15 24 0.9830619692802429
0 40 15 24 0.9154559969902039
1 40 15 24 0.8635332584381104
2 40 15 24 0.8561238646507263
3 40 15 24 1.0011101961135864
0 12 15 40 0.8567488193511963
1 12 15 40 0.7897886037826538
2 12 15 40 0.7737210392951965
3 12 15 40 0.9602306485176086
0 24 15 40 0.9056249856948853
1 24 15 40 0.8600646257400513
2 24 15 40 0.8311135172843933
3 24 15 40 1.0373343229293823
0 31 16 13 0.8976981043815613
1 31 16 13 0.8537895679473877
2 31 16 13 0.9031720161437988
3 31 16 13 1.0687536001205444
0 42 16 13 0.8921068906784058
1 42 16 13 0.8087469339370728
2 42 16 13 0.7474066019058228
3 42 16 13 0.8932735919952393
0 13 16 31 0.8547911643981934
1 13 16 31 0.8863651156425476
2 13 16 31 0.8874869346618652
3 13 16 31 1.066271185874939
0 42 16 31 0.8569725751876831
1 42 16 31 0.8275704383850098
2 42 16 31 0.8051350712776184
3 42 16 31 0.9361512064933777
0 13 16 42 0.9101226925849915
1 13 16 42 0.8653688430786133
2 13 16 42 0.8590797185897827
3 13 16 42 1.026673674583435
0 31 16 42 0.9198348522186279
1 31 16 42 0.9247576594352722
2 31 16 42 0.9212729930877686
3 31 16 42 1.0769122838974
0 22 17 4 0.8540015816688538
1 22 17 4 0.7998784780502319
2 22 17 4 0.7727177143096924
3 22 17 4 0.9170425534248352
0 36 17 4 0.86090487241745
1 36 17 4 0.7861295938491821
2 36 17 4 0.743675947189331
3 36 17 4 0.8441165089607239
0 4 17 22 0.8377195000648499
1 4 17 22 0.7475504875183105
2 4 17 22 0.6916188597679138
3 4 17 22 0.8147639036178589
0 36 17 22 0.8308940529823303
1 36 17 22 0.7413996458053589
2 36 17 22 0.7334355711936951
3 36 17 22 0.8486146926879883
0 4 17 36 0.8497797250747681
1 4 17 36 0.758531928062439
2 4 17 36 0.7133936882019043
3 4 17 36 0.8084067702293396
0 22 17 36 0.8655065894126892
1 22 17 36 0.8477329611778259
2 22 17 36 0.821016788482666
3 22 17 36 0.9366876482963562
0 30 18 1 0.8778514862060547
1 30 18 1 0.8454663753509521
2 30 18 1 0.8508101105690002
3 30 18 1 1.0177664756774902
0 35 18 1 0.8497881293296814
1 35 18 1 0.8384100198745728
2 35 18 1 0.8277021646499634
3 35 18 1 0.9595369100570679
0 1 18 30 0.8846446871757507
1 1 18 30 0.8512365221977234
2 1 18 30 0.827098548412323
3 1 18 30 1.0151830911636353
0 35 18 30 0.9023281931877136
1 35 18 30 0.8395694494247437
2 35 18 30 0.8037209510803223
3 35 18 30 0.9083998203277588
0 1 18 35 0.9005736112594604
1 1 18 35 0.8522782921791077
2 1 18 35 0.8686034679412842
3 1 18 35 1.008087396621704
0 30 18 35 0.9221696853637695
1 30 18 35 0.8414663672447205
2 30 18 35 0.8718528151512146
3 30 18 35 1.0199565887451172
0 27 19 0 0.8996810913085938
1 27 19 0 0.870880663394928
2 27 19 0 0.8807621598243713
3 27 19 0 1.008352518081665
0 33 19 0 0.8822241425514221
1 33 19 0 0.8134880661964417
2 33 19 0 0.8255563974380493
3 33 19 0 0.966763973236084
0 0 19 27 0.8981612920761108
1 0 19 27 0.8562856912612915
2 0 19 27 0.8732095956802368
3 0 19 27 1.0363585948944092
0 33 19 27 0.9335361123085022
1 33 19 27 0.8541408181190491
2 33 19 27 0.8231523633003235
3 33 19 27 0.9615752100944519
0 0 19 33 0.874305248260498
1 0 19 33 0.8511633276939392
2 0 19 33 0.8589155673980713
3 0 19 33 1.0545722246170044
0 27 19 33 0.9041762351989746
1 27 19 33 0.868852972984314
2 27 19 33 0.863980233669281
3 27 19 33 1.0150549411773682
0 24 20 6 0.923288881778717
1 24 20 6 0.8611887097358704
2 24 20 6 0.8356770873069763
3 24 20 6 0.9855122566223145
0 46 20 6 0.880048394203186
1 46 20 6 0.8127419948577881
2 46 20 6 0.7848724126815796
3 46 20 6 0.945296049118042
0 6 20 24 0.9145320057868958
1 6 20 24 0.8434320092201233
2 6 20 24 0.8413839340209961
3 6 20 24 1.007204532623291
0 46 20 24 0.8691074848175049
1 46 20 24 0.8111361861228943
2 46 20 24 0.7582697868347168
3 46 20 24 0.9099401235580444
0 6 20 46 0.8788487911224365
1 6 20 46 0.831926703453064
2 6 20 46 0.8698445558547974
3 6 20 46 1.0439410209655762
0 24 20 46 0.8896629810333252
1 24 20 46 0.8815691471099854
2 24 20 46 0.8771519064903259
3 24 20 46 0.98187255859375
0 20 21 9 0.8817768096923828
1 20 21 9 0.8266646862030029
2 20 21 9 0.8040022253990173
3 20 21 9 0.9593099355697632
0 32 21 9 0.9068474173545837
1 32 21 9 0.8413400650024414
2 32 21 9 0.8456879258155823
3 32 21 9 1.0455642938613892
0 9 21 20 0.8932696580886841
1 9 21 20 0.8781472444534302
2 9 21 20 0.8558084964752197
3 9 21 20 1.0670323371887207
0 32 21 20 0.863501250743866
1 32 21 20 0.8442404866218567
2 32 21 20 0.8518519997596741
3 32 21 20 1.0567553043365479
0 9 21 32 0.888119101524353
1 9 21 32 0.844592809677124
2 9 21 32 0.8587731122970581
3 9 21 32 1.0294824838638306
0 20 21 32 0.9019091129302979
1 20 21 32 0.8194636702537537
2 20 21 32 0.7753724455833435
3 20 21 32 0.9463300704956055
0 29 22 14 0.8923014998435974
1 29 22 14 0.8256470561027527
2 29 22 14 0.8127434253692627
3 29 22 14 0.971447765827179
0 34 22 14 0.8931297659873962
1 34 22 14 0.8585269451141357
2 34 22 14 0.8277730345726013
3 34 22 14 0.9638553857803345
0 14 22 29 0.8850278854370117
1 14 22 29 0.8694533109664917
2 14 22 29 0.8285872936248779
3 14 22 29 0.94490647315979
0 34 22 29 0.8873965740203857
1 34 22 29 0.8161340355873108
2 34 22 29 0.806287407875061
3 34 22 29 0.9575329422950745
0 14 22 34 0.8865503072738647
1 14 22 34 0.8829001784324646
2 14 22 34 0.8748339414596558
3 14 22 34 1.0026288032531738
0 29 22 34 0.849216878414154
1 29 22 34 0.8142586946487427
2 29 22 34 0.8428804874420166
3 29 22 34 0.980982780456543
0 25 23 15 0.8679866790771484
1 25 23 15 0.8434014320373535
2 25 23 15 0.8219074010848999
3 25 23 15 0.9935489892959595
0 47 23 15 0.8824964761734009
1 47 23 15 0.8370276093482971
2 47 23 15 0.8496498465538025
3 47 23 15 1.000163197517395
0 15 23 25 0.8598512411117554
1 15 23 25 0.8040984869003296
2 15 23 25 0.806617259979248
3 15 23 25 0.9904519319534302
0 47 23 25 0.8721563220024109
1 47 23 25 0.8360198736190796
2 47 23 25 0.8150712847709656
3 47 23 25 0.9680066704750061
0 15 23 47 0.8591330051422119
1 15 23 47 0.8256244659423828
2 15 23 47 0.8071626424789429
3 15 23 47 1.0122203826904297
0 25 23 47 0.8726797699928284
1 25 23 47 0.8063710331916809
2 25 23 47 0.8323938846588135
3 25 23 47 0.9842301607131958
0 21 24 2 0.8758494257926941
1 21 24 2 0.8403234481811523
2 21 24 2 0.8523547053337097
3 21 24 2 1.0207244157791138
0 45 24 2 0.9030575156211853
1 45 24 2 0.8579457998275757
2 45 24 2 0.8385220170021057
3 45 24 2 0.9733979105949402
0 2 24 21 0.8485597372055054
1 2 24 21 0.8261665105819702
2 2 24 21 0.7985789775848389
3 2 24 21 0.9172185659408569
0 45 24 21 0.8811858296394348
1 45 24 21 0.8441139459609985
2 45 24 21 0.875796377658844
3 45 24 21 0.9731320738792419
0 2 24 45 0.852929949760437
1 2 24 45 0.7950984239578247
2 2 24 45 0.772613525390625
3 2 24 45 0.913282036781311
0 21 24 45 0.8741203546524048
1 21 24 45 0.8287233710289001
2 21 24 45 0.7884384393692017
3 21 24 45 0.9061738848686218
0 19 25 11 0.8850138187408447
1 19 25 11 0.8013914227485657
2 19 25 11 0.7430858612060547
3 19 25 11 0.8827570676803589
0 40 25 11 0.8557084202766418
1 40 25 11 0.8286312222480774
2 40 25 11 0.800023078918457
3 40 25 11 0.9441022872924805
0 11 25 19 0.865742027759552
1 11 25 19 0.7904555797576904
2 11 25 19 0.7762218117713928
3 11 25 19 0.9727955460548401
0 40 25 19 0.9229433536529541
1 40 25 19 0.8381800055503845
2 40 25 19 0.7872728705406189
3 40 25 19 0.9275487065315247
0 11 25 40 0.8595128059387207
1 11 25 40 0.811421275138855
2 11 25 40 0.7804946899414062
3 11 25 40 0.9619502425193787
0 19 25 40 0.8381039500236511
1 19 25 40 0.7576944231987
2 19 25 40 0.7077555060386658
3 19 25 40 0.8495078682899475
0 17 26 7 0.8500156998634338
1 17 26 7 0.764499306678772
2 17 26 7 0.763077437877655
3 17 26 7 0.9540614485740662
0 37 26 7 0.8443377017974854
1 37 26 7 0.8092424273490906
2 37 26 7 0.8033705353736877
3 37 26 7 0.9759684801101685
0 7 26 17 0.8853034973144531
1 7 26 17 0.883773684501648
2 7 26 17 0.8566340208053589
3 7 26 17 1.0771753787994385
0 37 26 17 0.8834016919136047
1 37 26 17 0.8141661286354065
2 37 26 17 0.7724683284759521
3 37 26 17 0.9143579602241516
0 7 26 37 0.913860559463501
1 7 26 37 0.9274114966392517
2 7 26 37 0.8821845650672913
3 7 26 37 1.1019006967544556
0 17 26 37 0.8864354491233826
1 17 26 37 0.8290253281593323
2 17 26 37 0.80800861120224
3 17 26 37 0.9588483572006226
0 18 27 3 0.9055588245391846
1 18 27 3 0.869987964630127
2 18 27 3 0.9219416379928589
3 18 27 3 1.0872628688812256
0 44 27 3 0.8900337815284729
1 44 27 3 0.806735098361969
2 44 27 3 0.837211012840271
3 44 27 3 1.015442967414856
0 3 27 18 0.883825957775116
1 3 27 18 0.8492590188980103
2 3 27 18 0.8463776707649231
3 3 27 18 1.0239969491958618
0 44 27 18 0.8953065872192383
1 44 27 18 0.8365843892097473
2 44 27 18 0.831864595413208
3 44 27 18 1.0172617435455322
0 3 27 44 0.9033525586128235
1 3 27 44 0.833798885345459
2 3 27 44 0.851570725440979
3 3 27 44 1.0107280015945435
0 18 27 44 0.9242070317268372
1 18 27 44 0.9034175872802734
2 18 27 44 0.9179483652114868
3 18 27 44 1.0899676084518433
0 23 28 5 0.9102177619934082
1 23 28 5 0.9055596590042114
2 23 28 5 0.9071572422981262
3 23 28 5 1.0809009075164795
0 39 28 5 0.8756462931632996
1 39 28 5 0.866135835647583
2 39 28 5 0.8439013361930847
3 39 28 5 0.984889566898346
0 5 28 23 0.889029324054718
1 5 28 23 0.8743748664855957
2 5 28 23 0.8731855154037476
3 5 28 23 1.0239378213882446
0 39 28 23 0.9059581160545349
1 39 28 23 0.8498631119728088
2 39 28 23 0.8603267669677734
3 39 28 23 0.9952287077903748
0 5 28 39 0.8807828426361084
1 5 28 39 0.8464256525039673
2 5 28 39 0.8511554002761841
3 5 28 39 1.0150387287139893
0 23 28 39 0.8788867592811584
1 23 28 39 0.8674070239067078
2 23 28 39 0.8548347353935242
3 23 28 39 1.0515168905258179
0 26 29 8 0.8609883189201355
1 26 29 8 0.7723501324653625
2 26 29 8 0.7299625277519226
3 26 29 8 0.8356127738952637
0 38 29 8 0.8570095896720886
1 38 29 8 0.7953521013259888
2 38 29 8 0.7554038763046265
3 38 29 8 0.8563559651374817
0 8 29 26 0.8285859227180481
1 8 29 26 0.7256361246109009
2 8 29 26 0.716459333896637
3 8 29 26 0.848721444606781
0 38 29 26 0.8403186202049255
1 38 29 26 0.7531035542488098
2 38 29 26 0.7356927394866943
3 38 29 26 0.8761776685714722
0 8 29 38 0.865708589553833
1 8 29 38 0.7535885572433472
2 8 29 38 0.7159402370452881
3 8 29 38 0.781352698802948
0 26 29 38 0.8893373608589172
1 26 29 38 0.7952886819839478
2 26 29 38 0.7345494627952576
3 26 29 38 0.855375349521637
0 16 30 12 0.9049029350280762
1 16 30 12 0.8505373597145081
2 16 30 12 0.803930938243866
3 16 30 12 0.9866583943367004
0 41 30 12 0.9002702236175537
1 41 30 12 0.8490181565284729
2 41 30 12 0.8027361035346985
3 41 30 12 0.914979100227356
0 12 30 16 0.8767362236976624
1 12 30 16 0.80784672498703
2 12 30 16 0.81470787525177
3 12 30 16 0.9462249279022217
0 41 30 16 0.897919774055481
1 41 30 16 0.8289787769317627
2 41 30 16 0.7808546423912048
3 41 30 16 0.9504076242446899
0 12 30 41 0.9262757301330566
1 12 30 41 0.8721745610237122
2 12 30 41 0.8532498478889465
3 12 30 41 0.9675449728965759
0 16 30 41 0.8960825204849243
1 16 30 41 0.8341681361198425
2 16 30 41 0.8283349871635437
3 16 30 41 0.9621281623840332
0 28 31 10 0.9119595885276794
1 28 31 10 0.8672235608100891
2 28 31 10 0.8463504314422607
3 28 31 10 1.0289119482040405
0 43 31 10 0.8993008732795715
1 43 31 10 0.8187618851661682
2 43 31 10 0.8326554298400879
3 43 31 10 0.9926842451095581
0 10 31 28 0.9199562072753906
1 10 31 28 0.8318419456481934
2 10 31 28 0.7794368267059326
3 10 31 28 0.8722214698791504
0 43 31 28 0.9187749028205872
1 43 31 28 0.8782219886779785
2 43 31 28 0.8849958777427673
3 43 31 28 1.1004676818847656
0 10 31 43 0.8518160581588745
1 10 31 43 0.7993600368499756
2 10 31 43 0.7755801677703857
3 10 31 43 0.8920824527740479
0 28 31 43 0.9001884460449219
1 28 31 43 0.8613868951797485
2 28 31 43 0.9012064933776855
3 28 31 43 1.089099407196045
0 23 32 7 0.8714508414268494
1 23 32 7 0.8206132054328918
2 23 32 7 0.799471378326416
3 23 32 7 0.9539138078689575
0 33 32 7 0.8335483074188232
1 33 32 7 0.8299989104270935
2 33 32 7 0.7921991944313049
3 33 32 7 0.9521241784095764
0 7 32 23 0.8500187397003174
1 7 32 23 0.785270631313324
2 7 32 23 0.7722693681716919
3 7 32 23 0.878964364528656
0 33 32 23 0.8812142610549927
1 33 32 23 0.8137934803962708
2 33 32 23 0.8291665315628052
3 33 32 23 1.0056912899017334
0 7 32 33 0.8581457138061523
1 7 32 33 0.814034104347229
2 7 32 33 0.769547700881958
3 7 32 33 0.8912598490715027
0 23 32 33 0.8868921399116516
1 23 32 33 0.7931471467018127
2 23 32 33 0.7750658988952637
3 23 32 33 0.9149961471557617
0 24 33 5 0.8956157565116882
1 24 33 5 0.8368156552314758
2 24 33 5 0.8368468880653381
3 24 33 5 0.9685599207878113
0 35 33 5 0.9215450882911682
1 35 33 5 0.851577877998352
2 35 33 5 0.8711572289466858
3 35 33 5 1.0398592948913574
0 5 33 24 0.8558464646339417
1 5 33 24 0.8004357814788818
2 5 33 24 0.7675178050994873
3 5 33 24 0.9002060890197754
0 35 33 24 0.9132054448127747
1 35 33 24 0.8601979613304138
2 35 33 24 0.8988763093948364
3 35 33 24 1.0688412189483643
0 5 33 35 0.9181093573570251
1 5 33 35 0.8700733780860901
2 5 33 35 0.8545035123825073
3 5 33 35 0.9404160380363464
0 24 33 35 0.9335508346557617
1 24 33 35 0.8577737212181091
2 24 33 35 0.8566821813583374
3 24 33 35 0.9790669083595276
0 18 34 8 0.8712990283966064
1 18 34 8 0.8534781336784363
2 18 34 8 0.8203639388084412
3 18 34 8 0.9938380718231201
0 42 34 8 0.8721787333488464
1 42 34 8 0.851190984249115
2 42 34 8 0.847549319267273
3 42 34 8 1.0180048942565918
0 8 34 18 0.8412612676620483
1 8 34 18 0.8451093435287476
2 8 34 18 0.8469628691673279
3 8 34 18 1.024832010269165
0 42 34 18 0.8662497997283936
1 42 34 18 0.8420383334159851
2 42 34 18 0.8595491647720337
3 42 34 18 1.0452284812927246
0 8 34 42 0.8790947198867798
1 8 34 42 0.8476932048797607
2 8 34 42 0.8415316343307495
3 8 34 42 1.0255327224731445
0 18 34 42 0.9114962816238403
1 18 34 42 0.8470913767814636
2 18 34 42 0.8507307171821594
3 18 34 42 1.0329080820083618
0 19 35 0 0.912858784198761
1 19 35 0 0.8478005528450012
2 19 35 0 0.835519552230835
3 19 35 0 1.014139175415039
0 45 35 0 0.8812094926834106
1 45 35 0 0.7999201416969299
2 45 35 0 0.8192412257194519
3 45 35 0 0.9776853322982788
0 0 35 19 0.8704054355621338
1 0 35 19 0.8227741718292236
2 0 35 19 0.8119577765464783
3 0 35 19 0.9650444984436035
0 45 35 19 0.9036573767662048
1 45 35 19 0.8448314666748047
2 45 35 19 0.7914541959762573
3 45 35 19 0.9813096523284912
0 0 35 45 0.8779026865959167
1 0 35 45 0.7643747925758362
2 0 35 45 0.7540578246116638
3 0 35 45 0.9155663251876831
0 19 35 45 0.8900592923164368
1 19 35 45 0.8390659689903259
2 19 35 45 0.8552541136741638
3 19 35 45 0.9969508051872253
0 26 36 13 0.9144014716148376
1 26 36 13 0.8399477601051331
2 26 36 13 0.7902397513389587
3 26 36 13 0.930811882019043
0 41 36 13 0.8991813659667969
1 41 36 13 0.8389179110527039
2 41 36 13 0.7965693473815918
3 41 36 13 0.9096319079399109
0 13 36 26 0.9071733951568604
1 13 36 26 0.8166565299034119
2 13 36 26 0.7651567459106445
3 13 36 26 0.8928182125091553
0 41 36 26 0.8581433892250061
1 41 36 26 0.8052268624305725
2 41 36 26 0.7954705953598022
3 41 36 26 0.9381917119026184
0 13 36 41 0.9105956554412842
1 13 36 41 0.8519784808158875
2 13 36 41 0.784713089466095
3 13 36 41 0.9359885454177856
0 26 36 41 0.8777796030044556
1 26 36 41 0.8343217372894287
2 26 36 41 0.812963604927063
3 26 36 41 0.9649436473846436
0 21 37 6 0.8580926656723022
1 21 37 6 0.8219559788703918
2 21 37 6 0.7753776907920837
3 21 37 6 0.9307848215103149
0 38 37 6 0.8709883093833923
1 38 37 6 0.8115969896316528
2 38 37 6 0.7738632559776306
3 38 37 6 0.9112345576286316
0 6 37 21 0.8355332612991333
1 6 37 21 0.7894079685211182
2 6 37 21 0.7606411576271057
3 6 37 21 0.9298798441886902
0 38 37 21 0.8891419768333435
1 38 37 21 0.839336633682251
2 38 37 21 0.8079752922058105
3 38 37 21 0.9173604249954224
0 6 37 38 0.864745557308197
1 6 37 38 0.8104732632637024
2 6 37 38 0.737571656703949
3 6 37 38 0.8743431568145752
0 21 37 38 0.8769689798355103
1 21 37 38 0.8219934105873108
2 21 37 38 0.8040443658828735
3 21 37 38 0.9358418583869934
0 17 38 12 0.8956518173217773
1 17 38 12 0.8420101404190063
2 17 38 12 0.8366562724113464
3 17 38 12 0.9541276097297668
0 34 38 12 0.9281987547874451
1 34 38 12 0.8963935375213623
2 34 38 12 0.8695669174194336
3 34 38 12 1.0512481927871704
0 12 38 17 0.8677685260772705
1 12 38 17 0.8157363533973694
2 12 38 17 0.7947974801063538
3 12 38 17 0.9816961884498596
0 34 38 17 0.914315402507782
1 34 38 17 0.8800082802772522
2 34 38 17 0.9049797654151917
3 34 38 17 1.057172179222107
0 12 38 34 0.8820706009864807
1 12 38 34 0.8899787068367004
2 12 38 34 0.9113343358039856
3 12 38 34 1.0517184734344482
0 17 38 34 0.8992108106613159
1 17 38 34 0.8761228322982788
2 17 38 34 0.886579692363739
3 17 38 34 0.9966883063316345
0 25 39 3 0.914935290813446
1 25 39 3 0.921657919883728
2 25 39 3 0.9580963850021362
3 25 39 3 1.1286755800247192
0 39 39 3 0.8866528868675232
1 39 39 3 0.8916661143302917
2 39 39 3 0.894018292427063
3 39 39 3 1.047545313835144
0 3 39 25 0.8696051239967346
1 3 39 25 0.830119252204895
2 3 39 25 0.8267800807952881
3 3 39 25 0.9499103426933289
0 39 39 25 0.9111784100532532
1 39 39 25 0.8804591298103333
2 39 39 25 0.9041441082954407
3 39 39 25 1.0723111629486084
0 3 39 39 0.8794301152229309
1 3 39 39 0.8489497303962708
2 3 39 39 0.8278735876083374
3 3 39 39 0.9389402866363525
0 25 39 39 0.9438841938972473
1 25 39 39 0.8978011608123779
2 25 39 39 0.9166128635406494
3 25 39 39 1.1216530799865723
0 28 40 15 0.8951377272605896
1 28 40 15 0.8715216517448425
2 28 40 15 0.8383911848068237
3 28 40 15 0.9822468161582947
0 37 40 15 0.9243690371513367
1 37 40 15 0.9054386019706726
2 37 40 15 0.9009497761726379
3 37 40 15 1.096146583557129
0 15 40 28 0.8883978724479675
1 15 40 28 0.853100061416626
2 15 40 28 0.8538140654563904
3 15 40 28 0.9848110675811768
0 37 40 28 0.9170483350753784
1 37 40 28 0.9048357009887695
2 37 40 28 0.9182155132293701
3 37 40 28 1.1025968790054321
0 15 40 37 0.8359774947166443
1 15 40 37 0.8089786171913147
2 15 40 37 0.8108819127082825
3 15 40 37 0.9938797950744629
0 28 40 37 0.8713339567184448
1 28 40 37 0.8778630495071411
2 28 40 37 0.8684435486793518
3 28 40 37 0.9931082129478455
0 20 41 14 0.8867372870445251
1 20 41 14 0.8712356686592102
2 20 41 14 0.9157611131668091
3 20 41 14 1.0925636291503906
0 47 41 14 0.8780843615531921
1 47 41 14 0.8486537933349609
2 47 41 14 0.847115695476532
3 47 41 14 0.9890584349632263
0 14 41 20 0.9155625104904175
1 14 41 20 0.8737577795982361
2 14 41 20 0.9084928035736084
3 14 41 20 1.0999107360839844
0 47 41 20 0.856148362159729
1 47 41 20 0.7920554280281067
2 47 41 20 0.8047882318496704
3 47 41 20 0.9637912511825562
0 14 41 47 0.8843400478363037
1 14 41 47 0.8694946765899658
2 14 41 47 0.8729497194290161
3 14 41 47 1.0499063730239868
0 20 41 47 0.8827610015869141
1 20 41 47 0.8688986301422119
2 20 41 47 0.8935198187828064
3 20 41 47 1.0675745010375977
0 22 42 10 0.8504752516746521
1 22 42 10 0.8162331581115723
2 22 42 10 0.7615414261817932
3 22 42 10 0.854649543762207
0 44 42 10 0.8944602012634277
1 44 42 10 0.8618882298469543
2 44 42 10 0.8881465196609497
3 44 42 10 1.0256316661834717
0 10 42 22 0.8795783519744873
1 10 42 22 0.8592290878295898
2 10 42 22 0.840147852897644
3 10 42 22 0.9589018821716309
0 44 42 22 0.8924208283424377
1 44 42 22 0.8543630838394165
2 44 42 22 0.8816729187965393
3 44 42 22 1.0899198055267334
0 10 42 44 0.8932702541351318
1 10 42 44 0.8426674604415894
2 10 42 44 0.8307558298110962
3 10 42 44 0.9707201719284058
0 22 42 44 0.8838046789169312
1 22 42 44 0.8001521229743958
2 22 42 44 0.7684796452522278
3 22 42 44 0.8878637552261353
0 16 43 2 0.869071364402771
1 16 43 2 0.7960513234138489
2 16 43 2 0.7625288367271423
3 16 43 2 0.9231504797935486
0 46 43 2 0.8931403160095215
1 46 43 2 0.8386670351028442
2 46 43 2 0.8209341168403625
3 46 43 2 1.0038599967956543
0 2 43 16 0.8377507925033569
1 2 43 16 0.7224637269973755
2 2 43 16 0.6538227200508118
3 2 43 16 0.7748158574104309
0 46 43 16 0.8732506036758423
1 46 43 16 0.8426064848899841
2 46 43 16 0.8447809815406799
3 46 43 16 1.0006464719772339
0 2 43 46 0.8457030653953552
1 2 43 46 0.7981914281845093
2 2 43 46 0.7306578159332275
3 2 43 46 0.8278424143791199
0 16 43 46 0.8857540488243103
1 16 43 46 0.825710117816925
2 16 43 46 0.776456892490387
3 16 43 46 0.9030560851097107
0 27 44 4 0.8598239421844482
1 27 44 4 0.8258516788482666
2 27 44 4 0.8352800011634827
3 27 44 4 0.9652988314628601
0 43 44 4 0.8457087874412537
1 43 44 4 0.8531510233879089
2 43 44 4 0.8422243595123291
3 43 44 4 1.0248504877090454
0 4 44 27 0.8715137243270874
1 4 44 27 0.8063398599624634
2 4 44 27 0.8305251598358154
3 4 44 27 0.9259541630744934
0 43 44 27 0.891538679599762
1 43 44 27 0.84759920835495
2 43 44 27 0.8550816178321838
3 43 44 27 1.0057251453399658
0 4 44 43 0.8286298513412476
1 4 44 43 0.7371997833251953
2 4 44 43 0.7522360682487488
3 4 44 43 0.9146729707717896
0 27 44 43 0.8530858755111694
1 27 44 43 0.8138283491134644
2 27 44 43 0.8251654505729675
3 27 44 43 1.0416195392608643
0 31 45 11 0.8903700113296509
1 31 45 11 0.8149235248565674
2 31 45 11 0.7843097448348999
3 31 45 11 0.8742942810058594
0 32 45 11 0.8820105195045471
1 32 45 11 0.8329518437385559
2 32 45 11 0.8561599850654602
3 32 45 11 0.985997200012207
0 11 45 31 0.8693197965621948
1 11 45 31 0.8246586322784424
2 11 45 31 0.8106628060340881
3 11 45 31 0.9465392827987671
0 32 45 31 0.9170772433280945
1 32 45 31 0.8918322324752808
2 32 45 31 0.8827614188194275
3 32 45 31 1.0215191841125488
0 11 45 32 0.8176944851875305
1 11 45 32 0.7844831943511963
2 11 45 32 0.7562483549118042
3 11 45 32 0.9281442165374756
0 31 45 32 0.8538248538970947
1 31 45 32 0.7837504148483276
2 31 45 32 0.760794460773468
3 31 45 32 0.9224246740341187
0 29 46 1 0.8677456378936768
1 29 46 1 0.8091762661933899
2 29 46 1 0.7793327569961548
3 29 46 1 0.8981707096099854
0 40 46 1 0.8810044527053833
1 40 46 1 0.8327456116676331
2 40 46 1 0.8088093400001526
3 40 46 1 0.9505963921546936
0 1 46 29 0.8949116468429565
1 1 46 29 0.8270001411437988
2 1 46 29 0.7938079237937927
3 1 46 29 0.9283820986747742
0 40 46 29 0.8762025833129883
1 40 46 29 0.806006908416748
2 40 46 29 0.7846398949623108
3 40 46 29 0.9281709790229797
0 1 46 40 0.8834125995635986
1 1 46 40 0.8227836489677429
2 1 46 40 0.782857358455658
3 1 46 40 0.9081445336341858
0 29 46 40 0.8593854904174805
1 29 46 40 0.7684717774391174
2 29 46 40 0.710438072681427
3 29 46 40 0.8539445400238037
0 30 47 9 0.8950186967849731
1 30 47 9 0.8475414514541626
2 30 47 9 0.8700242042541504
3 30 47 9 1.0092804431915283
0 36 47 9 0.8366212248802185
1 36 47 9 0.8429577350616455
2 36 47 9 0.8413469791412354
3 36 47 9 1.0205274820327759
0 9 47 30 0.8878868818283081
1 9 47 30 0.8494929075241089
2 9 47 30 0.8448014855384827
3 9 47 30 0.9955986142158508
0 36 47 30 0.8539119958877563
1 36 47 30 0.8687896132469177
2 36 47 30 0.8874903917312622
3 36 47 30 1.0319360494613647
0 9 47 36 0.9112917184829712
1 9 47 36 0.8299398422241211
2 9 47 36 0.7722083926200867
3 9 47 36 0.9279508590698242
0 30 47 36 0.8754324316978455
1 30 47 36 0.9068630933761597
2 30 47 36 0.88364177942276
3 30 47 36 1.0705032348632812
0 17 48 9 0.8627526760101318
1 17 48 9 0.8250512480735779
2 17 48 9 0.802327036857605
3 17 48 9 0.9423205256462097
0 35 48 9 0.9090126752853394
1 35 48 9 0.8310147523880005
2 35 48 9 0.8044934868812561
3 35 48 9 0.9195164442062378
0 9 48 17 0.9114608764648438
1 9 48 17 0.8362831473350525
2 9 48 17 0.8841909766197205
3 9 48 17 1.0769479274749756
0 35 48 17 0.8754867911338806
1 35 48 17 0.8439739942550659
2 35 48 17 0.8075773119926453
3 35 48 17 0.9066134095191956
0 9 48 35 0.9075831770896912
1 9 48 35 0.861721932888031
2 9 48 35 0.8878332376480103
3 9 48 35 1.040575385093689
0 17 48 35 0.890911340713501
1 17 48 35 0.8281166553497314
2 17 48 35 0.8059397339820862
3 17 48 35 0.9562053680419922
0 22 49 3 0.8701536655426025
1 22 49 3 0.8005444407463074
2 22 49 3 0.7576461434364319
3 22 49 3 0.8542128801345825
0 43 49 3 0.9219595193862915
1 43 49 3 0.8550587892532349
2 43 49 3 0.8262931704521179
3 43 49 3 0.916512668132782
0 3 49 22 0.8744317293167114
1 3 49 22 0.8362547159194946
2 3 49 22 0.8064954876899719
3 3 49 22 0.960895836353302
0 43 49 22 0.8811478018760681
1 43 49 22 0.8406026363372803
2 43 49 22 0.8201255798339844
3 43 49 22 0.9255682229995728
0 3 49 43 0.9288637042045593
1 3 49 43 0.8188910484313965
2 3 49 43 0.7822335958480835
3 3 49 43 0.9065244793891907
0 22 49 43 0.8667761087417603
1 22 49 43 0.8047983646392822
2 22 49 43 0.7628377676010132
3 22 49 43 0.9258420467376709
0 28 50 8 0.8714616298675537
1 28 50 8 0.865325391292572
2 28 50 8 0.9338579773902893
3 28 50 8 1.082648754119873
0 39 50 8 0.838172972202301
1 39 50 8 0.8012875914573669
2 39 50 8 0.7692825794219971
3 39 50 8 0.9357710480690002
0 8 50 28 0.9320240020751953
1 8 50 28 0.8570284247398376
2 8 50 28 0.8386371731758118
3 8 50 28 1.0108567476272583
0 39 50 28 0.9182502031326294
1 39 50 28 0.8620671629905701
2 39 50 28 0.8041319847106934
3 39 50 28 0.9454803466796875
0 8 50 39 0.8735197186470032
1 8 50 39 0.8286470770835876
2 8 50 39 0.8543096780776978
3 8 50 39 1.0812547206878662
0 28 50 39 0.9038236141204834
1 28 50 39 0.8937418460845947
2 28 50 39 0.8961063623428345
3 28 50 39 1.0506230592727661
0 26 51 1 0.8738442659378052
1 26 51 1 0.8212770223617554
2 26 51 1 0.8105871677398682
3 26 51 1 0.947012722492218
0 37 51 1 0.8705177903175354
1 37 51 1 0.8376965522766113
2 37 51 1 0.8667153716087341
3 37 51 1 1.0380645990371704
0 1 51 26 0.8798668384552002
1 1 51 26 0.8316733241081238
2 1 51 26 0.8369816541671753
3 1 51 26 1.0030766725540161
0 37 51 26 0.9114490151405334
1 37 51 26 0.8251171708106995
2 37 51 26 0.8034465909004211
3 37 51 26 0.9261939525604248
0 1 51 37 0.8975083231925964
1 1 51 37 0.8472165465354919
2 1 51 37 0.8575292229652405
3 1 51 37 1.0107911825180054
0 26 51 37 0.8756081461906433
1 26 51 37 0.8295349478721619
2 26 51 37 0.8354218006134033
3 26 51 37 0.9675653576850891
0 29 52 7 0.8944042325019836
1 29 52 7 0.8084893226623535
2 29 52 7 0.817457377910614
3 29 52 7 0.974790096282959
0 41 52 7 0.8834329843521118
1 41 52 7 0.8076177835464478
2 41 52 7 0.8260188698768616
3 41 52 7 0.9709311723709106
0 7 52 29 0.8235190510749817
1 7 52 29 0.817220151424408
2 7 52 29 0.761838972568512
3 7 52 29 0.9216598868370056
0 41 52 29 0.8923346400260925
1 41 52 29 0.8092864751815796
2 41 52 29 0.7943342328071594
3 41 52 29 0.9106734395027161
0 7 52 41 0.8297854065895081
1 7 52 41 0.800656795501709
2 7 52 41 0.772071361541748
3 7 52 41 0.9188543558120728
0 29 52 41 0.9024331569671631
1 29 52 41 0.7950111031532288
2 29 52 41 0.7920217514038086
3 29 52 41 0.9522472023963928
0 27 53 11 0.8552090525627136
1 27 53 11 0.8054051995277405
2 27 53 11 0.7970859408378601
3 27 53 11 0.972886860370636
0 42 53 11 0.8846505284309387
1 42 53 11 0.8514617085456848
2 42 53 11 0.8371079564094543
3 42 53 11 0.9982815384864807
0 11 53 27 0.856554388999939
1 11 53 27 0.8154252767562866
2 11 53 27 0.7719446420669556
3 11 53 27 0.9268370866775513
0 42 53 27 0.8912774324417114
1 42 53 27 0.8734878897666931
2 42 53 27 0.9146173596382141
3 42 53 27 1.0597434043884277
0 11 53 42 0.8868091106414795
1 11 53 42 0.8386375904083252
2 11 53 42 0.8182085752487183
3 11 53 42 0.9438455700874329
0 27 53 42 0.8701656460762024
1 27 53 42 0.8489730358123779
2 27 53 42 0.8254883289337158
3 27 53 42 0.9820238351821899
0 19 54 10 0.8849902153015137
1 19 54 10 0.7908516526222229
2 19 54 10 0.7897236347198486
3 19 54 10 1.0012973546981812
0 36 54 10 0.8620880246162415
1 36 54 10 0.8179088234901428
2 36 54 10 0.7748569250106812
3 36 54 10 0.9388715624809265
0 10 54 19 0.9142717123031616
1 10 54 19 0.8564822673797607
2 10 54 19 0.8312960863113403
3 10 54 19 0.9707491993904114
0 36 54 19 0.8789774775505066
1 36 54 19 0.869370698928833
2 36 54 19 0.8374743461608887
3 36 54 19 1.0029693841934204
0 10 54 36 0.9107345342636108
1 10 54 36 0.8834229111671448
2 10 54 36 0.8658710718154907
3 10 54 36 1.0159127712249756
0 19 54 36 0.8882307410240173
1 19 54 36 0.808759331703186
2 19 54 36 0.7694023251533508
3 19 54 36 0.961368203163147
0 18 55 0 0.876521646976471
1 18 55 0 0.8274475932121277
2 18 55 0 0.7888016700744629
3 18 55 0 0.9268683791160583
0 34 55 0 0.905059814453125
1 34 55 0 0.8357611894607544
2 34 55 0 0.8273720741271973
3 34 55 0 0.9854274392127991
0 0 55 18 0.9146947264671326
1 0 55 18 0.8795396089553833
2 0 55 18 0.8755013942718506
3 0 55 18 1.0216618776321411
0 34 55 18 0.8651039004325867
1 34 55 18 0.8710829019546509
2 34 55 18 0.8851819634437561
3 34 55 18 1.0213344097137451
0 0 55 34 0.9035517573356628
1 0 55 34 0.874721884727478
2 0 55 34 0.892880380153656
3 0 55 34 1.042187213897705
0 18 55 34 0.9262089133262634
1 18 55 34 0.9229203462600708
2 18 55 34 0.9348646402359009
3 18 55 34 1.0806406736373901
0 30 56 14 0.9397493004798889
1 30 56 14 0.8906030058860779
2 30 56 14 0.8776727318763733
3 30 56 14 1.0643519163131714
0 38 56 14 0.8773112297058105
1 38 56 14 0.8072752356529236
2 38 56 14 0.7974863648414612
3 38 56 14 0.9095913767814636
0 14 56 30 0.862696647644043
1 14 56 30 0.8391628265380859
2 14 56 30 0.7928712368011475
3 14 56 30 0.9129152894020081
0 38 56 30 0.8919569253921509
1 38 56 30 0.830269992351532
2 38 56 30 0.8178286552429199
3 38 56 30 0.9558514952659607
0 14 56 38 0.8707844614982605
1 14 56 38 0.809354305267334
2 14 56 38 0.777411162853241
3 14 56 38 0.8981091976165771
0 30 56 38 0.9329752922058105
1 30 56 38 0.871246337890625
2 30 56 38 0.8403815031051636
3 30 56 38 1.0035163164138794
0 31 57 15 0.8890520334243774
1 31 57 15 0.7960730791091919
2 31 57 15 0.7914657592773438
3 31 57 15 0.9183013439178467
0 40 57 15 0.8655940890312195
1 40 57 15 0.8199453353881836
2 40 57 15 0.8229268789291382
3 40 57 15 0.9482685923576355
0 15 57 31 0.8977690935134888
1 15 57 31 0.8361833095550537
2 15 57 31 0.7924379706382751
3 15 57 31 0.8993287086486816
0 40 57 31 0.8603625893592834
1 40 57 31 0.8197100162506104
2 40 57 31 0.7977324724197388
3 40 57 31 0.9283073544502258
0 15 57 40 0.8874799609184265
1 15 57 40 0.804960310459137
2 15 57 40 0.7973725199699402
3 15 57 40 0.9303841590881348
0 31 57 40 0.8608516454696655
1 31 57 40 0.802987813949585
2 31 57 40 0.7884448766708374
3 31 57 40 0.9129397869110107
0 25 58 4 0.8609284162521362
1 25 58 4 0.8029492497444153
2 25 58 4 0.7795931696891785
3 25 58 4 0.9802286028862
0 32 58 4 0.8736584186553955
1 32 58 4 0.8333529233932495
2 32 58 4 0.8258898258209229
3 32 58 4 0.9978111982345581
0 4 58 25 0.8748155832290649
1 4 58 25 0.8229212760925293
2 4 58 25 0.8238267302513123
3 4 58 25 0.9540714621543884
0 32 58 25 0.8819929957389832
1 32 58 25 0.8650356531143188
2 32 58 25 0.8355426788330078
3 32 58 25 0.9313678741455078
0 4 58 32 0.8512575030326843
1 4 58 32 0.8467794060707092
2 4 58 32 0.7737913727760315
3 4 58 32 0.948222815990448
0 25 58 32 0.8610875606536865
1 25 58 32 0.8337493538856506
2 25 58 32 0.7503916621208191
3 25 58 32 0.9555168747901917
0 24 59 2 0.9271754026412964
1 24 59 2 0.8547999858856201
2 24 59 2 0.8152453899383545
3 24 59 2 0.9419459700584412
0 44 59 2 0.8859430551528931
1 44 59 2 0.8180385231971741
2 44 59 2 0.780242383480072
3 44 59 2 0.9342457056045532
0 2 59 24 0.8862876296043396
1 2 59 24 0.866952121257782
2 2 59 24 0.8199800252914429
3 2 59 24 0.9513100981712341
0 44 59 24 0.887448251247406
1 44 59 24 0.900135338306427
2 44 59 24 0.8920125365257263
3 44 59 24 0.9820844531059265
0 2 59 44 0.8855530619621277
1 2 59 44 0.8552195429801941
2 2 59 44 0.8280161619186401
3 2 59 44 0.9578266143798828
0 24 59 44 0.9286676645278931
1 24 59 44 0.8817450404167175
2 24 59 44 0.9111158847808838
3 24 59 44 1.0023080110549927
0 20 60 12 0.8749810457229614
1 20 60 12 0.8106411695480347
2 20 60 12 0.7582696676254272
3 20 60 12 0.9089276790618896
0 33 60 12 0.8578733801841736
1 33 60 12 0.834122896194458
2 33 60 12 0.7764657139778137
3 33 60 12 0.8894228935241699
0 12 60 20 0.891453206539154
1 12 60 20 0.8333166837692261
2 12 60 20 0.7763360142707825
3 12 60 20 0.9560940265655518
0 33 60 20 0.886074423789978
1 33 60 20 0.803726315498352
2 33 60 20 0.7668452262878418
3 33 60 20 0.8902913331985474
0 12 60 33 0.8834501504898071
1 12 60 33 0.8106168508529663
2 12 60 33 0.8171612024307251
3 12 60 33 0.9744565486907959
0 20 60 33 0.9002283811569214
1 20 60 33 0.7895401120185852
2 20 60 33 0.7564159035682678
3 20 60 33 0.8685925602912903
0 23 61 13 0.9176934957504272
1 23 61 13 0.8800157904624939
2 23 61 13 0.8737038969993591
3 23 61 13 1.0499175786972046
0 47 61 13 0.8693279027938843
1 47 61 13 0.8377325534820557
2 47 61 13 0.8419721722602844
3 47 61 13 1.036278486251831
0 13 61 23 0.8701815605163574
1 13 61 23 0.8442401885986328
2 13 61 23 0.8304709792137146
3 13 61 23 1.002131462097168
0 47 61 23 0.9197804927825928
1 47 61 23 0.8654261827468872
2 47 61 23 0.8460116982460022
3 47 61 23 1.022555947303772
0 13 61 47 0.8699808120727539
1 13 61 47 0.8279709815979004
2 13 61 47 0.809063196182251
3 13 61 47 1.0097455978393555
0 23 61 47 0.889119565486908
1 23 61 47 0.8942370414733887
2 23 61 47 0.8756041526794434
3 23 61 47 1.0551713705062866
0 16 62 6 0.8731421232223511
1 16 62 6 0.8786028623580933
2 16 62 6 0.8294866681098938
3 16 62 6 0.9419854879379272
0 45 62 6 0.9371528029441833
1 45 62 6 0.8900576829910278
2 45 62 6 0.8485801219940186
3 45 62 6 0.9912848472595215
0 6 62 16 0.907025158405304
1 6 62 16 0.8521771430969238
2 6 62 16 0.827633798122406
3 6 62 16 0.977626383304596
0 45 62 16 0.9020401835441589
1 45 62 16 0.8682559728622437
2 45 62 16 0.8167575001716614
3 45 62 16 0.9888222813606262
0 6 62 45 0.8800338506698608
1 6 62 45 0.8453802466392517
2 6 62 45 0.7960630059242249
3 6 62 45 0.9434036016464233
0 16 62 45 0.8602271676063538
1 16 62 45 0.8579027652740479
2 16 62 45 0.8291784524917603
3 16 62 45 0.9799230098724365
0 21 63 5 0.8405402302742004
1 21 63 5 0.8240436315536499
2 21 63 5 0.8002773523330688
3 21 63 5 0.9186789989471436
0 46 63 5 0.8184242248535156
1 46 63 5 0.735368013381958
2 46 63 5 0.6883242726325989
3 46 63 5 0.8196097612380981
0 5 63 21 0.8663254976272583
1 5 63 21 0.8230380415916443
2 5 63 21 0.8258889317512512
3 5 63 21 0.9811457395553589
0 46 63 21 0.8439036011695862
1 46 63 21 0.7304316163063049
2 46 63 21 0.6872966289520264
3 46 63 21 0.8286595940589905
0 5 63 46 0.8507954478263855
1 5 63 46 0.807345449924469
2 5 63 46 0.7787160277366638
3 5 63 46 0.8840598464012146
0 21 63 46 0.8283094167709351
1 21 63 46 0.8359962701797485
2 21 63 46 0.8058949112892151
3 21 63 46 0.9882083535194397
0 26 64 6 0.8717994093894958
1 26 64 6 0.8537271022796631
2 26 64 6 0.8145162463188171
3 26 64 6 0.9871366024017334
0 39 64 6 0.8653714656829834
1 39 64 6 0.8390408754348755
2 39 64 6 0.8108577728271484
3 39 64 6 0.9873201251029968
0 6 64 26 0.883750319480896
1 6 64 26 0.8370838165283203
2 6 64 26 0.8062064051628113
3 6 64 26 0.9238887429237366
0 39 64 26 0.8836251497268677
1 39 64 26 0.8205167055130005
2 39 64 26 0.7798968553543091
3 39 64 26 0.9565402865409851
0 6 64 39 0.8782104253768921
1 6 64 39 0.8355993032455444
2 6 64 39 0.8330153226852417
3 6 64 39 0.9358177185058594
0 26 64 39 0.9117106795310974
1 26 64 39 0.8947908878326416
2 26 64 39 0.8771066069602966
3 26 64 39 1.0610616207122803
0 17 65 10 0.8732397556304932
1 17 65 10 0.8440318703651428
2 17 65 10 0.8659971952438354
3 17 65 10 1.0232044458389282
0 32 65 10 0.8506068587303162
1 32 65 10 0.7842352986335754
2 32 65 10 0.7745664119720459
3 32 65 10 0.915474534034729
0 10 65 17 0.9228609204292297
1 10 65 17 0.856541633605957
2 10 65 17 0.8263857364654541
3 10 65 17 0.9925623536109924
0 32 65 17 0.8796076774597168
1 32 65 17 0.8158427476882935
2 32 65 17 0.774356484413147
3 32 65 17 0.9255391955375671
0 10 65 32 0.8531234860420227
1 10 65 32 0.8227182626724243
2 10 65 32 0.8165306448936462
3 10 65 32 0.984852135181427
0 17 65 32 0.8888033628463745
1 17 65 32 0.8717047572135925
2 17 65 32 0.8644912838935852
3 17 65 32 1.027008056640625
0 31 66 1 0.8648655414581299
1 31 66 1 0.8465242981910706
2 31 66 1 0.869123637676239
3 31 66 1 1.037815809249878
0 34 66 1 0.9017675518989563
1 34 66 1 0.8769621849060059
2 34 66 1 0.8558827638626099
3 34 66 1 0.9924538135528564
0 1 66 31 0.8816474676132202
1 1 66 31 0.7818282246589661
2 1 66 31 0.7456761002540588
3 1 66 31 0.863273561000824
0 34 66 31 0.924510657787323
1 34 66 31 0.8847147822380066
2 34 66 31 0.8874391317367554
3 34 66 31 0.9895099997520447
0 1 66 34 0.9105416536331177
1 1 66 34 0.8559423685073853
2 1 66 34 0.8082290887832642
3 1 66 34 0.9324334859848022
0 31 66 34 0.9213743805885315
1 31 66 34 0.8765236139297485
2 31 66 34 0.880820631980896
3 31 66 34 1.0379317998886108
0 27 67 9 0.9095025658607483
1 27 67 9 0.8433787226676941
2 27 67 9 0.8604670166969299
3 27 67 9 0.9822821617126465
0 46 67 9 0.8504188656806946
1 46 67 9 0.8304362297058105
2 46 67 9 0.8243155479431152
3 46 67 9 1.009443759918213
0 9 67 27 0.8569478392601013
1 9 67 27 0.7610806822776794
2 9 67 27 0.7173826098442078
3 9 67 27 0.8026406168937683
0 46 67 27 0.89481121301651
1 46 67 27 0.8895418047904968
2 46 67 27 0.8538995385169983
3 46 67 27 1.02091383934021
0 9 67 46 0.8612054586410522
1 9 67 46 0.7787142395973206
2 9 67 46 0.7749987244606018
3 9 67 46 0.8830348253250122
0 27 67 46 0.8796323537826538
1 27 67 46 0.8433172702789307
2 27 67 46 0.8255277276039124
3 27 67 46 0.9378425478935242
0 23 68 4 0.9636656641960144
1 23 68 4 0.8793882727622986
2 23 68 4 0.8783054947853088
3 23 68 4 1.060194492340088
0 40 68 4 0.884263813495636
1 40 68 4 0.8387687802314758
2 40 68 4 0.7959590554237366
3 40 68 4 0.9484095573425293
0 4 68 23 0.9437671899795532
1 4 68 23 0.9137102365493774
2 4 68 23 0.9457060694694519
3 4 68 23 1.1301459074020386
0 40 68 23 0.9046630859375
1 40 68 23 0.846819281578064
2 40 68 23 0.8169664144515991
3 40 68 23 0.9733721613883972
0 4 68 40 0.8849151730537415
1 4 68 40 0.840479850769043
2 4 68 40 0.8662418127059937
3 4 68 40 1.0981183052062988
0 23 68 40 0.9499678015708923
1 23 68 40 0.9083830714225769
2 23 68 40 0.8984026312828064
3 23 68 40 1.1103508472442627
0 24 69 11 0.8810315728187561
1 24 69 11 0.8271017074584961
2 24 69 11 0.7807143926620483
3 24 69 11 0.9791625142097473
0 36 69 11 0.8310309052467346
1 36 69 11 0.7885346412658691
2 36 69 11 0.8052818775177002
3 36 69 11 0.9748298525810242
0 11 69 24 0.9158382415771484
1 11 69 24 0.8204731345176697
2 11 69 24 0.7727037072181702
3 11 69 24 0.8722034692764282
0 36 69 24 0.8931169509887695
1 36 69 24 0.8604210615158081
2 36 69 24 0.8510410785675049
3 36 69 24 0.9791024327278137
0 11 69 36 0.887538492679596
1 11 69 36 0.8204047083854675
2 11 69 36 0.8011016845703125
3 11 69 36 0.8901967406272888
0 24 69 36 0.9130425453186035
1 24 69 36 0.8298865556716919
2 24 69 36 0.7968431115150452
3 24 69 36 0.9427710771560669
0 18 70 2 0.8584690690040588
1 18 70 2 0.8030085563659668
2 18 70 2 0.7767046093940735
3 18 70 2 0.953076958656311
0 38 70 2 0.9293127059936523
1 38 70 2 0.8453303575515747
2 38 70 2 0.8632705211639404
3 38 70 2 1.0476689338684082
0 2 70 18 0.9052870869636536
1 2 70 18 0.8760207891464233
2 2 70 18 0.8464347124099731
3 2 70 18 0.9851440191268921
0 38 70 18 0.9077883362770081
1 38 70 18 0.8412530422210693
2 38 70 18 0.8351548910140991
3 38 70 18 0.9960789084434509
0 2 70 38 0.892944872379303
1 2 70 38 0.8304234147071838
2 2 70 38 0.8668005466461182
3 2 70 38 1.027184009552002
0 18 70 38 0.9007207155227661
1 18 70 38 0.819237232208252
2 18 70 38 0.8251140713691711
3 18 70 38 1.0009181499481201
0 30 71 13 0.9318633675575256
1 30 71 13 0.8439038991928101
2 30 71 13 0.8566226959228516
3 30 71 13 0.9901419878005981
0 43 71 13 0.8910977244377136
1 43 71 13 0.837826132774353
2 43 71 13 0.8241119980812073
3 43 71 13 0.9597011208534241
0 13 71 30 0.9240491986274719
1 13 71 30 0.8874475955963135
2 13 71 30 0.8388654589653015
3 13 71 30 0.9998816251754761
0 43 71 30 0.8808143138885498
1 43 71 30 0.8601462244987488
2 43 71 30 0.8172683715820312
3 43 71 30 0.9766448736190796
0 13 71 43 0.8746045231819153
1 13 71 43 0.8433627486228943
2 13 71 43 0.8206605315208435
3 13 71 43 0.9729105234146118
0 30 71 43 0.9099134802818298
1 30 71 43 0.815636932849884
2 30 71 43 0.796283483505249
3 30 71 43 0.9797390699386597
0 29 72 15 0.9060384631156921
1 29 72 15 0.8091473579406738
2 29 72 15 0.7702069282531738
3 29 72 15 0.8795968294143677
0 33 72 15 0.9144254922866821
1 33 72 15 0.8756316900253296
2 33 72 15 0.8482681512832642
3 33 72 15 0.9902539253234863
0 15 72 29 0.8883677124977112
1 15 72 29 0.8247063755989075
2 15 72 29 0.825090229511261
3 15 72 29 0.9519423842430115
0 33 72 29 0.8575171232223511
1 33 72 29 0.8066125512123108
2 33 72 29 0.783086895942688
3 33 72 29 0.9135685563087463
0 15 72 33 0.8689629435539246
1 15 72 33 0.8235604763031006
2 15 72 33 0.8347534537315369
3 15 72 33 0.9573947787284851
0 29 72 33 0.8953871726989746
1 29 72 33 0.8274698257446289
2 29 72 33 0.7647324204444885
3 29 72 33 0.874303936958313
0 19 73 12 0.8448527455329895
1 19 73 12 0.8405983448028564
2 19 73 12 0.8275822401046753
3 19 73 12 1.00797700881958
0 37 73 12 0.8873323798179626
1 37 73 12 0.8111615777015686
2 37 73 12 0.8081852793693542
3 37 73 12 0.9324802160263062
0 12 73 19 0.8353992700576782
1 12 73 19 0.8166089057922363
2 12 73 19 0.8068162798881531
3 12 73 19 0.940126895904541
0 37 73 19 0.8869107365608215
1 37 73 19 0.8196759819984436
2 37 73 19 0.7551750540733337
3 37 73 19 0.9125133156776428
0 12 73 37 0.8450637459754944
1 12 73 37 0.7941689491271973
2 12 73 37 0.7643804550170898
3 12 73 37 0.9053372740745544
0 19 73 37 0.904489278793335
1 19 73 37 0.861088216304779
2 19 73 37 0.8429192304611206
3 19 73 37 0.9913000464439392
0 21 74 8 0.8379544019699097
1 21 74 8 0.8287443518638611
2 21 74 8 0.8033878803253174
3 21 74 8 0.9617481827735901
0 35 74 8 0.9010515809059143
1 35 74 8 0.8451394438743591
2 35 74 8 0.790162980556488
3 35 74 8 0.895768940448761
0 8 74 21 0.8360352516174316
1 8 74 21 0.8200642466545105
2 8 74 21 0.8215499520301819
3 8 74 21 0.9532595872879028
0 35 74 21 0.8625954985618591
1 35 74 21 0.8353731036186218
2 35 74 21 0.7917386293411255
3 35 74 21 0.9052309989929199
0 8 74 35 0.8323896527290344
1 8 74 35 0.8281376361846924
2 8 74 35 0.8131597638130188
3 8 74 35 0.9871349930763245
0 21 74 35 0.934294581413269
1 21 74 35 0.8696671724319458
2 21 74 35 0.8214292526245117
3 21 74 35 0.9602190852165222
0 16 75 5 0.8898098468780518
1 16 75 5 0.8612030148506165
2 16 75 5 0.8490206599235535
3 16 75 5 1.0611072778701782
0 44 75 5 0.9056897759437561
1 44 75 5 0.8718267679214478
2 44 75 5 0.8391398787498474
3 44 75 5 0.9849236607551575
0 5 75 16 0.8527671098709106
1 5 75 16 0.8092648983001709
2 5 75 16 0.8380404114723206
3 5 75 16 0.9792361855506897
0 44 75 16 0.8887709379196167
1 44 75 16 0.8096228837966919
2 44 75 16 0.7850752472877502
3 44 75 16 0.9019008874893188
0 5 75 44 0.909064531326294
1 5 75 44 0.894311785697937
2 5 75 44 0.8699599504470825
3 5 75 44 0.9972867965698242
0 16 75 44 0.8996089100837708
1 16 75 44 0.8320589065551758
2 16 75 44 0.8212246298789978
3 16 75 44 1.014123558998108
0 20 76 3 0.8889864683151245
1 20 76 3 0.86083984375
2 20 76 3 0.836197018623352
3 20 76 3 0.9860414266586304
0 41 76 3 0.89466792345047
1 41 76 3 0.8964161276817322
2 41 76 3 0.8529351949691772
3 41 76 3 0.9711487293243408
0 3 76 20 0.9162094593048096
1 3 76 20 0.9275705218315125
2 3 76 20 0.8860703110694885
3 3 76 20 1.0428110361099243
0 41 76 20 0.8213109374046326
1 41 76 20 0.7855340838432312
2 41 76 20 0.7543095350265503
3 41 76 20 0.9389342665672302
0 3 76 41 0.9540124535560608
1 3 76 41 0.9144777059555054
2 3 76 41 0.8848050832748413
3 3 76 41 1.0328370332717896
0 20 76 41 0.8969780206680298
1 20 76 41 0.8314402103424072
2 20 76 41 0.7866873145103455
3 20 76 41 0.9498889446258545
0 28 77 14 0.8435639142990112
1 28 77 14 0.7514658570289612
2 28 77 14 0.742412269115448
3 28 77 14 0.8771718740463257
0 45 77 14 0.9076858162879944
1 45 77 14 0.8601294755935669
2 45 77 14 0.8217107653617859
3 45 77 14 1.0242111682891846
0 14 77 28 0.8835185766220093
1 14 77 28 0.7813106179237366
2 14 77 28 0.7572031617164612
3 14 77 28 0.892426609992981
0 45 77 28 0.8805990219116211
1 45 77 28 0.8249832987785339
2 45 77 28 0.8177921175956726
3 45 77 28 0.9870040416717529
0 14 77 45 0.8872635364532471
1 14 77 45 0.8030231595039368
2 14 77 45 0.7823220491409302
3 14 77 45 0.9225408434867859
0 28 77 45 0.80616694688797
1 28 77 45 0.7179970145225525
2 28 77 45 0.710269570350647
3 28 77 45 0.8618370294570923
0 25 78 7 0.9066240787506104
1 25 78 7 0.8404555320739746
2 25 78 7 0.8177577257156372
3 25 78 7 1.0064252614974976
0 42 78 7 0.9029107689857483
1 42 78 7 0.8568804860115051
2 42 78 7 0.8361415863037109
3 42 78 7 1.0338433980941772
0 7 78 25 0.8906939625740051
1 7 78 25 0.8902370929718018
2 7 78 25 0.9039818048477173
3 7 78 25 1.0824835300445557
0 42 78 25 0.8742616176605225
1 42 78 25 0.8299075961112976
2 42 78 25 0.8473654389381409
3 42 78 25 0.9972350597381592
0 7 78 42 0.9319115281105042
1 7 78 42 0.9214605093002319
2 7 78 42 0.9518148303031921
3 7 78 42 1.1611099243164062
0 25 78 42 0.8857841491699219
1 25 78 42 0.840116560459137
2 25 78 42 0.8050804138183594
3 25 78 42 0.9531089067459106
0 22 79 0 0.856591522693634
1 22 79 0 0.8260437250137329
2 22 79 0 0.8192020654678345
3 22 79 0 0.9855802059173584
0 47 79 0 0.8867456912994385
1 47 79 0 0.8357365131378174
2 47 79 0 0.791718602180481
3 47 79 0 0.9648212194442749
0 0 79 22 0.8411530256271362
1 0 79 22 0.7921794056892395
2 0 79 22 0.7550939321517944
3 0 79 22 0.8940768241882324
0 47 79 22 0.8643789291381836
1 47 79 22 0.845369279384613
2 47 79 22 0.7805185317993164
3 47 79 22 0.9414817690849304
0 0 79 47 0.8731635212898254
1 0 79 47 0.7978572249412537
2 0 79 47 0.8018068671226501
3 0 79 47 0.9405800700187683
0 22 79 47 0.8826810121536255
1 22 79 47 0.8487154245376587
2 22 79 47 0.8451198935508728
3 22 79 47 1.013562798500061
0 24 80 0 0.9178828597068787
1 24 80 0 0.8900119066238403
2 24 80 0 0.8789328932762146
3 24 80 0 1.0333963632583618
0 41 80 0 0.8965393900871277
1 41 80 0 0.8775351643562317
2 41 80 0 0.9069430828094482
3 41 80 0 1.0465636253356934
0 0 80 24 0.9213544130325317
1 0 80 24 0.8926663398742676
2 0 80 24 0.9113271832466125
3 0 80 24 1.0740063190460205
0 41 80 24 0.8890371918678284
1 41 80 24 0.9149150252342224
2 41 80 24 0.9157960414886475
3 41 80 24 1.0872230529785156
0 0 80 41 0.8618872165679932
1 0 80 41 0.8410371541976929
2 0 80 41 0.8703051209449768
3 0 80 41 1.0355697870254517
0 24 80 41 0.9507935643196106
1 24 80 41 0.881074845790863
2 24 80 41 0.8704423308372498
3 24 80 41 1.0162954330444336
0 21 81 14 0.8659328818321228
1 21 81 14 0.8316292762756348
2 21 81 14 0.7853158712387085
3 21 81 14 0.8815993070602417
0 39 81 14 0.892683207988739
1 39 81 14 0.8201137185096741
2 39 81 14 0.7955769896507263
3 39 81 14 0.9792318344116211
0 14 81 21 0.8627781867980957
1 14 81 21 0.7999599575996399
2 14 81 21 0.7516803741455078
3 14 81 21 0.8857423663139343
0 39 81 21 0.8897526860237122
1 39 81 21 0.8265731930732727
2 39 81 21 0.8200492262840271
3 39 81 21 0.9631089568138123
0 14 81 39 0.8758161067962646
1 14 81 39 0.7998772263526917
2 14 81 39 0.7987425327301025
3 14 81 39 0.918361485004425
0 21 81 39 0.8624525666236877
1 21 81 39 0.8136358261108398
2 21 81 39 0.7805242538452148
3 21 81 39 0.8882530927658081
0 20 82 7 0.8787159323692322
1 20 82 7 0.7958745956420898
2 20 82 7 0.7846032381057739
3 20 82 7 0.9598979353904724
0 40 82 7 0.8758133053779602
1 40 82 7 0.7829066514968872
2 40 82 7 0.7735777497291565
3 40 82 7 0.9290820956230164
0 7 82 20 0.8411003947257996
1 7 82 20 0.7511792182922363
2 7 82 20 0.7257950901985168
3 7 82 20 0.8754714131355286
0 40 82 20 0.8672658801078796
1 40 82 20 0.7938647866249084
2 40 82 20 0.7604069709777832
3 40 82 20 0.9290701746940613
0 7 82 40 0.856945276260376
1 7 82 40 0.7864848971366882
2 7 82 40 0.7438458800315857
3 7 82 40 0.8595386743545532
0 20 82 40 0.9037244915962219
1 20 82 40 0.8166965246200562
2 20 82 40 0.7832560539245605
3 20 82 40 0.9348432421684265
0 17 83 8 0.8717405796051025
1 17 83 8 0.8272737860679626
2 17 83 8 0.8216419219970703
3 17 83 8 1.008114218711853
0 46 83 8 0.8492278456687927
1 46 83 8 0.8156633377075195
2 46 83 8 0.8419889807701111
3 46 83 8 1.017767071723938
0 8 83 17 0.8691881895065308
1 8 83 17 0.8591628670692444
2 8 83 17 0.8649713397026062
3 8 83 17 0.9726570844650269
0 46 83 17 0.8920466899871826
1 46 83 17 0.8458265066146851
2 46 83 17 0.8762019872665405
3 46 83 17 1.0202500820159912
0 8 83 46 0.8480281829833984
1 8 83 46 0.8225979804992676
2 8 83 46 0.8689079880714417
3 8 83 46 1.0461856126785278
0 17 83 46 0.8683086633682251
1 17 83 46 0.848075807094574
2 17 83 46 0.8292929530143738
3 17 83 46 0.9985862970352173
0 26 84 5 0.8955437541007996
1 26 84 5 0.8728616833686829
2 26 84 5 0.8239726424217224
3 26 84 5 0.9649535417556763
0 42 84 5 0.9112054109573364
1 42 84 5 0.8463426232337952
2 42 84 5 0.8358620405197144
3 42 84 5 1.0018895864486694
0 5 84 26 0.8813629746437073
1 5 84 26 0.8305288553237915
2 5 84 26 0.8085271716117859
3 5 84 26 0.9456920623779297
0 42 84 26 0.9353381395339966
1 42 84 26 0.8515754342079163
2 42 84 26 0.8145070672035217
3 42 84 26 0.9344477653503418
0 5 84 42 0.8573886752128601
1 5 84 42 0.8530247211456299
2 5 84 42 0.8418387174606323
3 5 84 42 0.9431687593460083
0 26 84 42 0.873656690120697
1 26 84 42 0.8602392673492432
2 26 84 42 0.8751398921012878
3 26 84 42 0.9857197999954224
0 29 85 10 0.9278519749641418
1 29 85 10 0.8639066219329834
2 29 85 10 0.8606731295585632
3 29 85 10 1.0389400720596313
0 45 85 10 0.8381664156913757
1 45 85 10 0.8164770007133484
2 45 85 10 0.8170856833457947
3 45 85 10 0.9270194172859192
0 10 85 29 0.895143985748291
1 10 85 29 0.8306887149810791
2 10 85 29 0.8654696345329285
3 10 85 29 1.0042775869369507
0 45 85 29 0.8941736221313477
1 45 85 29 0.8504881858825684
2 45 85 29 0.8341870307922363
3 45 85 29 0.9609487056732178
0 10 85 45 0.8805925250053406
1 10 85 45 0.8446052670478821
2 10 85 45 0.8389948010444641
3 10 85 45 1.0052026510238647
0 29 85 45 0.9020145535469055
1 29 85 45 0.8677958250045776
2 29 85 45 0.8655586838722229
3 29 85 45 1.050000786781311
0 30 86 6 0.8627971410751343
1 30 86 6 0.7707350254058838
2 30 86 6 0.757141649723053
3 30 86 6 0.8745257258415222
0 34 86 6 0.9162216782569885
1 34 86 6 0.8533562421798706
2 34 86 6 0.8762305378913879
3 34 86 6 0.9745964407920837
0 6 86 30 0.8721321821212769
1 6 86 30 0.8293836116790771
2 6 86 30 0.7914669513702393
3 6 86 30 0.9550755620002747
0 34 86 30 0.8628653883934021
1 34 86 30 0.8763188719749451
2 34 86 30 0.8925875425338745
3 34 86 30 1.0309925079345703
0 6 86 34 0.9111693501472473
1 6 86 34 0.8884744644165039
2 6 86 34 0.8504475355148315
3 6 86 34 0.9646915197372437
0 30 86 34 0.9080628156661987
1 30 86 34 0.821220874786377
2 30 86 34 0.8120239973068237
3 30 86 34 0.9167914390563965
0 19 87 4 0.8691020011901855
1 19 87 4 0.8260703682899475
2 19 87 4 0.8118847608566284
3 19 87 4 0.981796383857727
0 35 87 4 0.9185072779655457
1 35 87 4 0.91886305809021
2 35 87 4 0.9203794002532959
3 35 87 4 1.1236598491668701
0 4 87 19 0.8802111744880676
1 4 87 19 0.839607834815979
2 4 87 19 0.8492918014526367
3 4 87 19 1.039604902267456
0 35 87 19 0.8987034559249878
1 35 87 19 0.9445742964744568
2 35 87 19 0.9527505040168762
3 35 87 19 1.129072904586792
0 4 87 35 0.9445031881332397
1 4 87 35 0.9083393812179565
2 4 87 35 0.9096544981002808
3 4 87 35 1.055075764656067
0 19 87 35 0.9216420650482178
1 19 87 35 0.8871701955795288
2 19 87 35 0.8685503005981445
3 19 87 35 1.0169757604599
0 16 88 13 0.8797796368598938
1 16 88 13 0.838484525680542
2 16 88 13 0.8037727475166321
3 16 88 13 0.977756917476654
0 37 88 13 0.8789520263671875
1 37 88 13 0.7907422780990601
2 37 88 13 0.7785001993179321
3 37 88 13 0.8798415660858154
0 13 88 16 0.8977528810501099
1 13 88 16 0.8309988975524902
2 13 88 16 0.8043845295906067
3 13 88 16 0.9441907405853271
0 37 88 16 0.8804035186767578
1 37 88 16 0.8249978423118591
2 37 88 16 0.8235151171684265
3 37 88 16 0.956963837146759
0 13 88 37 0.8942368626594543
1 13 88 37 0.7943262457847595
2 13 88 37 0.7641541361808777
3 13 88 37 0.8911537528038025
0 16 88 37 0.8666805028915405
1 16 88 37 0.8185831308364868
2 16 88 37 0.8096716403961182
3 16 88 37 0.9798789620399475
0 27 89 15 0.8643008470535278
1 27 89 15 0.8605429530143738
2 27 89 15 0.8593935966491699
3 27 89 15 1.0416303873062134
0 44 89 15 0.8700399398803711
1 44 89 15 0.8451521396636963
2 44 89 15 0.8050827383995056
3 44 89 15 0.9719333648681641
0 15 89 27 0.8893882036209106
1 15 89 27 0.8613619804382324
2 15 89 27 0.8587358593940735
3 15 89 27 1.0000154972076416
0 44 89 27 0.8887502551078796
1 44 89 27 0.8741196990013123
2 44 89 27 0.8751175403594971
3 44 89 27 0.9757128357887268
0 15 89 44 0.8897147178649902
1 15 89 44 0.8206426501274109
2 15 89 44 0.8128759860992432
3 15 89 44 0.9412130117416382
0 27 89 44 0.8515280485153198
1 27 89 44 0.8777644038200378
2 27 89 44 0.8721819519996643
3 27 89 44 1.0086275339126587
0 31 90 3 0.8918716907501221
1 31 90 3 0.8666610717773438
2 31 90 3 0.878868818283081
3 31 90 3 1.0318049192428589
0 36 90 3 0.8685373663902283
1 36 90 3 0.854519784450531
2 36 90 3 0.843518078327179
3 36 90 3 0.9674192667007446
0 3 90 31 0.8902227282524109
1 3 90 31 0.8236938714981079
2 3 90 31 0.8220064043998718
3 3 90 31 0.96723473072052
0 36 90 31 0.847514271736145
1 36 90 31 0.8682188391685486
2 36 90 31 0.8338040709495544
3 36 90 31 0.9601916670799255
0 3 90 36 0.8797587752342224
1 3 90 36 0.8313732147216797
2 3 90 36 0.8231310844421387
3 3 90 36 0.9748083353042603
0 31 90 36 0.8757834434509277
1 31 90 36 0.8399187922477722
2 31 90 36 0.8318403959274292
3 31 90 36 1.0092332363128662
0 22 91 12 0.8818353414535522
1 22 91 12 0.8870977759361267
2 22 91 12 0.8758879899978638
3 22 91 12 1.102431058883667
0 32 91 12 0.8325976729393005
1 32 91 12 0.7635077238082886
2 32 91 12 0.7418659925460815
3 32 91 12 0.867202639579773
0 12 91 22 0.8914899826049805
1 12 91 22 0.8229568600654602
2 12 91 22 0.8216650485992432
3 12 91 22 1.0138038396835327
0 32 91 22 0.843610942363739
1 32 91 22 0.8055468797683716
2 32 91 22 0.7620820999145508
3 32 91 22 0.886192798614502
0 12 91 32 0.9075347185134888
1 12 91 32 0.847986102104187
2 12 91 32 0.8170441389083862
3 12 91 32 0.9616385698318481
0 22 91 32 0.881676971912384
1 22 91 32 0.8624525666236877
2 22 91 32 0.8452701568603516
3 22 91 32 1.0296003818511963
0 25 92 11 0.8740319609642029
1 25 92 11 0.7836580872535706
2 25 92 11 0.7556419372558594
3 25 92 11 0.8978172540664673
0 43 92 11 0.8821033239364624
1 43 92 11 0.8242590427398682
2 43 92 11 0.8387094140052795
3 43 92 11 0.9536609053611755
0 11 92 25 0.8890188336372375
1 11 92 25 0.8493423461914062
2 11 92 25 0.8291699290275574
3 11 92 25 0.981782078742981
0 43 92 25 0.9042243361473083
1 43 92 25 0.8645604848861694
2 43 92 25 0.8383781909942627
3 43 92 25 0.9704025387763977
0 11 92 43 0.8667889833450317
1 11 92 43 0.8082349896430969
2 11 92 43 0.8105987906455994
3 11 92 43 0.9655472636222839
0 25 92 43 0.8890030384063721
1 25 92 43 0.8029637336730957
2 25 92 43 0.7620648145675659
3 25 92 43 0.8969953060150146
0 28 93 2 0.8976224064826965
1 28 93 2 0.7959874272346497
2 28 93 2 0.7504965662956238
3 28 93 2 0.8698493242263794
0 47 93 2 0.9150400757789612
1 47 93 2 0.8600214123725891
2 47 93 2 0.8600339889526367
3 47 93 2 1.0042589902877808
0 2 93 28 0.9403527975082397
1 2 93 28 0.9132561683654785
2 2 93 28 0.916495144367218
3 2 93 28 1.0547658205032349
0 47 93 28 0.8943207263946533
1 47 93 28 0.8529307842254639
2 47 93 28 0.8501970171928406
3 47 93 28 0.986748456954956
0 2 93 47 0.9042332768440247
1 2 93 47 0.8647220730781555
2 2 93 47 0.874522864818573
3 2 93 47 1.041190266609192
0 28 93 47 0.8822597861289978
1 28 93 47 0.8376373052597046
2 28 93 47 0.7859664559364319
3 28 93 47 0.8848296403884888
0 23 94 1 0.8807875514030457
1 23 94 1 0.8545578718185425
2 23 94 1 0.8294829726219177
3 23 94 1 0.9546748399734497
0 38 94 1 0.8821008205413818
1 38 94 1 0.8356570601463318
2 38 94 1 0.8075564503669739
3 38 94 1 0.9571731090545654
0 1 94 23 0.8833556771278381
1 1 94 23 0.8584787845611572
2 1 94 23 0.840358555316925
3 1 94 23 1.0076919794082642
0 38 94 23 0.8648256659507751
1 38 94 23 0.8367734551429749
2 38 94 23 0.7900150418281555
3 38 94 23 0.9586576223373413
0 1 94 38 0.8853363394737244
1 1 94 38 0.8628960847854614
2 1 94 38 0.8378153443336487
3 1 94 38 1.0517206192016602
0 23 94 38 0.8889883160591125
1 23 94 38 0.8160082697868347
2 23 94 38 0.789307713508606
3 23 94 38 0.9141145944595337
0 18 95 9 0.8734649419784546
1 18 95 9 0.8554584383964539
2 18 95 9 0.8490411639213562
3 18 95 9 0.9953704476356506
0 33 95 9 0.8629840016365051
1 33 95 9 0.8192794919013977
2 33 95 9 0.7786060571670532
3 33 95 9 0.9084758758544922
0 9 95 18 0.8661565184593201
1 9 95 18 0.8372812271118164
2 9 95 18 0.8433490991592407
3 9 95 18 0.9811588525772095
0 33 95 18 0.8903145790100098
1 33 95 18 0.8286186456680298
2 33 95 18 0.8340746164321899
3 33 95 18 0.9618671536445618
0 9 95 33 0.8845442533493042
1 9 95 33 0.7974650263786316
2 9 95 33 0.7737711071968079
3 9 95 33 0.8868198990821838
0 18 95 33 0.9035079479217529
1 18 95 33 0.8280508518218994
2 18 95 33 0.8205118179321289
3 18 95 33 0.9792870879173279
