6
0 7 9
0 19 3
0 35 9
0 55 3
0 79 12
1 5 9
1 18 9
1 46 12
1 51 9
1 66 9
1 94 12
2 9 6
2 24 12
2 43 15
2 59 9
2 70 12
2 93 6
3 8 6
3 27 6
3 39 6
3 49 12
3 76 6
3 90 6
4 1 15
4 17 18
4 44 12
4 58 9
4 68 6
4 87 6
5 14 12
5 28 6
5 33 15
5 63 15
5 75 9
5 84 9
6 11 3
6 20 6
6 37 15
6 62 6
6 64 6
6 86 6
7 12 15
7 26 3
7 32 15
7 52 12
7 78 3
7 82 18
8 6 9
8 29 24
8 34 9
8 50 9
8 74 15
8 83 12
9 0 3
9 21 6
9 47 6
9 48 9
9 67 12
9 95 12
10 10 6
10 31 12
10 42 12
10 54 9
10 65 6
10 85 9
11 3 3
11 25 12
11 45 12
11 53 12
11 69 12
11 92 9
12 15 9
12 30 12
12 38 6
12 60 12
12 73 9
12 91 6
13 13 9
13 16 6
13 36 12
13 61 6
13 71 6
13 88 9
14 4 9
14 22 12
14 41 3
14 56 9
14 77 12
14 81 15
15 2 3
15 23 3
15 40 6
15 57 6
15 72 6
15 89 6
16 5 6
16 30 9
16 43 12
16 62 9
16 75 6
16 88 12
17 2 6
17 26 6
17 38 6
17 48 9
17 65 6
17 83 9
18 4 15
18 27 3
18 34 6
18 55 9
18 70 15
18 95 6
19 12 9
19 25 15
19 35 6
19 54 9
19 73 9
19 87 6
20 11 3
20 21 6
20 41 3
20 60 15
20 76 9
20 82 12
21 24 12
21 37 18
21 63 18
21 74 12
21 81 18
22 13 12
22 17 15
22 42 18
22 49 15
22 79 9
22 91 9
23 6 12
23 28 3
23 32 12
23 61 6
23 68 6
23 94 9
24 15 6
24 20 6
24 33 9
24 59 6
24 69 6
24 80 3
25 9 3
25 23 6
25 39 3
25 58 6
25 78 6
25 92 12
26 8 15
26 29 18
26 36 12
26 51 9
26 64 12
26 84 12
27 14 18
27 19 6
27 44 9
27 53 9
27 67 9
27 89 9
28 7 9
28 31 6
28 40 3
28 50 3
28 77 15
28 93 12
29 0 6
29 22 9
29 46 12
29 52 6
29 72 12
29 85 3
30 10 9
30 18 9
30 47 6
30 56 9
30 71 9
30 86 12
31 1 15
31 16 3
31 45 12
31 57 12
31 66 3
31 90 9
32 7 6
32 21 6
32 45 6
32 58 9
32 65 12
32 91 15
33 5 9
33 19 9
33 32 9
33 60 9
33 72 12
33 95 12
34 9 3
34 22 9
34 55 6
34 66 6
34 86 6
35 8 9
35 18 6
35 33 6
35 48 6
35 74 9
36 14 12
36 17 15
36 47 6
36 54 12
36 69 12
36 90 9
37 3 3
37 26 9
37 40 3
37 51 6
37 73 12
37 88 9
38 2 3
38 29 18
38 37 15
38 56 12
38 70 9
38 94 9
39 0 3
39 28 9
39 39 3
39 50 12
39 64 12
39 81 15
40 15 9
40 25 15
40 46 12
40 57 12
40 68 12
40 82 12
41 6 9
41 30 9
41 36 12
41 52 6
41 76 9
41 80 3
42 10 3
42 16 9
42 34 3
42 53 9
42 78 3
42 84 9
43 11 6
43 31 6
43 44 9
43 49 15
43 71 9
43 92 9
44 1 12
44 27 9
44 42 6
44 59 9
44 75 9
44 89 9
45 13 9
45 24 12
45 35 9
45 62 9
45 77 15
45 85 12
46 4 12
46 20 12
46 43 15
46 63 21
46 67 9
46 83 9
47 12 12
47 23 9
47 41 6
47 61 6
47 79 9
47 93 12
