64 32
32 64
1 2 2 4 2 4 4 8 2 4 4 8 4 8 8 15 2 4 4 8 4 8 8 15 4 8 7 14 7 14 13 24 2 4 4 8 4 8 7 14 4 7 7 13 7 13 12 22 4 7 7 13 7 13 12 22 7 12 11 20 11 20 18 32 
64 32 32 16 32 16 16 8 32 16 16 8 16 8 8 32 16 16 8 16 8 8 16 8 32 16 16 8 16 8 16 16 
1 
1 2 
1 3 
1 2 3 4 
1 5 
1 2 5 6 
1 3 5 7 
1 2 3 4 5 6 7 8 
1 9 
1 2 9 10 
1 3 9 11 
1 2 3 4 9 10 11 12 
1 5 9 13 
1 2 5 6 9 10 13 14 
1 3 5 7 9 11 13 15 
1 2 3 4 5 6 7 8 9 10 11 12 13 14 15 
1 16 
1 2 16 17 
1 3 16 18 
1 2 3 4 16 17 18 19 
1 5 16 20 
1 2 5 6 16 17 20 21 
1 3 5 7 16 18 20 22 
1 2 3 4 5 6 7 8 16 17 18 19 20 21 22 
1 9 16 23 
1 2 9 10 16 17 23 24 
1 3 9 11 16 18 23 
1 2 3 4 9 10 11 12 16 17 18 19 23 24 
1 5 9 13 16 20 23 
1 2 5 6 9 10 13 14 16 17 20 21 23 24 
1 3 5 7 9 11 13 15 16 18 20 22 23 
1 2 3 4 5 6 7 8 9 10 11 12 13 14 15 16 17 18 19 20 21 22 23 24 
1 25 
1 2 25 26 
1 3 25 27 
1 2 3 4 25 26 27 28 
1 5 25 29 
1 2 5 6 25 26 29 30 
1 3 5 7 25 27 29 
1 2 3 4 5 6 7 8 25 26 27 28 29 30 
1 9 25 31 
1 2 9 10 25 26 31 
1 3 9 11 25 27 31 
1 2 3 4 9 10 11 12 25 26 27 28 31 
1 5 9 13 25 29 31 
1 2 5 6 9 10 13 14 25 26 29 30 31 
1 3 5 7 9 11 13 15 25 27 29 31 
1 2 3 4 5 6 7 8 9 10 11 12 13 14 15 25 26 27 28 29 30 31 
1 16 25 32 
1 2 16 17 25 26 32 
1 3 16 18 25 27 32 
1 2 3 4 16 17 18 19 25 26 27 28 32 
1 5 16 20 25 29 32 
1 2 5 6 16 17 20 21 25 26 29 30 32 
1 3 5 7 16 18 20 22 25 27 29 32 
1 2 3 4 5 6 7 8 16 17 18 19 20 21 22 25 26 27 28 29 30 32 
1 9 16 23 25 31 32 
1 2 9 10 16 17 23 24 25 26 31 32 
1 3 9 11 16 18 23 25 27 31 32 
1 2 3 4 9 10 11 12 16 17 18 19 23 24 25 26 27 28 31 32 
1 5 9 13 16 20 23 25 29 31 32 
1 2 5 6 9 10 13 14 16 17 20 21 23 24 25 26 29 30 31 32 
1 3 5 7 9 11 13 15 16 18 20 22 23 25 27 29 31 32 
1 2 3 4 5 6 7 8 9 10 11 12 13 14 15 16 17 18 19 20 21 22 23 24 25 26 27 28 29 30 31 32 
1 2 3 4 5 6 7 8 9 10 11 12 13 14 15 16 17 18 19 20 21 22 23 24 25 26 27 28 29 30 31 32 33 34 35 36 37 38 39 40 41 42 43 44 45 46 47 48 49 50 51 52 53 54 55 56 57 58 59 60 61 62 63 64 
2 4 6 8 10 12 14 16 18 20 22 24 26 28 30 32 34 36 38 40 42 44 46 48 50 52 54 56 58 60 62 64 
3 4 7 8 11 12 15 16 19 20 23 24 27 28 31 32 35 36 39 40 43 44 47 48 51 52 55 56 59 60 63 64 
4 8 12 16 20 24 28 32 36 40 44 48 52 56 60 64 
5 6 7 8 13 14 15 16 21 22 23 24 29 30 31 32 37 38 39 40 45 46 47 48 53 54 55 56 61 62 63 64 
6 8 14 16 22 24 30 32 38 40 46 48 54 56 62 64 
7 8 15 16 23 24 31 32 39 40 47 48 55 56 63 64 
8 16 24 32 40 48 56 64 
9 10 11 12 13 14 15 16 25 26 27 28 29 30 31 32 41 42 43 44 45 46 47 48 57 58 59 60 61 62 63 64 
10 12 14 16 26 28 30 32 42 44 46 48 58 60 62 64 
11 12 15 16 27 28 31 32 43 44 47 48 59 60 63 64 
12 16 28 32 44 48 60 64 
13 14 15 16 29 30 31 32 45 46 47 48 61 62 63 64 
14 16 30 32 46 48 62 64 
15 16 31 32 47 48 63 64 
17 18 19 20 21 22 23 24 25 26 27 28 29 30 31 32 49 50 51 52 53 54 55 56 57 58 59 60 61 62 63 64 
18 20 22 24 26 28 30 32 50 52 54 56 58 60 62 64 
19 20 23 24 27 28 31 32 51 52 55 56 59 60 63 64 
20 24 28 32 52 56 60 64 
21 22 23 24 29 30 31 32 53 54 55 56 61 62 63 64 
22 24 30 32 54 56 62 64 
23 24 31 32 55 56 63 64 
25 26 27 28 29 30 31 32 57 58 59 60 61 62 63 64 
26 28 30 32 58 60 62 64 
33 34 35 36 37 38 39 40 41 42 43 44 45 46 47 48 49 50 51 52 53 54 55 56 57 58 59 60 61 62 63 64 
34 36 38 40 42 44 46 48 50 52 54 56 58 60 62 64 
35 36 39 40 43 44 47 48 51 52 55 56 59 60 63 64 
36 40 44 48 52 56 60 64 
37 38 39 40 45 46 47 48 53 54 55 56 61 62 63 64 
38 40 46 48 54 56 62 64 
41 42 43 44 45 46 47 48 57 58 59 60 61 62 63 64 
49 50 51 52 53 54 55 56 57 58 59 60 61 62 63 64 
