1224 828
30 19
30 30 30 30 30 30 30 30 30 30 30 30 30 30 30 30 30 30 28 28 28 28 28 28 28 28 28 28 28 28 28 28 28 28 28 28 7 7 7 7 7 7 7 7 7 7 7 7 7 7 7 7 7 7 11 11 11 11 11 11 11 11 11 11 11 11 11 11 11 11 11 11 9 9 9 9 9 9 9 9 9 9 9 9 9 9 9 9 9 9 4 4 4 4 4 4 4 4 4 4 4 4 4 4 4 4 4 4 8 8 8 8 8 8 8 8 8 8 8 8 8 8 8 8 8 8 12 12 12 12 12 12 12 12 12 12 12 12 12 12 12 12 12 12 8 8 8 8 8 8 8 8 8 8 8 8 8 8 8 8 8 8 7 7 7 7 7 7 7 7 7 7 7 7 7 7 7 7 7 7 12 12 12 12 12 12 12 12 12 12 12 12 12 12 12 12 12 12 10 10 10 10 10 10 10 10 10 10 10 10 10 10 10 10 10 10 12 12 12 12 12 12 12 12 12 12 12 12 12 12 12 12 12 12 11 11 11 11 11 11 11 11 11 11 11 11 11 11 11 11 11 11 10 10 10 10 10 10 10 10 10 10 10 10 10 10 10 10 10 10 7 7 7 7 7 7 7 7 7 7 7 7 7 7 7 7 7 7 10 10 10 10 10 10 10 10 10 10 10 10 10 10 10 10 10 10 10 10 10 10 10 10 10 10 10 10 10 10 10 10 10 10 10 10 13 13 13 13 13 13 13 13 13 13 13 13 13 13 13 13 13 13 7 7 7 7 7 7 7 7 7 7 7 7 7 7 7 7 7 7 8 8 8 8 8 8 8 8 8 8 8 8 8 8 8 8 8 8 11 11 11 11 11 11 11 11 11 11 11 11 11 11 11 11 11 11 12 12 12 12 12 12 12 12 12 12 12 12 12 12 12 12 12 12 5 5 5 5 5 5 5 5 5 5 5 5 5 5 5 5 5 5 6 6 6 6 6 6 6 6 6 6 6 6 6 6 6 6 6 6 6 6 6 6 6 6 6 6 6 6 6 6 6 6 6 6 6 6 1 1 1 1 1 1 1 1 1 1 1 1 1 1 1 1 1 1 1 1 1 1 1 1 1 1 1 1 1 1 1 1 1 1 1 1 1 1 1 1 1 1 1 1 1 1 1 1 1 1 1 1 1 1 1 1 1 1 1 1 1 1 1 1 1 1 1 1 1 1 1 1 1 1 1 1 1 1 1 1 1 1 1 1 1 1 1 1 1 1 1 1 1 1 1 1 1 1 1 1 1 1 1 1 1 1 1 1 1 1 1 1 1 1 1 1 1 1 1 1 1 1 1 1 1 1 1 1 1 1 1 1 1 1 1 1 1 1 1 1 1 1 1 1 1 1 1 1 1 1 1 1 1 1 1 1 1 1 1 1 1 1 1 1 1 1 1 1 1 1 1 1 1 1 1 1 1 1 1 1 1 1 1 1 1 1 1 1 1 1 1 1 1 1 1 1 1 1 1 1 1 1 1 1 1 1 1 1 1 1 1 1 1 1 1 1 1 1 1 1 1 1 1 1 1 1 1 1 1 1 1 1 1 1 1 1 1 1 1 1 1 1 1 1 1 1 1 1 1 1 1 1 1 1 1 1 1 1 1 1 1 1 1 1 1 1 1 1 1 1 1 1 1 1 1 1 1 1 1 1 1 1 1 1 1 1 1 1 1 1 1 1 1 1 1 1 1 1 1 1 1 1 1 1 1 1 1 1 1 1 1 1 1 1 1 1 1 1 1 1 1 1 1 1 1 1 1 1 1 1 1 1 1 1 1 1 1 1 1 1 1 1 1 1 1 1 1 1 1 1 1 1 1 1 1 1 1 1 1 1 1 1 1 1 1 1 1 1 1 1 1 1 1 1 1 1 1 1 1 1 1 1 1 1 1 1 1 1 1 1 1 1 1 1 1 1 1 1 1 1 1 1 1 1 1 1 1 1 1 1 1 1 1 1 1 1 1 1 1 1 1 1 1 1 1 1 1 1 1 1 1 1 1 1 1 1 1 1 1 1 1 1 1 1 1 1 1 1 1 1 1 1 1 1 1 1 1 1 1 1 1 1 1 1 1 1 1 1 1 1 1 1 1 1 1 1 1 1 1 1 1 1 1 1 1 1 1 1 1 1 1 1 1 1 1 1 1 1 1 1 1 1 1 1 1 1 1 1 1 1 1 1 1 1 1 1 1 1 1 1 1 1 1 1 1 1 1 1 1 1 1 1 1 1 1 1 1 1 1 1 1 1 1 1 1 1 1 1 1 1 1 1 1 1 1 1 1 1 1 1 1 1 1 1 1 1 1 1 1 1 1 1 1 1 1 1 1 1 1 1 1 1 1 1 1 1 1 1 1 1 1 1 1 1 1 1 1 1 1 1 1 1 1 1 1 1 1 1 1 1 1 1 1 1 1 1 1 1 1 1 1 1 1 1 1 1 1 1 1 1 1 1 1 1 1 1 1 1 1 1 1 1 1 1 1 1 1 1 1 1 1 1 1 1 1 1 1 1 1 1 1 1 1 1 1 1 1 1 1 1 1 1 1 1 1 1 1 1 1 1 1 1 1 1 1 1 1 1 1 1 1 1 1 1 1 1 1 1 1 1 1 1 1 1 1 1 1 1 1 1 1 1 1 1 1 1 1 1 1 1 1 1 1 1 1 1 1 1 1 1 1 1 1 1 1 1 1 1 1 1 1 1 1 1 1 1 1 1 1 1 1 1 1 1 1 1 
19 19 19 19 19 19 19 19 19 19 19 19 19 19 19 19 19 19 19 19 19 19 19 19 19 19 19 19 19 19 19 19 19 19 19 19 19 19 19 19 19 19 19 19 19 19 19 19 19 19 19 19 19 19 19 19 19 19 19 19 19 19 19 19 19 19 19 19 19 19 19 19 3 3 3 3 3 3 3 3 3 3 3 3 3 3 3 3 3 3 8 8 8 8 8 8 8 8 8 8 8 8 8 8 8 8 8 8 9 9 9 9 9 9 9 9 9 9 9 9 9 9 9 9 9 9 7 7 7 7 7 7 7 7 7 7 7 7 7 7 7 7 7 7 10 10 10 10 10 10 10 10 10 10 10 10 10 10 10 10 10 10 9 9 9 9 9 9 9 9 9 9 9 9 9 9 9 9 9 9 7 7 7 7 7 7 7 7 7 7 7 7 7 7 7 7 7 7 8 8 8 8 8 8 8 8 8 8 8 8 8 8 8 8 8 8 7 7 7 7 7 7 7 7 7 7 7 7 7 7 7 7 7 7 6 6 6 6 6 6 6 6 6 6 6 6 6 6 6 6 6 6 7 7 7 7 7 7 7 7 7 7 7 7 7 7 7 7 7 7 7 7 7 7 7 7 7 7 7 7 7 7 7 7 7 7 7 7 6 6 6 6 6 6 6 6 6 6 6 6 6 6 6 6 6 6 6 6 6 6 6 6 6 6 6 6 6 6 6 6 6 6 6 6 6 6 6 6 6 6 6 6 6 6 6 6 6 6 6 6 6 6 6 6 6 6 6 6 6 6 6 6 6 6 6 6 6 6 6 6 6 6 6 6 6 6 6 6 6 6 6 6 6 6 6 6 6 6 6 6 6 6 6 6 6 6 6 6 6 6 6 6 6 6 6 6 5 5 5 5 5 5 5 5 5 5 5 5 5 5 5 5 5 5 5 5 5 5 5 5 5 5 5 5 5 5 5 5 5 5 5 5 6 6 6 6 6 6 6 6 6 6 6 6 6 6 6 6 6 6 5 5 5 5 5 5 5 5 5 5 5 5 5 5 5 5 5 5 5 5 5 5 5 5 5 5 5 5 5 5 5 5 5 5 5 5 4 4 4 4 4 4 4 4 4 4 4 4 4 4 4 4 4 4 5 5 5 5 5 5 5 5 5 5 5 5 5 5 5 5 5 5 5 5 5 5 5 5 5 5 5 5 5 5 5 5 5 5 5 5 5 5 5 5 5 5 5 5 5 5 5 5 5 5 5 5 5 5 5 5 5 5 5 5 5 5 5 5 5 5 5 5 5 5 5 5 5 5 5 5 5 5 5 5 5 5 5 5 5 5 5 5 5 5 5 5 5 5 5 5 5 5 5 5 5 5 5 5 5 5 5 5 5 5 5 5 5 5 5 5 5 5 5 5 5 5 5 5 5 5 5 5 5 5 5 5 5 5 5 5 5 5 5 5 5 5 5 5 5 5 5 5 5 5 5 5 5 5 5 5 5 5 5 5 5 5 4 4 4 4 4 4 4 4 4 4 4 4 4 4 4 4 4 4 5 5 5 5 5 5 5 5 5 5 5 5 5 5 5 5 5 5 5 5 5 5 5 5 5 5 5 5 5 5 5 5 5 5 5 5 4 4 4 4 4 4 4 4 4 4 4 4 4 4 4 4 4 4 5 5 5 5 5 5 5 5 5 5 5 5 5 5 5 5 5 5 4 4 4 4 4 4 4 4 4 4 4 4 4 4 4 4 4 4 5 5 5 5 5 5 5 5 5 5 5 5 5 5 5 5 5 5 5 5 5 5 5 5 5 5 5 5 5 5 5 5 5 5 5 5 4 4 4 4 4 4 4 4 4 4 4 4 4 4 4 4 4 4 
6 20 49 66 79 100 119 138 145 163 216 226 238 253 281 316 343 366 397 449 469 518 541 577 614 649 693 721 766 793 
7 21 50 67 80 101 120 139 146 164 199 227 239 254 282 317 344 367 398 450 470 519 542 578 615 650 694 722 767 794 
8 22 51 68 81 102 121 140 147 165 200 228 240 255 283 318 345 368 399 433 471 520 543 579 616 651 695 723 768 795 
9 23 52 69 82 103 122 141 148 166 201 229 241 256 284 319 346 369 400 434 472 521 544 580 617 652 696 724 769 796 
10 24 53 70 83 104 123 142 149 167 202 230 242 257 285 320 347 370 401 435 473 522 545 581 618 653 697 725 770 797 
11 25 54 71 84 105 124 143 150 168 203 231 243 258 286 321 348 371 402 436 474 505 546 582 619 654 698 726 771 798 
12 26 37 72 85 106 125 144 151 169 204 232 244 259 287 322 349 372 403 437 475 506 547 583 620 655 699 727 772 799 
13 27 38 55 86 107 126 127 152 170 205 233 245 260 288 323 350 373 404 438 476 507 548 584 621 656 700 728 773 800 
14 28 39 56 87 108 109 128 153 171 206 234 246 261 271 324 351 374 405 439 477 508 549 585 622 657 701 729 774 801 
15 29 40 57 88 91 110 129 154 172 207 217 247 262 272 307 352 375 406 440 478 509 550 586 623 658 702 730 757 802 
16 30 41 58 89 92 111 130 155 173 208 218 248 263 273 308 353 376 407 441 479 510 551 587 624 659 685 731 758 803 
17 31 42 59 90 93 112 131 156 174 209 219 249 264 274 309 354 377 408 442 480 511 552 588 625 660 686 732 759 804 
18 32 43 60 73 94 113 132 157 175 210 220 250 265 275 310 355 378 409 443 481 512 553 589 626 661 687 733 760 805 
1 33 44 61 74 95 114 133 158 176 211 221 251 266 276 311 356 361 410 444 482 513 554 590 627 662 688 734 761 806 
2 34 45 62 75 96 115 134 159 177 212 222 252 267 277 312 357 362 411 445 483 514 555 591 628 663 689 735 762 807 
3 35 46 63 76 97 116 135 160 178 213 223 235 268 278 313 358 363 412 446 484 515 556 592 629 664 690 736 763 808 
4 36 47 64 77 98 117 136 161 179 214 224 236 269 279 314 359 364 413 447 485 516 557 593 630 665 691 737 764 809 
5 19 48 65 78 99 118 137 162 180 215 225 237 270 280 315 360 365 414 448 486 517 558 594 613 666 692 738 765 810 
1 50 72 90 108 136 145 166 183 212 217 271 289 326 343 387 415 462 496 523 559 595 648 667 712 739 777 823 
2 51 55 73 91 137 146 167 184 213 218 272 290 327 344 388 416 463 497 524 560 596 631 668 713 740 778 824 
3 52 56 74 92 138 147 168 185 214 219 273 291 328 345 389 417 464 498 525 561 597 632 669 714 741 779 825 
4 53 57 75 93 139 148 169 186 215 220 274 292 329 346 390 418 465 499 526 562 598 633 670 715 742 780 826 
5 54 58 76 94 140 149 170 187 216 221 275 293 330 347 391 419 466 500 527 563 599 634 671 716 743 781 827 
6 37 59 77 95 141 150 171 188 199 222 276 294 331 348 392 420 467 501 528 564 600 635 672 717 744 782 828 
7 38 60 78 96 142 151 172 189 200 223 277 295 332 349 393 421 468 502 529 565 601 636 673 718 745 783 811 
8 39 61 79 97 143 152 173 190 201 224 278 296 333 350 394 422 451 503 530 566 602 637 674 719 746 784 812 
9 40 62 80 98 144 153 174 191 202 225 279 297 334 351 395 423 452 504 531 567 603 638 675 720 747 785 813 
10 41 63 81 99 127 154 175 192 203 226 280 298 335 352 396 424 453 487 532 568 604 639 676 703 748 786 814 
11 42 64 82 100 128 155 176 193 204 227 281 299 336 353 379 425 454 488 533 569 605 640 677 704 749 787 815 
12 43 65 83 101 129 156 177 194 205 228 282 300 337 354 380 426 455 489 534 570 606 641 678 705 750 788 816 
13 44 66 84 102 130 157 178 195 206 229 283 301 338 355 381 427 456 490 535 571 607 642 679 706 751 789 817 
14 45 67 85 103 131 158 179 196 207 230 284 302 339 356 382 428 457 491 536 572 608 643 680 707 752 790 818 
15 46 68 86 104 132 159 180 197 208 231 285 303 340 357 383 429 458 492 537 573 609 644 681 708 753 791 819 
16 47 69 87 105 133 160 163 198 209 232 286 304 341 358 384 430 459 493 538 574 610 645 682 709 754 792 820 
17 48 70 88 106 134 161 164 181 210 233 287 305 342 359 385 431 460 494 539 575 611 646 683 710 755 775 821 
18 49 71 89 107 135 162 165 182 211 234 288 306 325 360 386 432 461 495 540 576 612 647 684 711 756 776 822 
11 19 51 198 415 469 595 
12 20 52 181 416 470 596 
13 21 53 182 417 471 597 
14 22 54 183 418 472 598 
15 23 37 184 419 473 599 
16 24 38 185 420 474 600 
17 25 39 186 421 475 601 
18 26 40 187 422 476 602 
1 27 41 188 423 477 603 
2 28 42 189 424 478 604 
3 29 43 190 425 479 605 
4 30 44 191 426 480 606 
5 31 45 192 427 481 607 
6 32 46 193 428 482 608 
7 33 47 194 429 483 609 
8 34 48 195 430 484 610 
9 35 49 196 431 485 611 
10 36 50 197 432 486 612 
13 30 69 91 145 235 294 370 450 703 739 
14 31 70 92 146 236 295 371 433 704 740 
15 32 71 93 147 237 296 372 434 705 741 
16 33 72 94 148 238 297 373 435 706 742 
17 34 55 95 149 239 298 374 436 707 743 
18 35 56 96 150 240 299 375 437 708 744 
1 36 57 97 151 241 300 376 438 709 745 
2 19 58 98 152 242 301 377 439 710 746 
3 20 59 99 153 243 302 378 440 711 747 
4 21 60 100 154 244 303 361 441 712 748 
5 22 61 101 155 245 304 362 442 713 749 
6 23 62 102 156 246 305 363 443 714 750 
7 24 63 103 157 247 306 364 444 715 751 
8 25 64 104 158 248 289 365 445 716 752 
9 26 65 105 159 249 290 366 446 717 753 
10 27 66 106 160 250 291 367 447 718 754 
11 28 67 107 161 251 292 368 448 719 755 
12 29 68 108 162 252 293 369 449 720 756 
33 48 55 135 189 433 469 505 757 
34 49 56 136 190 434 470 506 758 
35 50 57 137 191 435 471 507 759 
36 51 58 138 192 436 472 508 760 
19 52 59 139 193 437 473 509 761 
20 53 60 140 194 438 474 510 762 
21 54 61 141 195 439 475 511 763 
22 37 62 142 196 440 476 512 764 
23 38 63 143 197 441 477 513 765 
24 39 64 144 198 442 478 514 766 
25 40 65 127 181 443 479 515 767 
26 41 66 128 182 444 480 516 768 
27 42 67 129 183 445 481 517 769 
28 43 68 130 184 446 482 518 770 
29 44 69 131 185 447 483 519 771 
30 45 70 132 186 448 484 520 772 
31 46 71 133 187 449 485 521 773 
32 47 72 134 188 450 486 522 774 
16 21 46 387 
17 22 47 388 
18 23 48 389 
1 24 49 390 
2 25 50 391 
3 26 51 392 
4 27 52 393 
5 28 53 394 
6 29 54 395 
7 30 37 396 
8 31 38 379 
9 32 39 380 
10 33 40 381 
11 34 41 382 
12 35 42 383 
13 36 43 384 
14 19 44 385 
15 20 45 386 
15 51 63 109 451 487 641 811 
16 52 64 110 452 488 642 812 
17 53 65 111 453 489 643 813 
18 54 66 112 454 490 644 814 
1 37 67 113 455 491 645 815 
2 38 68 114 456 492 646 816 
3 39 69 115 457 493 647 817 
4 40 70 116 458 494 648 818 
5 41 71 117 459 495 631 819 
6 42 72 118 460 496 632 820 
7 43 55 119 461 497 633 821 
8 44 56 120 462 498 634 822 
9 45 57 121 463 499 635 823 
10 46 58 122 464 500 636 824 
11 47 59 123 465 501 637 825 
12 48 60 124 466 502 638 826 
13 49 61 125 467 503 639 827 
14 50 62 126 468 504 640 828 
33 53 67 141 184 235 351 451 559 613 718 793 
34 54 68 142 185 236 352 452 560 614 719 794 
35 37 69 143 186 237 353 453 561 615 720 795 
36 38 70 144 187 238 354 454 562 616 703 796 
19 39 71 127 188 239 355 455 563 617 704 797 
20 40 72 128 189 240 356 456 564 618 705 798 
21 41 55 129 190 241 357 457 565 619 706 799 
22 42 56 130 191 242 358 458 566 620 707 800 
23 43 57 131 192 243 359 459 567 621 708 801 
24 44 58 132 193 244 360 460 568 622 709 802 
25 45 59 133 194 245 343 461 569 623 710 803 
26 46 60 134 195 246 344 462 570 624 711 804 
27 47 61 135 196 247 345 463 571 625 712 805 
28 48 62 136 197 248 346 464 572 626 713 806 
29 49 63 137 198 249 347 465 573 627 714 807 
30 50 64 138 181 250 348 466 574 628 715 808 
31 51 65 139 182 251 349 467 575 629 716 809 
32 52 66 140 183 252 350 468 576 630 717 810 
33 46 56 131 181 343 487 721 
34 47 57 132 182 344 488 722 
35 48 58 133 183 345 489 723 
36 49 59 134 184 346 490 724 
19 50 60 135 185 347 491 725 
20 51 61 136 186 348 492 726 
21 52 62 137 187 349 493 727 
22 53 63 138 188 350 494 728 
23 54 64 139 189 351 495 729 
24 37 65 140 190 352 496 730 
25 38 66 141 191 353 497 731 
26 39 67 142 192 354 498 732 
27 40 68 143 193 355 499 733 
28 41 69 144 194 356 500 734 
29 42 70 127 195 357 501 735 
30 43 71 128 196 358 502 736 
31 44 72 129 197 359 503 737 
32 45 55 130 198 360 504 738 
8 28 37 361 685 739 793 
9 29 38 362 686 740 794 
10 30 39 363 687 741 795 
11 31 40 364 688 742 796 
12 32 41 365 689 743 797 
13 33 42 366 690 744 798 
14 34 43 367 691 745 799 
15 35 44 368 692 746 800 
16 36 45 369 693 747 801 
17 19 46 370 694 748 802 
18 20 47 371 695 749 803 
1 21 48 372 696 750 804 
2 22 49 373 697 751 805 
3 23 50 374 698 752 806 
4 24 51 375 699 753 807 
5 25 52 376 700 754 808 
6 26 53 377 701 755 809 
7 27 54 378 702 756 810 
1 52 68 120 178 225 286 343 415 541 685 811 
2 53 69 121 179 226 287 344 416 542 686 812 
3 54 70 122 180 227 288 345 417 543 687 813 
4 37 71 123 163 228 271 346 418 544 688 814 
5 38 72 124 164 229 272 347 419 545 689 815 
6 39 55 125 165 230 273 348 420 546 690 816 
7 40 56 126 166 231 274 349 421 547 691 817 
8 41 57 109 167 232 275 350 422 548 692 818 
9 42 58 110 168 233 276 351 423 549 693 819 
10 43 59 111 169 234 277 352 424 550 694 820 
11 44 60 112 170 217 278 353 425 551 695 821 
12 45 61 113 171 218 279 354 426 552 696 822 
13 46 62 114 172 219 280 355 427 553 697 823 
14 47 63 115 173 220 281 356 428 554 698 824 
15 48 64 116 174 221 282 357 429 555 699 825 
16 49 65 117 175 222 283 358 430 556 700 826 
17 50 66 118 176 223 284 359 431 557 701 827 
18 51 67 119 177 224 285 360 432 558 702 828 
11 36 55 109 173 228 298 361 437 609 
12 19 56 110 174 229 299 362 438 610 
13 20 57 111 175 230 300 363 439 611 
14 21 58 112 176 231 301 364 440 612 
15 22 59 113 177 232 302 365 441 595 
16 23 60 114 178 233 303 366 442 596 
17 24 61 115 179 234 304 367 443 597 
18 25 62 116 180 217 305 368 444 598 
1 26 63 117 163 218 306 369 445 599 
2 27 64 118 164 219 289 370 446 600 
3 28 65 119 165 220 290 371 447 601 
4 29 66 120 166 221 291 372 448 602 
5 30 67 121 167 222 292 373 449 603 
6 31 68 122 168 223 293 374 450 604 
7 32 69 123 169 224 294 375 433 605 
8 33 70 124 170 225 295 376 434 606 
9 34 71 125 171 226 296 377 435 607 
10 35 72 126 172 227 297 378 436 608 
1 22 70 96 158 213 265 336 406 582 631 685 
2 23 71 97 159 214 266 337 407 583 632 686 
3 24 72 98 160 215 267 338 408 584 633 687 
4 25 55 99 161 216 268 339 409 585 634 688 
5 26 56 100 162 199 269 340 410 586 635 689 
6 27 57 101 145 200 270 341 411 587 636 690 
7 28 58 102 146 201 253 342 412 588 637 691 
8 29 59 103 147 202 254 325 413 589 638 692 
9 30 60 104 148 203 255 326 414 590 639 693 
10 31 61 105 149 204 256 327 397 591 640 694 
11 32 62 106 150 205 257 328 398 592 641 695 
12 33 63 107 151 206 258 329 399 593 642 696 
13 34 64 108 152 207 259 330 400 594 643 697 
14 35 65 91 153 208 260 331 401 577 644 698 
15 36 66 92 154 209 261 332 402 578 645 699 
16 19 67 93 155 210 262 333 403 579 646 700 
17 20 68 94 156 211 263 334 404 580 647 701 
18 21 69 95 157 212 264 335 405 581 648 702 
12 53 55 122 172 231 271 325 397 541 667 
13 54 56 123 173 232 272 326 398 542 668 
14 37 57 124 174 233 273 327 399 543 669 
15 38 58 125 175 234 274 328 400 544 670 
16 39 59 126 176 217 275 329 401 545 671 
17 40 60 109 177 218 276 330 402 546 672 
18 41 61 110 178 219 277 331 403 547 673 
1 42 62 111 179 220 278 332 404 548 674 
2 43 63 112 180 221 279 333 405 549 675 
3 44 64 113 163 222 280 334 406 550 676 
4 45 65 114 164 223 281 335 407 551 677 
5 46 66 115 165 224 282 336 408 552 678 
6 47 67 116 166 225 283 337 409 553 679 
7 48 68 117 167 226 284 338 410 554 680 
8 49 69 118 168 227 285 339 411 555 681 
9 50 70 119 169 228 286 340 412 556 682 
10 51 71 120 170 229 287 341 413 557 683 
11 52 72 121 171 230 288 342 414 558 684 
19 42 66 143 196 314 466 523 577 651 
20 43 67 144 197 315 467 524 578 652 
21 44 68 127 198 316 468 525 579 653 
22 45 69 128 181 317 451 526 580 654 
23 46 70 129 182 318 452 527 581 655 
24 47 71 130 183 319 453 528 582 656 
25 48 72 131 184 320 454 529 583 657 
26 49 55 132 185 321 455 530 584 658 
27 50 56 133 186 322 456 531 585 659 
28 51 57 134 187 323 457 532 586 660 
29 52 58 135 188 324 458 533 587 661 
30 53 59 136 189 307 459 534 588 662 
31 54 60 137 190 308 460 535 589 663 
32 37 61 138 191 309 461 536 590 664 
33 38 62 139 192 310 462 537 591 665 
34 39 63 140 193 311 463 538 592 666 
35 40 64 141 194 312 464 539 593 649 
36 41 65 142 195 313 465 540 594 650 
2 29 37 270 480 613 649 
3 30 38 253 481 614 650 
4 31 39 254 482 615 651 
5 32 40 255 483 616 652 
6 33 41 256 484 617 653 
7 34 42 257 485 618 654 
8 35 43 258 486 619 655 
9 36 44 259 469 620 656 
10 19 45 260 470 621 657 
11 20 46 261 471 622 658 
12 21 47 262 472 623 659 
13 22 48 263 473 624 660 
14 23 49 264 474 625 661 
15 24 50 265 475 626 662 
16 25 51 266 476 627 663 
17 26 52 267 477 628 664 
18 27 53 268 478 629 665 
1 28 54 269 479 630 666 
1 23 65 107 155 216 255 307 383 784 
2 24 66 108 156 199 256 308 384 785 
3 25 67 91 157 200 257 309 385 786 
4 26 68 92 158 201 258 310 386 787 
5 27 69 93 159 202 259 311 387 788 
6 28 70 94 160 203 260 312 388 789 
7 29 71 95 161 204 261 313 389 790 
8 30 72 96 162 205 262 314 390 791 
9 31 55 97 145 206 263 315 391 792 
10 32 56 98 146 207 264 316 392 775 
11 33 57 99 147 208 265 317 393 776 
12 34 58 100 148 209 266 318 394 777 
13 35 59 101 149 210 267 319 395 778 
14 36 60 102 150 211 268 320 396 779 
15 19 61 103 151 212 269 321 379 780 
16 20 62 104 152 213 270 322 380 781 
17 21 63 105 153 214 253 323 381 782 
18 22 64 106 154 215 254 324 382 783 
34 37 70 112 175 253 307 410 613 737 
35 38 71 113 176 254 308 411 614 738 
36 39 72 114 177 255 309 412 615 721 
19 40 55 115 178 256 310 413 616 722 
20 41 56 116 179 257 311 414 617 723 
21 42 57 117 180 258 312 397 618 724 
22 43 58 118 163 259 313 398 619 725 
23 44 59 119 164 260 314 399 620 726 
24 45 60 120 165 261 315 400 621 727 
25 46 61 121 166 262 316 401 622 728 
26 47 62 122 167 263 317 402 623 729 
27 48 63 123 168 264 318 403 624 730 
28 49 64 124 169 265 319 404 625 731 
29 50 65 125 170 266 320 405 626 732 
30 51 66 126 171 267 321 406 627 733 
31 52 67 109 172 268 322 407 628 734 
32 53 68 110 173 269 323 408 629 735 
33 54 69 111 174 270 324 409 630 736 
14 38 55 120 177 226 275 336 430 523 649 754 775 
15 39 56 121 178 227 276 337 431 524 650 755 776 
16 40 57 122 179 228 277 338 432 525 651 756 777 
17 41 58 123 180 229 278 339 415 526 652 739 778 
18 42 59 124 163 230 279 340 416 527 653 740 779 
1 43 60 125 164 231 280 341 417 528 654 741 780 
2 44 61 126 165 232 281 342 418 529 655 742 781 
3 45 62 109 166 233 282 325 419 530 656 743 782 
4 46 63 110 167 234 283 326 420 531 657 744 783 
5 47 64 111 168 217 284 327 421 532 658 745 784 
6 48 65 112 169 218 285 328 422 533 659 746 785 
7 49 66 113 170 219 286 329 423 534 660 747 786 
8 50 67 114 171 220 287 330 424 535 661 748 787 
9 51 68 115 172 221 288 331 425 536 662 749 788 
10 52 69 116 173 222 271 332 426 537 663 750 789 
11 53 70 117 174 223 272 333 427 538 664 751 790 
12 54 71 118 175 224 273 334 428 539 665 752 791 
13 37 72 119 176 225 274 335 429 540 666 753 792 
1 25 53 153 325 512 712 
2 26 54 154 326 513 713 
3 27 37 155 327 514 714 
4 28 38 156 328 515 715 
5 29 39 157 329 516 716 
6 30 40 158 330 517 717 
7 31 41 159 331 518 718 
8 32 42 160 332 519 719 
9 33 43 161 333 520 720 
10 34 44 162 334 521 703 
11 35 45 145 335 522 704 
12 36 46 146 336 505 705 
13 19 47 147 337 506 706 
14 20 48 148 338 507 707 
15 21 49 149 339 508 708 
16 22 50 150 340 509 709 
17 23 51 151 341 510 710 
18 24 52 152 342 511 711 
18 37 68 109 170 242 289 388 
1 38 69 110 171 243 290 389 
2 39 70 111 172 244 291 390 
3 40 71 112 173 245 292 391 
4 41 72 113 174 246 293 392 
5 42 55 114 175 247 294 393 
6 43 56 115 176 248 295 394 
7 44 57 116 177 249 296 395 
8 45 58 117 178 250 297 396 
9 46 59 118 179 251 298 379 
10 47 60 119 180 252 299 380 
11 48 61 120 163 235 300 381 
12 49 62 121 164 236 301 382 
13 50 63 122 165 237 302 383 
14 51 64 123 166 238 303 384 
15 52 65 124 167 239 304 385 
16 53 66 125 168 240 305 386 
17 54 67 126 169 241 306 387 
10 26 55 102 148 214 264 307 379 515 595 
11 27 56 103 149 215 265 308 380 516 596 
12 28 57 104 150 216 266 309 381 517 597 
13 29 58 105 151 199 267 310 382 518 598 
14 30 59 106 152 200 268 311 383 519 599 
15 31 60 107 153 201 269 312 384 520 600 
16 32 61 108 154 202 270 313 385 521 601 
17 33 62 91 155 203 253 314 386 522 602 
18 34 63 92 156 204 254 315 387 505 603 
1 35 64 93 157 205 255 316 388 506 604 
2 36 65 94 158 206 256 317 389 507 605 
3 19 66 95 159 207 257 318 390 508 606 
4 20 67 96 160 208 258 319 391 509 607 
5 21 68 97 161 209 259 320 392 510 608 
6 22 69 98 162 210 260 321 393 511 609 
7 23 70 99 145 211 261 322 394 512 610 
8 24 71 100 146 212 262 323 395 513 611 
9 25 72 101 147 213 263 324 396 514 612 
18 19 72 91 149 214 289 367 433 573 642 808 
1 20 55 92 150 215 290 368 434 574 643 809 
2 21 56 93 151 216 291 369 435 575 644 810 
3 22 57 94 152 199 292 370 436 576 645 793 
4 23 58 95 153 200 293 371 437 559 646 794 
5 24 59 96 154 201 294 372 438 560 647 795 
6 25 60 97 155 202 295 373 439 561 648 796 
7 26 61 98 156 203 296 374 440 562 631 797 
8 27 62 99 157 204 297 375 441 563 632 798 
9 28 63 100 158 205 298 376 442 564 633 799 
10 29 64 101 159 206 299 377 443 565 634 800 
11 30 65 102 160 207 300 378 444 566 635 801 
12 31 66 103 161 208 301 361 445 567 636 802 
13 32 67 104 162 209 302 362 446 568 637 803 
14 33 68 105 145 210 303 363 447 569 638 804 
15 34 69 106 146 211 304 364 448 570 639 805 
16 35 70 107 147 212 305 365 449 571 640 806 
17 36 71 108 148 213 306 366 450 572 641 807 
1 19 209 235 667 
2 20 210 236 668 
3 21 211 237 669 
4 22 212 238 670 
5 23 213 239 671 
6 24 214 240 672 
7 25 215 241 673 
8 26 216 242 674 
9 27 199 243 675 
10 28 200 244 676 
11 29 201 245 677 
12 30 202 246 678 
13 31 203 247 679 
14 32 204 248 680 
15 33 205 249 681 
16 34 206 250 682 
17 35 207 251 683 
18 36 208 252 684 
19 37 145 548 577 758 
20 38 146 549 578 759 
21 39 147 550 579 760 
22 40 148 551 580 761 
23 41 149 552 581 762 
24 42 150 553 582 763 
25 43 151 554 583 764 
26 44 152 555 584 765 
27 45 153 556 585 766 
28 46 154 557 586 767 
29 47 155 558 587 768 
30 48 156 541 588 769 
31 49 157 542 589 770 
32 50 158 543 590 771 
33 51 159 544 591 772 
34 52 160 545 592 773 
35 53 161 546 593 774 
36 54 162 547 594 757 
37 55 279 535 576 775 
38 56 280 536 559 776 
39 57 281 537 560 777 
40 58 282 538 561 778 
41 59 283 539 562 779 
42 60 284 540 563 780 
43 61 285 523 564 781 
44 62 286 524 565 782 
45 63 287 525 566 783 
46 64 288 526 567 784 
47 65 271 527 568 785 
48 66 272 528 569 786 
49 67 273 529 570 787 
50 68 274 530 571 788 
51 69 275 531 572 789 
52 70 276 532 573 790 
53 71 277 533 574 791 
54 72 278 534 575 792 
73 
74 
75 
76 
77 
78 
79 
80 
81 
82 
83 
84 
85 
86 
87 
88 
89 
90 
91 
92 
93 
94 
95 
96 
97 
98 
99 
100 
101 
102 
103 
104 
105 
106 
107 
108 
109 
110 
111 
112 
113 
114 
115 
116 
117 
118 
119 
120 
121 
122 
123 
124 
125 
126 
127 
128 
129 
130 
131 
132 
133 
134 
135 
136 
137 
138 
139 
140 
141 
142 
143 
144 
145 
146 
147 
148 
149 
150 
151 
152 
153 
154 
155 
156 
157 
158 
159 
160 
161 
162 
163 
164 
165 
166 
167 
168 
169 
170 
171 
172 
173 
174 
175 
176 
177 
178 
179 
180 
181 
182 
183 
184 
185 
186 
187 
188 
189 
190 
191 
192 
193 
194 
195 
196 
197 
198 
199 
200 
201 
202 
203 
204 
205 
206 
207 
208 
209 
210 
211 
212 
213 
214 
215 
216 
217 
218 
219 
220 
221 
222 
223 
224 
225 
226 
227 
228 
229 
230 
231 
232 
233 
234 
235 
236 
237 
238 
239 
240 
241 
242 
243 
244 
245 
246 
247 
248 
249 
250 
251 
252 
253 
254 
255 
256 
257 
258 
259 
260 
261 
262 
263 
264 
265 
266 
267 
268 
269 
270 
271 
272 
273 
274 
275 
276 
277 
278 
279 
280 
281 
282 
283 
284 
285 
286 
287 
288 
289 
290 
291 
292 
293 
294 
295 
296 
297 
298 
299 
300 
301 
302 
303 
304 
305 
306 
307 
308 
309 
310 
311 
312 
313 
314 
315 
316 
317 
318 
319 
320 
321 
322 
323 
324 
325 
326 
327 
328 
329 
330 
331 
332 
333 
334 
335 
336 
337 
338 
339 
340 
341 
342 
343 
344 
345 
346 
347 
348 
349 
350 
351 
352 
353 
354 
355 
356 
357 
358 
359 
360 
361 
362 
363 
364 
365 
366 
367 
368 
369 
370 
371 
372 
373 
374 
375 
376 
377 
378 
379 
380 
381 
382 
383 
384 
385 
386 
387 
388 
389 
390 
391 
392 
393 
394 
395 
396 
397 
398 
399 
400 
401 
402 
403 
404 
405 
406 
407 
408 
409 
410 
411 
412 
413 
414 
415 
416 
417 
418 
419 
420 
421 
422 
423 
424 
425 
426 
427 
428 
429 
430 
431 
432 
433 
434 
435 
436 
437 
438 
439 
440 
441 
442 
443 
444 
445 
446 
447 
448 
449 
450 
451 
452 
453 
454 
455 
456 
457 
458 
459 
460 
461 
462 
463 
464 
465 
466 
467 
468 
469 
470 
471 
472 
473 
474 
475 
476 
477 
478 
479 
480 
481 
482 
483 
484 
485 
486 
487 
488 
489 
490 
491 
492 
493 
494 
495 
496 
497 
498 
499 
500 
501 
502 
503 
504 
505 
506 
507 
508 
509 
510 
511 
512 
513 
514 
515 
516 
517 
518 
519 
520 
521 
522 
523 
524 
525 
526 
527 
528 
529 
530 
531 
532 
533 
534 
535 
536 
537 
538 
539 
540 
541 
542 
543 
544 
545 
546 
547 
548 
549 
550 
551 
552 
553 
554 
555 
556 
557 
558 
559 
560 
561 
562 
563 
564 
565 
566 
567 
568 
569 
570 
571 
572 
573 
574 
575 
576 
577 
578 
579 
580 
581 
582 
583 
584 
585 
586 
587 
588 
589 
590 
591 
592 
593 
594 
595 
596 
597 
598 
599 
600 
601 
602 
603 
604 
605 
606 
607 
608 
609 
610 
611 
612 
613 
614 
615 
616 
617 
618 
619 
620 
621 
622 
623 
624 
625 
626 
627 
628 
629 
630 
631 
632 
633 
634 
635 
636 
637 
638 
639 
640 
641 
642 
643 
644 
645 
646 
647 
648 
649 
650 
651 
652 
653 
654 
655 
656 
657 
658 
659 
660 
661 
662 
663 
664 
665 
666 
667 
668 
669 
670 
671 
672 
673 
674 
675 
676 
677 
678 
679 
680 
681 
682 
683 
684 
685 
686 
687 
688 
689 
690 
691 
692 
693 
694 
695 
696 
697 
698 
699 
700 
701 
702 
703 
704 
705 
706 
707 
708 
709 
710 
711 
712 
713 
714 
715 
716 
717 
718 
719 
720 
721 
722 
723 
724 
725 
726 
727 
728 
729 
730 
731 
732 
733 
734 
735 
736 
737 
738 
739 
740 
741 
742 
743 
744 
745 
746 
747 
748 
749 
750 
751 
752 
753 
754 
755 
756 
757 
758 
759 
760 
761 
762 
763 
764 
765 
766 
767 
768 
769 
770 
771 
772 
773 
774 
775 
776 
777 
778 
779 
780 
781 
782 
783 
784 
785 
786 
787 
788 
789 
790 
791 
792 
793 
794 
795 
796 
797 
798 
799 
800 
801 
802 
803 
804 
805 
806 
807 
808 
809 
810 
811 
812 
813 
814 
815 
816 
817 
818 
819 
820 
821 
822 
823 
824 
825 
826 
827 
828 
14 19 45 61 94 113 174 181 207 217 242 288 289 330 343 362 388 398 415 
15 20 46 62 95 114 175 182 208 218 243 271 290 331 344 363 389 399 416 
16 21 47 63 96 115 176 183 209 219 244 272 291 332 345 364 390 400 417 
17 22 48 64 97 116 177 184 210 220 245 273 292 333 346 365 391 401 418 
18 23 49 65 98 117 178 185 211 221 246 274 293 334 347 366 392 402 419 
1 24 50 66 99 118 179 186 212 222 247 275 294 335 348 367 393 403 420 
2 25 51 67 100 119 180 187 213 223 248 276 295 336 349 368 394 404 421 
3 26 52 68 101 120 163 188 214 224 249 277 296 337 350 369 395 405 422 
4 27 53 69 102 121 164 189 215 225 250 278 297 338 351 370 396 406 423 
5 28 54 70 103 122 165 190 216 226 251 279 298 339 352 371 379 407 424 
6 29 37 71 104 123 166 191 199 227 252 280 299 340 353 372 380 408 425 
7 30 38 72 105 124 167 192 200 228 235 281 300 341 354 373 381 409 426 
8 31 39 55 106 125 168 193 201 229 236 282 301 342 355 374 382 410 427 
9 32 40 56 107 126 169 194 202 230 237 283 302 325 356 375 383 411 428 
10 33 41 57 108 109 170 195 203 231 238 284 303 326 357 376 384 412 429 
11 34 42 58 91 110 171 196 204 232 239 285 304 327 358 377 385 413 430 
12 35 43 59 92 111 172 197 205 233 240 286 305 328 359 378 386 414 431 
13 36 44 60 93 112 173 198 206 234 241 287 306 329 360 361 387 397 432 
18 37 62 77 107 131 149 172 200 232 253 279 303 310 355 390 397 415 433 
1 38 63 78 108 132 150 173 201 233 254 280 304 311 356 391 398 416 434 
2 39 64 79 91 133 151 174 202 234 255 281 305 312 357 392 399 417 435 
3 40 65 80 92 134 152 175 203 217 256 282 306 313 358 393 400 418 436 
4 41 66 81 93 135 153 176 204 218 257 283 289 314 359 394 401 419 437 
5 42 67 82 94 136 154 177 205 219 258 284 290 315 360 395 402 420 438 
6 43 68 83 95 137 155 178 206 220 259 285 291 316 343 396 403 421 439 
7 44 69 84 96 138 156 179 207 221 260 286 292 317 344 379 404 422 440 
8 45 70 85 97 139 157 180 208 222 261 287 293 318 345 380 405 423 441 
9 46 71 86 98 140 158 163 209 223 262 288 294 319 346 381 406 424 442 
10 47 72 87 99 141 159 164 210 224 263 271 295 320 347 382 407 425 443 
11 48 55 88 100 142 160 165 211 225 264 272 296 321 348 383 408 426 444 
12 49 56 89 101 143 161 166 212 226 265 273 297 322 349 384 409 427 445 
13 50 57 90 102 144 162 167 213 227 266 274 298 323 350 385 410 428 446 
14 51 58 73 103 127 145 168 214 228 267 275 299 324 351 386 411 429 447 
15 52 59 74 104 128 146 169 215 229 268 276 300 307 352 387 412 430 448 
16 53 60 75 105 129 147 170 216 230 269 277 301 308 353 388 413 431 449 
17 54 61 76 106 130 148 171 199 231 270 278 302 309 354 389 414 432 450 
7 24 41 80 100 113 129 154 163 184 237 266 271 307 342 345 361 433 451 
8 25 42 81 101 114 130 155 164 185 238 267 272 308 325 346 362 434 452 
9 26 43 82 102 115 131 156 165 186 239 268 273 309 326 347 363 435 453 
10 27 44 83 103 116 132 157 166 187 240 269 274 310 327 348 364 436 454 
11 28 45 84 104 117 133 158 167 188 241 270 275 311 328 349 365 437 455 
12 29 46 85 105 118 134 159 168 189 242 253 276 312 329 350 366 438 456 
13 30 47 86 106 119 135 160 169 190 243 254 277 313 330 351 367 439 457 
14 31 48 87 107 120 136 161 170 191 244 255 278 314 331 352 368 440 458 
15 32 49 88 108 121 137 162 171 192 245 256 279 315 332 353 369 441 459 
16 33 50 89 91 122 138 145 172 193 246 257 280 316 333 354 370 442 460 
17 34 51 90 92 123 139 146 173 194 247 258 281 317 334 355 371 443 461 
18 35 52 73 93 124 140 147 174 195 248 259 282 318 335 356 372 444 462 
1 36 53 74 94 125 141 148 175 196 249 260 283 319 336 357 373 445 463 
2 19 54 75 95 126 142 149 176 197 250 261 284 320 337 358 374 446 464 
3 20 37 76 96 109 143 150 177 198 251 262 285 321 338 359 375 447 465 
4 21 38 77 97 110 144 151 178 181 252 263 286 322 339 360 376 448 466 
5 22 39 78 98 111 127 152 179 182 235 264 287 323 340 343 377 449 467 
6 23 40 79 99 112 128 153 180 183 236 265 288 324 341 344 378 450 468 
8 20 59 73 119 133 162 186 199 220 235 260 297 310 325 366 379 398 451 
9 21 60 74 120 134 145 187 200 221 236 261 298 311 326 367 380 399 452 
10 22 61 75 121 135 146 188 201 222 237 262 299 312 327 368 381 400 453 
11 23 62 76 122 136 147 189 202 223 238 263 300 313 328 369 382 401 454 
12 24 63 77 123 137 148 190 203 224 239 264 301 314 329 370 383 402 455 
13 25 64 78 124 138 149 191 204 225 240 265 302 315 330 371 384 403 456 
14 26 65 79 125 139 150 192 205 226 241 266 303 316 331 372 385 404 457 
15 27 66 80 126 140 151 193 206 227 242 267 304 317 332 373 386 405 458 
16 28 67 81 109 141 152 194 207 228 243 268 305 318 333 374 387 406 459 
17 29 68 82 110 142 153 195 208 229 244 269 306 319 334 375 388 407 460 
18 30 69 83 111 143 154 196 209 230 245 270 289 320 335 376 389 408 461 
1 31 70 84 112 144 155 197 210 231 246 253 290 321 336 377 390 409 462 
2 32 71 85 113 127 156 198 211 232 247 254 291 322 337 378 391 410 463 
3 33 72 86 114 128 157 181 212 233 248 255 292 323 338 361 392 411 464 
4 34 55 87 115 129 158 182 213 234 249 256 293 324 339 362 393 412 465 
5 35 56 88 116 130 159 183 214 217 250 257 294 307 340 363 394 413 466 
6 36 57 89 117 131 160 184 215 218 251 258 295 308 341 364 395 414 467 
7 19 58 90 118 132 161 185 216 219 252 259 296 309 342 365 396 397 468 
13 20 469 
14 21 470 
15 22 471 
16 23 472 
17 24 473 
18 25 474 
1 26 475 
2 27 476 
3 28 477 
4 29 478 
5 30 479 
6 31 480 
7 32 481 
8 33 482 
9 34 483 
10 35 484 
11 36 485 
12 19 486 
10 20 55 230 291 386 397 487 
11 21 56 231 292 387 398 488 
12 22 57 232 293 388 399 489 
13 23 58 233 294 389 400 490 
14 24 59 234 295 390 401 491 
15 25 60 217 296 391 402 492 
16 26 61 218 297 392 403 493 
17 27 62 219 298 393 404 494 
18 28 63 220 299 394 405 495 
1 29 64 221 300 395 406 496 
2 30 65 222 301 396 407 497 
3 31 66 223 302 379 408 498 
4 32 67 224 303 380 409 499 
5 33 68 225 304 381 410 500 
6 34 69 226 305 382 411 501 
7 35 70 227 306 383 412 502 
8 36 71 228 289 384 413 503 
9 19 72 229 290 385 414 504 
9 109 188 199 240 322 332 361 505 
10 110 189 200 241 323 333 362 506 
11 111 190 201 242 324 334 363 507 
12 112 191 202 243 307 335 364 508 
13 113 192 203 244 308 336 365 509 
14 114 193 204 245 309 337 366 510 
15 115 194 205 246 310 338 367 511 
16 116 195 206 247 311 339 368 512 
17 117 196 207 248 312 340 369 513 
18 118 197 208 249 313 341 370 514 
1 119 198 209 250 314 342 371 515 
2 120 181 210 251 315 325 372 516 
3 121 182 211 252 316 326 373 517 
4 122 183 212 235 317 327 374 518 
5 123 184 213 236 318 328 375 519 
6 124 185 214 237 319 329 376 520 
7 125 186 215 238 320 330 377 521 
8 126 187 216 239 321 331 378 522 
8 28 83 131 159 255 523 
9 29 84 132 160 256 524 
10 30 85 133 161 257 525 
11 31 86 134 162 258 526 
12 32 87 135 145 259 527 
13 33 88 136 146 260 528 
14 34 89 137 147 261 529 
15 35 90 138 148 262 530 
16 36 73 139 149 263 531 
17 19 74 140 150 264 532 
18 20 75 141 151 265 533 
1 21 76 142 152 266 534 
2 22 77 143 153 267 535 
3 23 78 144 154 268 536 
4 24 79 127 155 269 537 
5 25 80 128 156 270 538 
6 26 81 129 157 253 539 
7 27 82 130 158 254 540 
1 19 55 222 297 353 394 411 433 541 
2 20 56 223 298 354 395 412 434 542 
3 21 57 224 299 355 396 413 435 543 
4 22 58 225 300 356 379 414 436 544 
5 23 59 226 301 357 380 397 437 545 
6 24 60 227 302 358 381 398 438 546 
7 25 61 228 303 359 382 399 439 547 
8 26 62 229 304 360 383 400 440 548 
9 27 63 230 305 343 384 401 441 549 
10 28 64 231 306 344 385 402 442 550 
11 29 65 232 289 345 386 403 443 551 
12 30 66 233 290 346 387 404 444 552 
13 31 67 234 291 347 388 405 445 553 
14 32 68 217 292 348 389 406 446 554 
15 33 69 218 293 349 390 407 447 555 
16 34 70 219 294 350 391 408 448 556 
17 35 71 220 295 351 392 409 449 557 
18 36 72 221 296 352 393 410 450 558 
1 34 184 207 244 313 329 372 559 
2 35 185 208 245 314 330 373 560 
3 36 186 209 246 315 331 374 561 
4 19 187 210 247 316 332 375 562 
5 20 188 211 248 317 333 376 563 
6 21 189 212 249 318 334 377 564 
7 22 190 213 250 319 335 378 565 
8 23 191 214 251 320 336 361 566 
9 24 192 215 252 321 337 362 567 
10 25 193 216 235 322 338 363 568 
11 26 194 199 236 323 339 364 569 
12 27 195 200 237 324 340 365 570 
13 28 196 201 238 307 341 366 571 
14 29 197 202 239 308 342 367 572 
15 30 198 203 240 309 325 368 573 
16 31 181 204 241 310 326 369 574 
17 32 182 205 242 311 327 370 575 
18 33 183 206 243 312 328 371 576 
35 38 83 142 145 256 577 
36 39 84 143 146 257 578 
19 40 85 144 147 258 579 
20 41 86 127 148 259 580 
21 42 87 128 149 260 581 
22 43 88 129 150 261 582 
23 44 89 130 151 262 583 
24 45 90 131 152 263 584 
25 46 73 132 153 264 585 
26 47 74 133 154 265 586 
27 48 75 134 155 266 587 
28 49 76 135 156 267 588 
29 50 77 136 157 268 589 
30 51 78 137 158 269 590 
31 52 79 138 159 270 591 
32 53 80 139 160 253 592 
33 54 81 140 161 254 593 
34 37 82 141 162 255 594 
2 24 221 290 382 400 423 595 
3 25 222 291 383 401 424 596 
4 26 223 292 384 402 425 597 
5 27 224 293 385 403 426 598 
6 28 225 294 386 404 427 599 
7 29 226 295 387 405 428 600 
8 30 227 296 388 406 429 601 
9 31 228 297 389 407 430 602 
10 32 229 298 390 408 431 603 
11 33 230 299 391 409 432 604 
12 34 231 300 392 410 415 605 
13 35 232 301 393 411 416 606 
14 36 233 302 394 412 417 607 
15 19 234 303 395 413 418 608 
16 20 217 304 396 414 419 609 
17 21 218 305 379 397 420 610 
18 22 219 306 380 398 421 611 
1 23 220 289 381 399 422 612 
10 19 191 206 239 334 613 
11 20 192 207 240 335 614 
12 21 193 208 241 336 615 
13 22 194 209 242 337 616 
14 23 195 210 243 338 617 
15 24 196 211 244 339 618 
16 25 197 212 245 340 619 
17 26 198 213 246 341 620 
18 27 181 214 247 342 621 
1 28 182 215 248 325 622 
2 29 183 216 249 326 623 
3 30 184 199 250 327 624 
4 31 185 200 251 328 625 
5 32 186 201 252 329 626 
6 33 187 202 235 330 627 
7 34 188 203 236 331 628 
8 35 189 204 237 332 629 
9 36 190 205 238 333 630 
16 55 127 372 415 631 
17 56 128 373 416 632 
18 57 129 374 417 633 
1 58 130 375 418 634 
2 59 131 376 419 635 
3 60 132 377 420 636 
4 61 133 378 421 637 
5 62 134 361 422 638 
6 63 135 362 423 639 
7 64 136 363 424 640 
8 65 137 364 425 641 
9 66 138 365 426 642 
10 67 139 366 427 643 
11 68 140 367 428 644 
12 69 141 368 429 645 
13 70 142 369 430 646 
14 71 143 370 431 647 
15 72 144 371 432 648 
1 223 272 305 307 386 649 
2 224 273 306 308 387 650 
3 225 274 289 309 388 651 
4 226 275 290 310 389 652 
5 227 276 291 311 390 653 
6 228 277 292 312 391 654 
7 229 278 293 313 392 655 
8 230 279 294 314 393 656 
9 231 280 295 315 394 657 
10 232 281 296 316 395 658 
11 233 282 297 317 396 659 
12 234 283 298 318 379 660 
13 217 284 299 319 380 661 
14 218 285 300 320 381 662 
15 219 286 301 321 382 663 
16 220 287 302 322 383 664 
17 221 288 303 323 384 665 
18 222 271 304 324 385 666 
9 19 184 235 339 461 667 
10 20 185 236 340 462 668 
11 21 186 237 341 463 669 
12 22 187 238 342 464 670 
13 23 188 239 325 465 671 
14 24 189 240 326 466 672 
15 25 190 241 327 467 673 
16 26 191 242 328 468 674 
17 27 192 243 329 451 675 
18 28 193 244 330 452 676 
1 29 194 245 331 453 677 
2 30 195 246 332 454 678 
3 31 196 247 333 455 679 
4 32 197 248 334 456 680 
5 33 198 249 335 457 681 
6 34 181 250 336 458 682 
7 35 182 251 337 459 683 
8 36 183 252 338 460 684 
19 68 208 361 397 685 
20 69 209 362 398 686 
21 70 210 363 399 687 
22 71 211 364 400 688 
23 72 212 365 401 689 
24 55 213 366 402 690 
25 56 214 367 403 691 
26 57 215 368 404 692 
27 58 216 369 405 693 
28 59 199 370 406 694 
29 60 200 371 407 695 
30 61 201 372 408 696 
31 62 202 373 409 697 
32 63 203 374 410 698 
33 64 204 375 411 699 
34 65 205 376 412 700 
35 66 206 377 413 701 
36 67 207 378 414 702 
10 264 289 307 379 703 
11 265 290 308 380 704 
12 266 291 309 381 705 
13 267 292 310 382 706 
14 268 293 311 383 707 
15 269 294 312 384 708 
16 270 295 313 385 709 
17 253 296 314 386 710 
18 254 297 315 387 711 
1 255 298 316 388 712 
2 256 299 317 389 713 
3 257 300 318 390 714 
4 258 301 319 391 715 
5 259 302 320 392 716 
6 260 303 321 393 717 
7 261 304 322 394 718 
8 262 305 323 395 719 
9 263 306 324 396 720 
36 224 235 332 343 721 
19 225 236 333 344 722 
20 226 237 334 345 723 
21 227 238 335 346 724 
22 228 239 336 347 725 
23 229 240 337 348 726 
24 230 241 338 349 727 
25 231 242 339 350 728 
26 232 243 340 351 729 
27 233 244 341 352 730 
28 234 245 342 353 731 
29 217 246 325 354 732 
30 218 247 326 355 733 
31 219 248 327 356 734 
32 220 249 328 357 735 
33 221 250 329 358 736 
34 222 251 330 359 737 
35 223 252 331 360 738 
1 19 137 145 181 739 
2 20 138 146 182 740 
3 21 139 147 183 741 
4 22 140 148 184 742 
5 23 141 149 185 743 
6 24 142 150 186 744 
7 25 143 151 187 745 
8 26 144 152 188 746 
9 27 127 153 189 747 
10 28 128 154 190 748 
11 29 129 155 191 749 
12 30 130 156 192 750 
13 31 131 157 193 751 
14 32 132 158 194 752 
15 33 133 159 195 753 
16 34 134 160 196 754 
17 35 135 161 197 755 
18 36 136 162 198 756 
14 64 163 199 409 757 
15 65 164 200 410 758 
16 66 165 201 411 759 
17 67 166 202 412 760 
18 68 167 203 413 761 
1 69 168 204 414 762 
2 70 169 205 397 763 
3 71 170 206 398 764 
4 72 171 207 399 765 
5 55 172 208 400 766 
6 56 173 209 401 767 
7 57 174 210 402 768 
8 58 175 211 403 769 
9 59 176 212 404 770 
10 60 177 213 405 771 
11 61 178 214 406 772 
12 62 179 215 407 773 
13 63 180 216 408 774 
29 101 303 370 379 775 
30 102 304 371 380 776 
31 103 305 372 381 777 
32 104 306 373 382 778 
33 105 289 374 383 779 
34 106 290 375 384 780 
35 107 291 376 385 781 
36 108 292 377 386 782 
19 91 293 378 387 783 
20 92 294 361 388 784 
21 93 295 362 389 785 
22 94 296 363 390 786 
23 95 297 364 391 787 
24 96 298 365 392 788 
25 97 299 366 393 789 
26 98 300 367 394 790 
27 99 301 368 395 791 
28 100 302 369 396 792 
1 226 235 312 793 
2 227 236 313 794 
3 228 237 314 795 
4 229 238 315 796 
5 230 239 316 797 
6 231 240 317 798 
7 232 241 318 799 
8 233 242 319 800 
9 234 243 320 801 
10 217 244 321 802 
11 218 245 322 803 
12 219 246 323 804 
13 220 247 324 805 
14 221 248 307 806 
15 222 249 308 807 
16 223 250 309 808 
17 224 251 310 809 
18 225 252 311 810 
19 37 181 328 811 
20 38 182 329 812 
21 39 183 330 813 
22 40 184 331 814 
23 41 185 332 815 
24 42 186 333 816 
25 43 187 334 817 
26 44 188 335 818 
27 45 189 336 819 
28 46 190 337 820 
29 47 191 338 821 
30 48 192 339 822 
31 49 193 340 823 
32 50 194 341 824 
33 51 195 342 825 
34 52 196 325 826 
35 53 197 326 827 
36 54 198 327 828 
3 56 73 213 397 829 
4 57 74 214 398 830 
5 58 75 215 399 831 
6 59 76 216 400 832 
7 60 77 199 401 833 
8 61 78 200 402 834 
9 62 79 201 403 835 
10 63 80 202 404 836 
11 64 81 203 405 837 
12 65 82 204 406 838 
13 66 83 205 407 839 
14 67 84 206 408 840 
15 68 85 207 409 841 
16 69 86 208 410 842 
17 70 87 209 411 843 
18 71 88 210 412 844 
1 72 89 211 413 845 
2 55 90 212 414 846 
26 109 127 256 847 
27 110 128 257 848 
28 111 129 258 849 
29 112 130 259 850 
30 113 131 260 851 
31 114 132 261 852 
32 115 133 262 853 
33 116 134 263 854 
34 117 135 264 855 
35 118 136 265 856 
36 119 137 266 857 
19 120 138 267 858 
20 121 139 268 859 
21 122 140 269 860 
22 123 141 270 861 
23 124 142 253 862 
24 125 143 254 863 
25 126 144 255 864 
1 37 73 278 865 
2 38 74 279 866 
3 39 75 280 867 
4 40 76 281 868 
5 41 77 282 869 
6 42 78 283 870 
7 43 79 284 871 
8 44 80 285 872 
9 45 81 286 873 
10 46 82 287 874 
11 47 83 288 875 
12 48 84 271 876 
13 49 85 272 877 
14 50 86 273 878 
15 51 87 274 879 
16 52 88 275 880 
17 53 89 276 881 
18 54 90 277 882 
28 109 145 883 
29 110 146 884 
30 111 147 885 
31 112 148 886 
32 113 149 887 
33 114 150 888 
34 115 151 889 
35 116 152 890 
36 117 153 891 
19 118 154 892 
20 119 155 893 
21 120 156 894 
22 121 157 895 
23 122 158 896 
24 123 159 897 
25 124 160 898 
26 125 161 899 
27 126 162 900 
6 73 354 387 901 
7 74 355 388 902 
8 75 356 389 903 
9 76 357 390 904 
10 77 358 391 905 
11 78 359 392 906 
12 79 360 393 907 
13 80 343 394 908 
14 81 344 395 909 
15 82 345 396 910 
16 83 346 379 911 
17 84 347 380 912 
18 85 348 381 913 
1 86 349 382 914 
2 87 350 383 915 
3 88 351 384 916 
4 89 352 385 917 
5 90 353 386 918 
19 253 325 457 919 
20 254 326 458 920 
21 255 327 459 921 
22 256 328 460 922 
23 257 329 461 923 
24 258 330 462 924 
25 259 331 463 925 
26 260 332 464 926 
27 261 333 465 927 
28 262 334 466 928 
29 263 335 467 929 
30 264 336 468 930 
31 265 337 451 931 
32 266 338 452 932 
33 267 339 453 933 
34 268 340 454 934 
35 269 341 455 935 
36 270 342 456 936 
1 181 235 444 937 
2 182 236 445 938 
3 183 237 446 939 
4 184 238 447 940 
5 185 239 448 941 
6 186 240 449 942 
7 187 241 450 943 
8 188 242 433 944 
9 189 243 434 945 
10 190 244 435 946 
11 191 245 436 947 
12 192 246 437 948 
13 193 247 438 949 
14 194 248 439 950 
15 195 249 440 951 
16 196 250 441 952 
17 197 251 442 953 
18 198 252 443 954 
19 127 401 452 955 
20 128 402 453 956 
21 129 403 454 957 
22 130 404 455 958 
23 131 405 456 959 
24 132 406 457 960 
25 133 407 458 961 
26 134 408 459 962 
27 135 409 460 963 
28 136 410 461 964 
29 137 411 462 965 
30 138 412 463 966 
31 139 413 464 967 
32 140 414 465 968 
33 141 397 466 969 
34 142 398 467 970 
35 143 399 468 971 
36 144 400 451 972 
1 230 253 433 973 
2 231 254 434 974 
3 232 255 435 975 
4 233 256 436 976 
5 234 257 437 977 
6 217 258 438 978 
7 218 259 439 979 
8 219 260 440 980 
9 220 261 441 981 
10 221 262 442 982 
11 222 263 443 983 
12 223 264 444 984 
13 224 265 445 985 
14 225 266 446 986 
15 226 267 447 987 
16 227 268 448 988 
17 228 269 449 989 
18 229 270 450 990 
19 37 203 379 991 
20 38 204 380 992 
21 39 205 381 993 
22 40 206 382 994 
23 41 207 383 995 
24 42 208 384 996 
25 43 209 385 997 
26 44 210 386 998 
27 45 211 387 999 
28 46 212 388 1000 
29 47 213 389 1001 
30 48 214 390 1002 
31 49 215 391 1003 
32 50 216 392 1004 
33 51 199 393 1005 
34 52 200 394 1006 
35 53 201 395 1007 
36 54 202 396 1008 
18 127 271 307 1009 
1 128 272 308 1010 
2 129 273 309 1011 
3 130 274 310 1012 
4 131 275 311 1013 
5 132 276 312 1014 
6 133 277 313 1015 
7 134 278 314 1016 
8 135 279 315 1017 
9 136 280 316 1018 
10 137 281 317 1019 
11 138 282 318 1020 
12 139 283 319 1021 
13 140 284 320 1022 
14 141 285 321 1023 
15 142 286 322 1024 
16 143 287 323 1025 
17 144 288 324 1026 
20 117 217 404 1027 
21 118 218 405 1028 
22 119 219 406 1029 
23 120 220 407 1030 
24 121 221 408 1031 
25 122 222 409 1032 
26 123 223 410 1033 
27 124 224 411 1034 
28 125 225 412 1035 
29 126 226 413 1036 
30 109 227 414 1037 
31 110 228 397 1038 
32 111 229 398 1039 
33 112 230 399 1040 
34 113 231 400 1041 
35 114 232 401 1042 
36 115 233 402 1043 
19 116 234 403 1044 
1 269 271 325 1045 
2 270 272 326 1046 
3 253 273 327 1047 
4 254 274 328 1048 
5 255 275 329 1049 
6 256 276 330 1050 
7 257 277 331 1051 
8 258 278 332 1052 
9 259 279 333 1053 
10 260 280 334 1054 
11 261 281 335 1055 
12 262 282 336 1056 
13 263 283 337 1057 
14 264 284 338 1058 
15 265 285 339 1059 
16 266 286 340 1060 
17 267 287 341 1061 
18 268 288 342 1062 
19 235 415 1063 
20 236 416 1064 
21 237 417 1065 
22 238 418 1066 
23 239 419 1067 
24 240 420 1068 
25 241 421 1069 
26 242 422 1070 
27 243 423 1071 
28 244 424 1072 
29 245 425 1073 
30 246 426 1074 
31 247 427 1075 
32 248 428 1076 
33 249 429 1077 
34 250 430 1078 
35 251 431 1079 
36 252 432 1080 
11 163 181 217 1081 
12 164 182 218 1082 
13 165 183 219 1083 
14 166 184 220 1084 
15 167 185 221 1085 
16 168 186 222 1086 
17 169 187 223 1087 
18 170 188 224 1088 
1 171 189 225 1089 
2 172 190 226 1090 
3 173 191 227 1091 
4 174 192 228 1092 
5 175 193 229 1093 
6 176 194 230 1094 
7 177 195 231 1095 
8 178 196 232 1096 
9 179 197 233 1097 
10 180 198 234 1098 
28 55 130 352 1099 
29 56 131 353 1100 
30 57 132 354 1101 
31 58 133 355 1102 
32 59 134 356 1103 
33 60 135 357 1104 
34 61 136 358 1105 
35 62 137 359 1106 
36 63 138 360 1107 
19 64 139 343 1108 
20 65 140 344 1109 
21 66 141 345 1110 
22 67 142 346 1111 
23 68 143 347 1112 
24 69 144 348 1113 
25 70 127 349 1114 
26 71 128 350 1115 
27 72 129 351 1116 
1 145 309 1117 
2 146 310 1118 
3 147 311 1119 
4 148 312 1120 
5 149 313 1121 
6 150 314 1122 
7 151 315 1123 
8 152 316 1124 
9 153 317 1125 
10 154 318 1126 
11 155 319 1127 
12 156 320 1128 
13 157 321 1129 
14 158 322 1130 
15 159 323 1131 
16 160 324 1132 
17 161 307 1133 
18 162 308 1134 
19 55 163 328 1135 
20 56 164 329 1136 
21 57 165 330 1137 
22 58 166 331 1138 
23 59 167 332 1139 
24 60 168 333 1140 
25 61 169 334 1141 
26 62 170 335 1142 
27 63 171 336 1143 
28 64 172 337 1144 
29 65 173 338 1145 
30 66 174 339 1146 
31 67 175 340 1147 
32 68 176 341 1148 
33 69 177 342 1149 
34 70 178 325 1150 
35 71 179 326 1151 
36 72 180 327 1152 
10 73 450 1153 
11 74 433 1154 
12 75 434 1155 
13 76 435 1156 
14 77 436 1157 
15 78 437 1158 
16 79 438 1159 
17 80 439 1160 
18 81 440 1161 
1 82 441 1162 
2 83 442 1163 
3 84 443 1164 
4 85 444 1165 
5 86 445 1166 
6 87 446 1167 
7 88 447 1168 
8 89 448 1169 
9 90 449 1170 
35 298 325 451 1171 
36 299 326 452 1172 
19 300 327 453 1173 
20 301 328 454 1174 
21 302 329 455 1175 
22 303 330 456 1176 
23 304 331 457 1177 
24 305 332 458 1178 
25 306 333 459 1179 
26 289 334 460 1180 
27 290 335 461 1181 
28 291 336 462 1182 
29 292 337 463 1183 
30 293 338 464 1184 
31 294 339 465 1185 
32 295 340 466 1186 
33 296 341 467 1187 
34 297 342 468 1188 
1 127 163 400 1189 
2 128 164 401 1190 
3 129 165 402 1191 
4 130 166 403 1192 
5 131 167 404 1193 
6 132 168 405 1194 
7 133 169 406 1195 
8 134 170 407 1196 
9 135 171 408 1197 
10 136 172 409 1198 
11 137 173 410 1199 
12 138 174 411 1200 
13 139 175 412 1201 
14 140 176 413 1202 
15 141 177 414 1203 
16 142 178 397 1204 
17 143 179 398 1205 
18 144 180 399 1206 
25 109 181 1207 
26 110 182 1208 
27 111 183 1209 
28 112 184 1210 
29 113 185 1211 
30 114 186 1212 
31 115 187 1213 
32 116 188 1214 
33 117 189 1215 
34 118 190 1216 
35 119 191 1217 
36 120 192 1218 
19 121 193 1219 
20 122 194 1220 
21 123 195 1221 
22 124 196 1222 
23 125 197 1223 
24 126 198 1224 
