1360 920
30 19
30 30 30 30 30 30 30 30 30 30 30 30 30 30 30 30 30 30 30 30 28 28 28 28 28 28 28 28 28 28 28 28 28 28 28 28 28 28 28 28 7 7 7 7 7 7 7 7 7 7 7 7 7 7 7 7 7 7 7 7 11 11 11 11 11 11 11 11 11 11 11 11 11 11 11 11 11 11 11 11 9 9 9 9 9 9 9 9 9 9 9 9 9 9 9 9 9 9 9 9 4 4 4 4 4 4 4 4 4 4 4 4 4 4 4 4 4 4 4 4 8 8 8 8 8 8 8 8 8 8 8 8 8 8 8 8 8 8 8 8 12 12 12 12 12 12 12 12 12 12 12 12 12 12 12 12 12 12 12 12 8 8 8 8 8 8 8 8 8 8 8 8 8 8 8 8 8 8 8 8 7 7 7 7 7 7 7 7 7 7 7 7 7 7 7 7 7 7 7 7 12 12 12 12 12 12 12 12 12 12 12 12 12 12 12 12 12 12 12 12 10 10 10 10 10 10 10 10 10 10 10 10 10 10 10 10 10 10 10 10 12 12 12 12 12 12 12 12 12 12 12 12 12 12 12 12 12 12 12 12 11 11 11 11 11 11 11 11 11 11 11 11 11 11 11 11 11 11 11 11 10 10 10 10 10 10 10 10 10 10 10 10 10 10 10 10 10 10 10 10 7 7 7 7 7 7 7 7 7 7 7 7 7 7 7 7 7 7 7 7 10 10 10 10 10 10 10 10 10 10 10 10 10 10 10 10 10 10 10 10 10 10 10 10 10 10 10 10 10 10 10 10 10 10 10 10 10 10 10 10 13 13 13 13 13 13 13 13 13 13 13 13 13 13 13 13 13 13 13 13 7 7 7 7 7 7 7 7 7 7 7 7 7 7 7 7 7 7 7 7 8 8 8 8 8 8 8 8 8 8 8 8 8 8 8 8 8 8 8 8 11 11 11 11 11 11 11 11 11 11 11 11 11 11 11 11 11 11 11 11 12 12 12 12 12 12 12 12 12 12 12 12 12 12 12 12 12 12 12 12 5 5 5 5 5 5 5 5 5 5 5 5 5 5 5 5 5 5 5 5 6 6 6 6 6 6 6 6 6 6 6 6 6 6 6 6 6 6 6 6 6 6 6 6 6 6 6 6 6 6 6 6 6 6 6 6 6 6 6 6 1 1 1 1 1 1 1 1 1 1 1 1 1 1 1 1 1 1 1 1 1 1 1 1 1 1 1 1 1 1 1 1 1 1 1 1 1 1 1 1 1 1 1 1 1 1 1 1 1 1 1 1 1 1 1 1 1 1 1 1 1 1 1 1 1 1 1 1 1 1 1 1 1 1 1 1 1 1 1 1 1 1 1 1 1 1 1 1 1 1 1 1 1 1 1 1 1 1 1 1 1 1 1 1 1 1 1 1 1 1 1 1 1 1 1 1 1 1 1 1 1 1 1 1 1 1 1 1 1 1 1 1 1 1 1 1 1 1 1 1 1 1 1 1 1 1 1 1 1 1 1 1 1 1 1 1 1 1 1 1 1 1 1 1 1 1 1 1 1 1 1 1 1 1 1 1 1 1 1 1 1 1 1 1 1 1 1 1 1 1 1 1 1 1 1 1 1 1 1 1 1 1 1 1 1 1 1 1 1 1 1 1 1 1 1 1 1 1 1 1 1 1 1 1 1 1 1 1 1 1 1 1 1 1 1 1 1 1 1 1 1 1 1 1 1 1 1 1 1 1 1 1 1 1 1 1 1 1 1 1 1 1 1 1 1 1 1 1 1 1 1 1 1 1 1 1 1 1 1 1 1 1 1 1 1 1 1 1 1 1 1 1 1 1 1 1 1 1 1 1 1 1 1 1 1 1 1 1 1 1 1 1 1 1 1 1 1 1 1 1 1 1 1 1 1 1 1 1 1 1 1 1 1 1 1 1 1 1 1 1 1 1 1 1 1 1 1 1 1 1 1 1 1 1 1 1 1 1 1 1 1 1 1 1 1 1 1 1 1 1 1 1 1 1 1 1 1 1 1 1 1 1 1 1 1 1 1 1 1 1 1 1 1 1 1 1 1 1 1 1 1 1 1 1 1 1 1 1 1 1 1 1 1 1 1 1 1 1 1 1 1 1 1 1 1 1 1 1 1 1 1 1 1 1 1 1 1 1 1 1 1 1 1 1 1 1 1 1 1 1 1 1 1 1 1 1 1 1 1 1 1 1 1 1 1 1 1 1 1 1 1 1 1 1 1 1 1 1 1 1 1 1 1 1 1 1 1 1 1 1 1 1 1 1 1 1 1 1 1 1 1 1 1 1 1 1 1 1 1 1 1 1 1 1 1 1 1 1 1 1 1 1 1 1 1 1 1 1 1 1 1 1 1 1 1 1 1 1 1 1 1 1 1 1 1 1 1 1 1 1 1 1 1 1 1 1 1 1 1 1 1 1 1 1 1 1 1 1 1 1 1 1 1 1 1 1 1 1 1 1 1 1 1 1 1 1 1 1 1 1 1 1 1 1 1 1 1 1 1 1 1 1 1 1 1 1 1 1 1 1 1 1 1 1 1 1 1 1 1 1 1 1 1 1 1 1 1 1 1 1 1 1 1 1 1 1 1 1 1 1 1 1 1 1 1 1 1 1 1 1 1 1 1 1 1 1 1 1 1 1 1 1 1 1 1 1 1 1 1 1 1 1 1 1 1 1 1 1 1 1 1 1 1 1 1 1 1 1 1 1 1 1 1 1 1 1 1 1 1 1 1 1 1 1 1 1 1 1 1 1 1 1 1 1 1 1 1 1 1 1 1 1 1 1 1 1 1 1 1 1 1 1 1 1 1 1 1 1 1 1 1 1 1 1 1 1 1 1 1 1 1 1 1 1 1 1 1 1 1 1 1 1 1 1 1 1 1 1 1 1 1 1 1 1 1 1 1 1 1 1 1 1 1 1 1 1 1 1 1 1 1 1 1 1 1 1 1 1 1 1 1 1 1 1 1 1 1 1 1 1 1 1 1 1 1 1 1 1 1 1 1 1 1 1 1 1 1 1 1 1 1 1 1 1 1 1 1 1 1 1 
19 19 19 19 19 19 19 19 19 19 19 19 19 19 19 19 19 19 19 19 19 19 19 19 19 19 19 19 19 19 19 19 19 19 19 19 19 19 19 19 19 19 19 19 19 19 19 19 19 19 19 19 19 19 19 19 19 19 19 19 19 19 19 19 19 19 19 19 19 19 19 19 19 19 19 19 19 19 19 19 3 3 3 3 3 3 3 3 3 3 3 3 3 3 3 3 3 3 3 3 8 8 8 8 8 8 8 8 8 8 8 8 8 8 8 8 8 8 8 8 9 9 9 9 9 9 9 9 9 9 9 9 9 9 9 9 9 9 9 9 7 7 7 7 7 7 7 7 7 7 7 7 7 7 7 7 7 7 7 7 10 10 10 10 10 10 10 10 10 10 10 10 10 10 10 10 10 10 10 10 9 9 9 9 9 9 9 9 9 9 9 9 9 9 9 9 9 9 9 9 7 7 7 7 7 7 7 7 7 7 7 7 7 7 7 7 7 7 7 7 8 8 8 8 8 8 8 8 8 8 8 8 8 8 8 8 8 8 8 8 7 7 7 7 7 7 7 7 7 7 7 7 7 7 7 7 7 7 7 7 6 6 6 6 6 6 6 6 6 6 6 6 6 6 6 6 6 6 6 6 7 7 7 7 7 7 7 7 7 7 7 7 7 7 7 7 7 7 7 7 7 7 7 7 7 7 7 7 7 7 7 7 7 7 7 7 7 7 7 7 6 6 6 6 6 6 6 6 6 6 6 6 6 6 6 6 6 6 6 6 6 6 6 6 6 6 6 6 6 6 6 6 6 6 6 6 6 6 6 6 6 6 6 6 6 6 6 6 6 6 6 6 6 6 6 6 6 6 6 6 6 6 6 6 6 6 6 6 6 6 6 6 6 6 6 6 6 6 6 6 6 6 6 6 6 6 6 6 6 6 6 6 6 6 6 6 6 6 6 6 6 6 6 6 6 6 6 6 6 6 6 6 6 6 6 6 6 6 6 6 5 5 5 5 5 5 5 5 5 5 5 5 5 5 5 5 5 5 5 5 5 5 5 5 5 5 5 5 5 5 5 5 5 5 5 5 5 5 5 5 6 6 6 6 6 6 6 6 6 6 6 6 6 6 6 6 6 6 6 6 5 5 5 5 5 5 5 5 5 5 5 5 5 5 5 5 5 5 5 5 5 5 5 5 5 5 5 5 5 5 5 5 5 5 5 5 5 5 5 5 4 4 4 4 4 4 4 4 4 4 4 4 4 4 4 4 4 4 4 4 5 5 5 5 5 5 5 5 5 5 5 5 5 5 5 5 5 5 5 5 5 5 5 5 5 5 5 5 5 5 5 5 5 5 5 5 5 5 5 5 5 5 5 5 5 5 5 5 5 5 5 5 5 5 5 5 5 5 5 5 5 5 5 5 5 5 5 5 5 5 5 5 5 5 5 5 5 5 5 5 5 5 5 5 5 5 5 5 5 5 5 5 5 5 5 5 5 5 5 5 5 5 5 5 5 5 5 5 5 5 5 5 5 5 5 5 5 5 5 5 5 5 5 5 5 5 5 5 5 5 5 5 5 5 5 5 5 5 5 5 5 5 5 5 5 5 5 5 5 5 5 5 5 5 5 5 5 5 5 5 5 5 5 5 5 5 5 5 5 5 5 5 5 5 5 5 5 5 5 5 4 4 4 4 4 4 4 4 4 4 4 4 4 4 4 4 4 4 4 4 5 5 5 5 5 5 5 5 5 5 5 5 5 5 5 5 5 5 5 5 5 5 5 5 5 5 5 5 5 5 5 5 5 5 5 5 5 5 5 5 4 4 4 4 4 4 4 4 4 4 4 4 4 4 4 4 4 4 4 4 5 5 5 5 5 5 5 5 5 5 5 5 5 5 5 5 5 5 5 5 4 4 4 4 4 4 4 4 4 4 4 4 4 4 4 4 4 4 4 4 5 5 5 5 5 5 5 5 5 5 5 5 5 5 5 5 5 5 5 5 5 5 5 5 5 5 5 5 5 5 5 5 5 5 5 5 5 5 5 5 4 4 4 4 4 4 4 4 4 4 4 4 4 4 4 4 4 4 4 4 
8 38 53 61 88 118 132 149 166 192 225 252 262 283 312 344 397 420 444 492 531 570 610 651 694 722 770 809 855 887 
9 39 54 62 89 119 133 150 167 193 226 253 263 284 313 345 398 401 445 493 532 571 611 652 695 723 771 810 856 888 
10 40 55 63 90 120 134 151 168 194 227 254 264 285 314 346 399 402 446 494 533 572 612 653 696 724 772 811 857 889 
11 21 56 64 91 101 135 152 169 195 228 255 265 286 315 347 400 403 447 495 534 573 613 654 697 725 773 812 858 890 
12 22 57 65 92 102 136 153 170 196 229 256 266 287 316 348 381 404 448 496 535 574 614 655 698 726 774 813 859 891 
13 23 58 66 93 103 137 154 171 197 230 257 267 288 317 349 382 405 449 497 536 575 615 656 699 727 775 814 860 892 
14 24 59 67 94 104 138 155 172 198 231 258 268 289 318 350 383 406 450 498 537 576 616 657 700 728 776 815 841 893 
15 25 60 68 95 105 139 156 173 199 232 259 269 290 319 351 384 407 451 499 538 577 617 658 681 729 777 816 842 894 
16 26 41 69 96 106 140 157 174 200 233 260 270 291 320 352 385 408 452 500 539 578 618 659 682 730 778 817 843 895 
17 27 42 70 97 107 121 158 175 181 234 241 271 292 301 353 386 409 453 481 540 579 619 660 683 731 779 818 844 896 
18 28 43 71 98 108 122 159 176 182 235 242 272 293 302 354 387 410 454 482 521 580 620 641 684 732 780 819 845 897 
19 29 44 72 99 109 123 160 177 183 236 243 273 294 303 355 388 411 455 483 522 561 601 642 685 733 761 820 846 898 
20 30 45 73 100 110 124 141 178 184 237 244 274 295 304 356 389 412 456 484 523 562 602 643 686 734 762 801 847 899 
1 31 46 74 81 111 125 142 179 185 238 245 275 296 305 357 390 413 457 485 524 563 603 644 687 735 763 802 848 900 
2 32 47 75 82 112 126 143 180 186 239 246 276 297 306 358 391 414 458 486 525 564 604 645 688 736 764 803 849 881 
3 33 48 76 83 113 127 144 161 187 240 247 277 298 307 359 392 415 459 487 526 565 605 646 689 737 765 804 850 882 
4 34 49 77 84 114 128 145 162 188 221 248 278 299 308 360 393 416 460 488 527 566 606 647 690 738 766 805 851 883 
5 35 50 78 85 115 129 146 163 189 222 249 279 300 309 341 394 417 441 489 528 567 607 648 691 739 767 806 852 884 
6 36 51 79 86 116 130 147 164 190 223 250 280 281 310 342 395 418 442 490 529 568 608 649 692 740 768 807 853 885 
7 37 52 80 87 117 131 148 165 191 224 251 261 282 311 343 396 419 443 491 530 569 609 650 693 721 769 808 854 886 
6 54 73 96 109 153 168 197 207 234 246 311 332 361 400 422 472 509 551 594 639 671 714 743 799 827 873 920 
7 55 74 97 110 154 169 198 208 235 247 312 333 362 381 423 473 510 552 595 640 672 715 744 800 828 874 901 
8 56 75 98 111 155 170 199 209 236 248 313 334 363 382 424 474 511 553 596 621 673 716 745 781 829 875 902 
9 57 76 99 112 156 171 200 210 237 249 314 335 364 383 425 475 512 554 597 622 674 717 746 782 830 876 903 
10 58 77 100 113 157 172 181 211 238 250 315 336 365 384 426 476 513 555 598 623 675 718 747 783 831 877 904 
11 59 78 81 114 158 173 182 212 239 251 316 337 366 385 427 477 514 556 599 624 676 719 748 784 832 878 905 
12 60 79 82 115 159 174 183 213 240 252 317 338 367 386 428 478 515 557 600 625 677 720 749 785 833 879 906 
13 41 80 83 116 160 175 184 214 221 253 318 339 368 387 429 479 516 558 581 626 678 701 750 786 834 880 907 
14 42 61 84 117 141 176 185 215 222 254 319 340 369 388 430 480 517 559 582 627 679 702 751 787 835 861 908 
15 43 62 85 118 142 177 186 216 223 255 320 321 370 389 431 461 518 560 583 628 680 703 752 788 836 862 909 
16 44 63 86 119 143 178 187 217 224 256 301 322 371 390 432 462 519 541 584 629 661 704 753 789 837 863 910 
17 45 64 87 120 144 179 188 218 225 257 302 323 372 391 433 463 520 542 585 630 662 705 754 790 838 864 911 
18 46 65 88 101 145 180 189 219 226 258 303 324 373 392 434 464 501 543 586 631 663 706 755 791 839 865 912 
19 47 66 89 102 146 161 190 220 227 259 304 325 374 393 435 465 502 544 587 632 664 707 756 792 840 866 913 
20 48 67 90 103 147 162 191 201 228 260 305 326 375 394 436 466 503 545 588 633 665 708 757 793 821 867 914 
1 49 68 91 104 148 163 192 202 229 241 306 327 376 395 437 467 504 546 589 634 666 709 758 794 822 868 915 
2 50 69 92 105 149 164 193 203 230 242 307 328 377 396 438 468 505 547 590 635 667 710 759 795 823 869 916 
3 51 70 93 106 150 165 194 204 231 243 308 329 378 397 439 469 506 548 591 636 668 711 760 796 824 870 917 
4 52 71 94 107 151 166 195 205 232 244 309 330 379 398 440 470 507 549 592 637 669 712 741 797 825 871 918 
5 53 72 95 108 152 167 196 206 233 245 310 331 380 399 421 471 508 550 593 638 670 713 742 798 826 872 919 
18 27 41 201 471 531 661 
19 28 42 202 472 532 662 
20 29 43 203 473 533 663 
1 30 44 204 474 534 664 
2 31 45 205 475 535 665 
3 32 46 206 476 536 666 
4 33 47 207 477 537 667 
5 34 48 208 478 538 668 
6 35 49 209 479 539 669 
7 36 50 210 480 540 670 
8 37 51 211 461 521 671 
9 38 52 212 462 522 672 
10 39 53 213 463 523 673 
11 40 54 214 464 524 674 
12 21 55 215 465 525 675 
13 22 56 216 466 526 676 
14 23 57 217 467 527 677 
15 24 58 218 468 528 678 
16 25 59 219 469 529 679 
17 26 60 220 470 530 680 
12 34 71 111 171 279 321 419 481 784 834 
13 35 72 112 172 280 322 420 482 785 835 
14 36 73 113 173 261 323 401 483 786 836 
15 37 74 114 174 262 324 402 484 787 837 
16 38 75 115 175 263 325 403 485 788 838 
17 39 76 116 176 264 326 404 486 789 839 
18 40 77 117 177 265 327 405 487 790 840 
19 21 78 118 178 266 328 406 488 791 821 
20 22 79 119 179 267 329 407 489 792 822 
1 23 80 120 180 268 330 408 490 793 823 
2 24 61 101 161 269 331 409 491 794 824 
3 25 62 102 162 270 332 410 492 795 825 
4 26 63 103 163 271 333 411 493 796 826 
5 27 64 104 164 272 334 412 494 797 827 
6 28 65 105 165 273 335 413 495 798 828 
7 29 66 106 166 274 336 414 496 799 829 
8 30 67 107 167 275 337 415 497 800 830 
9 31 68 108 168 276 338 416 498 781 831 
10 32 69 109 169 277 339 417 499 782 832 
11 33 70 110 170 278 340 418 500 783 833 
40 41 64 154 210 491 523 568 856 
21 42 65 155 211 492 524 569 857 
22 43 66 156 212 493 525 570 858 
23 44 67 157 213 494 526 571 859 
24 45 68 158 214 495 527 572 860 
25 46 69 159 215 496 528 573 841 
26 47 70 160 216 497 529 574 842 
27 48 71 141 217 498 530 575 843 
28 49 72 142 218 499 531 576 844 
29 50 73 143 219 500 532 577 845 
30 51 74 144 220 481 533 578 846 
31 52 75 145 201 482 534 579 847 
32 53 76 146 202 483 535 580 848 
33 54 77 147 203 484 536 561 849 
34 55 78 148 204 485 537 562 850 
35 56 79 149 205 486 538 563 851 
36 57 80 150 206 487 539 564 852 
37 58 61 151 207 488 540 565 853 
38 59 62 152 208 489 521 566 854 
39 60 63 153 209 490 522 567 855 
1 40 43 426 
2 21 44 427 
3 22 45 428 
4 23 46 429 
5 24 47 430 
6 25 48 431 
7 26 49 432 
8 27 50 433 
9 28 51 434 
10 29 52 435 
11 30 53 436 
12 31 54 437 
13 32 55 438 
14 33 56 439 
15 34 57 440 
16 35 58 421 
17 36 59 422 
18 37 60 423 
19 38 41 424 
20 39 42 425 
2 54 80 140 506 552 703 913 
3 55 61 121 507 553 704 914 
4 56 62 122 508 554 705 915 
5 57 63 123 509 555 706 916 
6 58 64 124 510 556 707 917 
7 59 65 125 511 557 708 918 
8 60 66 126 512 558 709 919 
9 41 67 127 513 559 710 920 
10 42 68 128 514 560 711 901 
11 43 69 129 515 541 712 902 
12 44 70 130 516 542 713 903 
13 45 71 131 517 543 714 904 
14 46 72 132 518 544 715 905 
15 47 73 133 519 545 716 906 
16 48 74 134 520 546 717 907 
17 49 75 135 501 547 718 908 
18 50 76 136 502 548 719 909 
19 51 77 137 503 549 720 910 
20 52 78 138 504 550 701 911 
1 53 79 139 505 551 702 912 
28 59 66 151 206 278 400 505 633 685 789 894 
29 60 67 152 207 279 381 506 634 686 790 895 
30 41 68 153 208 280 382 507 635 687 791 896 
31 42 69 154 209 261 383 508 636 688 792 897 
32 43 70 155 210 262 384 509 637 689 793 898 
33 44 71 156 211 263 385 510 638 690 794 899 
34 45 72 157 212 264 386 511 639 691 795 900 
35 46 73 158 213 265 387 512 640 692 796 881 
36 47 74 159 214 266 388 513 621 693 797 882 
37 48 75 160 215 267 389 514 622 694 798 883 
38 49 76 141 216 268 390 515 623 695 799 884 
39 50 77 142 217 269 391 516 624 696 800 885 
40 51 78 143 218 270 392 517 625 697 781 886 
21 52 79 144 219 271 393 518 626 698 782 887 
22 53 80 145 220 272 394 519 627 699 783 888 
23 54 61 146 201 273 395 520 628 700 784 889 
24 55 62 147 202 274 396 501 629 681 785 890 
25 56 63 148 203 275 397 502 630 682 786 891 
26 57 64 149 204 276 398 503 631 683 787 892 
27 58 65 150 205 277 399 504 632 684 788 893 
37 41 62 156 220 391 557 801 
38 42 63 157 201 392 558 802 
39 43 64 158 202 393 559 803 
40 44 65 159 203 394 560 804 
21 45 66 160 204 395 541 805 
22 46 67 141 205 396 542 806 
23 47 68 142 206 397 543 807 
24 48 69 143 207 398 544 808 
25 49 70 144 208 399 545 809 
26 50 71 145 209 400 546 810 
27 51 72 146 210 381 547 811 
28 52 73 147 211 382 548 812 
29 53 74 148 212 383 549 813 
30 54 75 149 213 384 550 814 
31 55 76 150 214 385 551 815 
32 56 77 151 215 386 552 816 
33 57 78 152 216 387 553 817 
34 58 79 153 217 388 554 818 
35 59 80 154 218 389 555 819 
36 60 61 155 219 390 556 820 
6 21 50 401 762 837 882 
7 22 51 402 763 838 883 
8 23 52 403 764 839 884 
9 24 53 404 765 840 885 
10 25 54 405 766 821 886 
11 26 55 406 767 822 887 
12 27 56 407 768 823 888 
13 28 57 408 769 824 889 
14 29 58 409 770 825 890 
15 30 59 410 771 826 891 
16 31 60 411 772 827 892 
17 32 41 412 773 828 893 
18 33 42 413 774 829 894 
19 34 43 414 775 830 895 
20 35 44 415 776 831 896 
1 36 45 416 777 832 897 
2 37 46 417 778 833 898 
3 38 47 418 779 834 899 
4 39 48 419 780 835 900 
5 40 49 420 761 836 881 
19 55 80 128 185 252 301 400 468 618 777 915 
20 56 61 129 186 253 302 381 469 619 778 916 
1 57 62 130 187 254 303 382 470 620 779 917 
2 58 63 131 188 255 304 383 471 601 780 918 
3 59 64 132 189 256 305 384 472 602 761 919 
4 60 65 133 190 257 306 385 473 603 762 920 
5 41 66 134 191 258 307 386 474 604 763 901 
6 42 67 135 192 259 308 387 475 605 764 902 
7 43 68 136 193 260 309 388 476 606 765 903 
8 44 69 137 194 241 310 389 477 607 766 904 
9 45 70 138 195 242 311 390 478 608 767 905 
10 46 71 139 196 243 312 391 479 609 768 906 
11 47 72 140 197 244 313 392 480 610 769 907 
12 48 73 121 198 245 314 393 461 611 770 908 
13 49 74 122 199 246 315 394 462 612 771 909 
14 50 75 123 200 247 316 395 463 613 772 910 
15 51 76 124 181 248 317 396 464 614 773 911 
16 52 77 125 182 249 318 397 465 615 774 912 
17 53 78 126 183 250 319 398 466 616 775 913 
18 54 79 127 184 251 320 399 467 617 776 914 
6 32 78 128 195 253 336 411 494 661 
7 33 79 129 196 254 337 412 495 662 
8 34 80 130 197 255 338 413 496 663 
9 35 61 131 198 256 339 414 497 664 
10 36 62 132 199 257 340 415 498 665 
11 37 63 133 200 258 321 416 499 666 
12 38 64 134 181 259 322 417 500 667 
13 39 65 135 182 260 323 418 481 668 
14 40 66 136 183 241 324 419 482 669 
15 21 67 137 184 242 325 420 483 670 
16 22 68 138 185 243 326 401 484 671 
17 23 69 139 186 244 327 402 485 672 
18 24 70 140 187 245 328 403 486 673 
19 25 71 121 188 246 329 404 487 674 
20 26 72 122 189 247 330 405 488 675 
1 27 73 123 190 248 331 406 489 676 
2 28 74 124 191 249 332 407 490 677 
3 29 75 125 192 250 333 408 491 678 
4 30 76 126 193 251 334 409 492 679 
5 31 77 127 194 252 335 410 493 680 
17 21 68 103 170 231 282 367 441 659 706 780 
18 22 69 104 171 232 283 368 442 660 707 761 
19 23 70 105 172 233 284 369 443 641 708 762 
20 24 71 106 173 234 285 370 444 642 709 763 
1 25 72 107 174 235 286 371 445 643 710 764 
2 26 73 108 175 236 287 372 446 644 711 765 
3 27 74 109 176 237 288 373 447 645 712 766 
4 28 75 110 177 238 289 374 448 646 713 767 
5 29 76 111 178 239 290 375 449 647 714 768 
6 30 77 112 179 240 291 376 450 648 715 769 
7 31 78 113 180 221 292 377 451 649 716 770 
8 32 79 114 161 222 293 378 452 650 717 771 
9 33 80 115 162 223 294 379 453 651 718 772 
10 34 61 116 163 224 295 380 454 652 719 773 
11 35 62 117 164 225 296 361 455 653 720 774 
12 36 63 118 165 226 297 362 456 654 701 775 
13 37 64 119 166 227 298 363 457 655 702 776 
14 38 65 120 167 228 299 364 458 656 703 777 
15 39 66 101 168 229 300 365 459 657 704 778 
16 40 67 102 169 230 281 366 460 658 705 779 
8 46 77 129 190 256 311 370 446 616 746 
9 47 78 130 191 257 312 371 447 617 747 
10 48 79 131 192 258 313 372 448 618 748 
11 49 80 132 193 259 314 373 449 619 749 
12 50 61 133 194 260 315 374 450 620 750 
13 51 62 134 195 241 316 375 451 601 751 
14 52 63 135 196 242 317 376 452 602 752 
15 53 64 136 197 243 318 377 453 603 753 
16 54 65 137 198 244 319 378 454 604 754 
17 55 66 138 199 245 320 379 455 605 755 
18 56 67 139 200 246 301 380 456 606 756 
19 57 68 140 181 247 302 361 457 607 757 
20 58 69 121 182 248 303 362 458 608 758 
1 59 70 122 183 249 304 363 459 609 759 
2 60 71 123 184 250 305 364 460 610 760 
3 41 72 124 185 251 306 365 441 611 741 
4 42 73 125 186 252 307 366 442 612 742 
5 43 74 126 187 253 308 367 443 613 743 
6 44 75 127 188 254 309 368 444 614 744 
7 45 76 128 189 255 310 369 445 615 745 
25 58 68 145 210 354 515 593 650 722 
26 59 69 146 211 355 516 594 651 723 
27 60 70 147 212 356 517 595 652 724 
28 41 71 148 213 357 518 596 653 725 
29 42 72 149 214 358 519 597 654 726 
30 43 73 150 215 359 520 598 655 727 
31 44 74 151 216 360 501 599 656 728 
32 45 75 152 217 341 502 600 657 729 
33 46 76 153 218 342 503 581 658 730 
34 47 77 154 219 343 504 582 659 731 
35 48 78 155 220 344 505 583 660 732 
36 49 79 156 201 345 506 584 641 733 
37 50 80 157 202 346 507 585 642 734 
38 51 61 158 203 347 508 586 643 735 
39 52 62 159 204 348 509 587 644 736 
40 53 63 160 205 349 510 588 645 737 
21 54 64 141 206 350 511 589 646 738 
22 55 65 142 207 351 512 590 647 739 
23 56 66 143 208 352 513 591 648 740 
24 57 67 144 209 353 514 592 649 721 
3 35 60 287 534 696 723 
4 36 41 288 535 697 724 
5 37 42 289 536 698 725 
6 38 43 290 537 699 726 
7 39 44 291 538 700 727 
8 40 45 292 539 681 728 
9 21 46 293 540 682 729 
10 22 47 294 521 683 730 
11 23 48 295 522 684 731 
12 24 49 296 523 685 732 
13 25 50 297 524 686 733 
14 26 51 298 525 687 734 
15 27 52 299 526 688 735 
16 28 53 300 527 689 736 
17 29 54 281 528 690 737 
18 30 55 282 529 691 738 
19 31 56 283 530 692 739 
20 32 57 284 531 693 740 
1 33 58 285 532 694 721 
2 34 59 286 533 695 722 
11 29 77 120 165 232 300 353 429 872 
12 30 78 101 166 233 281 354 430 873 
13 31 79 102 167 234 282 355 431 874 
14 32 80 103 168 235 283 356 432 875 
15 33 61 104 169 236 284 357 433 876 
16 34 62 105 170 237 285 358 434 877 
17 35 63 106 171 238 286 359 435 878 
18 36 64 107 172 239 287 360 436 879 
19 37 65 108 173 240 288 341 437 880 
20 38 66 109 174 221 289 342 438 861 
1 39 67 110 175 222 290 343 439 862 
2 40 68 111 176 223 291 344 440 863 
3 21 69 112 177 224 292 345 421 864 
4 22 70 113 178 225 293 346 422 865 
5 23 71 114 179 226 294 347 423 866 
6 24 72 115 180 227 295 348 424 867 
7 25 73 116 161 228 296 349 425 868 
8 26 74 117 162 229 297 350 426 869 
9 27 75 118 163 230 298 351 427 870 
10 28 76 119 164 231 299 352 428 871 
38 57 73 139 194 282 350 445 697 804 
39 58 74 140 195 283 351 446 698 805 
40 59 75 121 196 284 352 447 699 806 
21 60 76 122 197 285 353 448 700 807 
22 41 77 123 198 286 354 449 681 808 
23 42 78 124 199 287 355 450 682 809 
24 43 79 125 200 288 356 451 683 810 
25 44 80 126 181 289 357 452 684 811 
26 45 61 127 182 290 358 453 685 812 
27 46 62 128 183 291 359 454 686 813 
28 47 63 129 184 292 360 455 687 814 
29 48 64 130 185 293 341 456 688 815 
30 49 65 131 186 294 342 457 689 816 
31 50 66 132 187 295 343 458 690 817 
32 51 67 133 188 296 344 459 691 818 
33 52 68 134 189 297 345 460 692 819 
34 53 69 135 190 298 346 441 693 820 
35 54 70 136 191 299 347 442 694 801 
36 55 71 137 192 300 348 443 695 802 
37 56 72 138 193 281 349 444 696 803 
8 55 64 123 186 249 317 380 476 584 721 834 865 
9 56 65 124 187 250 318 361 477 585 722 835 866 
10 57 66 125 188 251 319 362 478 586 723 836 867 
11 58 67 126 189 252 320 363 479 587 724 837 868 
12 59 68 127 190 253 301 364 480 588 725 838 869 
13 60 69 128 191 254 302 365 461 589 726 839 870 
14 41 70 129 192 255 303 366 462 590 727 840 871 
15 42 71 130 193 256 304 367 463 591 728 821 872 
16 43 72 131 194 257 305 368 464 592 729 822 873 
17 44 73 132 195 258 306 369 465 593 730 823 874 
18 45 74 133 196 259 307 370 466 594 731 824 875 
19 46 75 134 197 260 308 371 467 595 732 825 876 
20 47 76 135 198 241 309 372 468 596 733 826 877 
1 48 77 136 199 242 310 373 469 597 734 827 878 
2 49 78 137 200 243 311 374 470 598 735 828 879 
3 50 79 138 181 244 312 375 471 599 736 829 880 
4 51 80 139 182 245 313 376 472 600 737 830 861 
5 52 61 140 183 246 314 377 473 581 738 831 862 
6 53 62 121 184 247 315 378 474 582 739 832 863 
7 54 63 122 185 248 316 379 475 583 740 833 864 
5 21 51 171 366 571 793 
6 22 52 172 367 572 794 
7 23 53 173 368 573 795 
8 24 54 174 369 574 796 
9 25 55 175 370 575 797 
10 26 56 176 371 576 798 
11 27 57 177 372 577 799 
12 28 58 178 373 578 800 
13 29 59 179 374 579 781 
14 30 60 180 375 580 782 
15 31 41 161 376 561 783 
16 32 42 162 377 562 784 
17 33 43 163 378 563 785 
18 34 44 164 379 564 786 
19 35 45 165 380 565 787 
20 36 46 166 361 566 788 
1 37 47 167 362 567 789 
2 38 48 168 363 568 790 
3 39 49 169 364 569 791 
4 40 50 170 365 570 792 
12 45 62 126 192 261 326 438 
13 46 63 127 193 262 327 439 
14 47 64 128 194 263 328 440 
15 48 65 129 195 264 329 421 
16 49 66 130 196 265 330 422 
17 50 67 131 197 266 331 423 
18 51 68 132 198 267 332 424 
19 52 69 133 199 268 333 425 
20 53 70 134 200 269 334 426 
1 54 71 135 181 270 335 427 
2 55 72 136 182 271 336 428 
3 56 73 137 183 272 337 429 
4 57 74 138 184 273 338 430 
5 58 75 139 185 274 339 431 
6 59 76 140 186 275 340 432 
7 60 77 121 187 276 321 433 
8 41 78 122 188 277 322 434 
9 42 79 123 189 278 323 435 
10 43 80 124 190 279 324 436 
11 44 61 125 191 280 325 437 
9 40 73 114 172 224 283 353 438 567 668 
10 21 74 115 173 225 284 354 439 568 669 
11 22 75 116 174 226 285 355 440 569 670 
12 23 76 117 175 227 286 356 421 570 671 
13 24 77 118 176 228 287 357 422 571 672 
14 25 78 119 177 229 288 358 423 572 673 
15 26 79 120 178 230 289 359 424 573 674 
16 27 80 101 179 231 290 360 425 574 675 
17 28 61 102 180 232 291 341 426 575 676 
18 29 62 103 161 233 292 342 427 576 677 
19 30 63 104 162 234 293 343 428 577 678 
20 31 64 105 163 235 294 344 429 578 679 
1 32 65 106 164 236 295 345 430 579 680 
2 33 66 107 165 237 296 346 431 580 661 
3 34 67 108 166 238 297 347 432 561 662 
4 35 68 109 167 239 298 348 433 562 663 
5 36 69 110 168 240 299 349 434 563 664 
6 37 70 111 169 221 300 350 435 564 665 
7 38 71 112 170 222 281 351 436 565 666 
8 39 72 113 171 223 282 352 437 566 667 
20 21 80 102 176 238 321 411 500 635 716 881 
1 22 61 103 177 239 322 412 481 636 717 882 
2 23 62 104 178 240 323 413 482 637 718 883 
3 24 63 105 179 221 324 414 483 638 719 884 
4 25 64 106 180 222 325 415 484 639 720 885 
5 26 65 107 161 223 326 416 485 640 701 886 
6 27 66 108 162 224 327 417 486 621 702 887 
7 28 67 109 163 225 328 418 487 622 703 888 
8 29 68 110 164 226 329 419 488 623 704 889 
9 30 69 111 165 227 330 420 489 624 705 890 
10 31 70 112 166 228 331 401 490 625 706 891 
11 32 71 113 167 229 332 402 491 626 707 892 
12 33 72 114 168 230 333 403 492 627 708 893 
13 34 73 115 169 231 334 404 493 628 709 894 
14 35 74 116 170 232 335 405 494 629 710 895 
15 36 75 117 171 233 336 406 495 630 711 896 
16 37 76 118 172 234 337 407 496 631 712 897 
17 38 77 119 173 235 338 408 497 632 713 898 
18 39 78 120 174 236 339 409 498 633 714 899 
19 40 79 101 175 237 340 410 499 634 715 900 
1 21 221 264 746 
2 22 222 265 747 
3 23 223 266 748 
4 24 224 267 749 
5 25 225 268 750 
6 26 226 269 751 
7 27 227 270 752 
8 28 228 271 753 
9 29 229 272 754 
10 30 230 273 755 
11 31 231 274 756 
12 32 232 275 757 
13 33 233 276 758 
14 34 234 277 759 
15 35 235 278 760 
16 36 236 279 741 
17 37 237 280 742 
18 38 238 261 743 
19 39 239 262 744 
20 40 240 263 745 
21 41 167 606 644 855 
22 42 168 607 645 856 
23 43 169 608 646 857 
24 44 170 609 647 858 
25 45 171 610 648 859 
26 46 172 611 649 860 
27 47 173 612 650 841 
28 48 174 613 651 842 
29 49 175 614 652 843 
30 50 176 615 653 844 
31 51 177 616 654 845 
32 52 178 617 655 846 
33 53 179 618 656 847 
34 54 180 619 657 848 
35 55 161 620 658 849 
36 56 162 601 659 850 
37 57 163 602 660 851 
38 58 164 603 641 852 
39 59 165 604 642 853 
40 60 166 605 643 854 
41 61 310 592 639 879 
42 62 311 593 640 880 
43 63 312 594 621 861 
44 64 313 595 622 862 
45 65 314 596 623 863 
46 66 315 597 624 864 
47 67 316 598 625 865 
48 68 317 599 626 866 
49 69 318 600 627 867 
50 70 319 581 628 868 
51 71 320 582 629 869 
52 72 301 583 630 870 
53 73 302 584 631 871 
54 74 303 585 632 872 
55 75 304 586 633 873 
56 76 305 587 634 874 
57 77 306 588 635 875 
58 78 307 589 636 876 
59 79 308 590 637 877 
60 80 309 591 638 878 
81 
82 
83 
84 
85 
86 
87 
88 
89 
90 
91 
92 
93 
94 
95 
96 
97 
98 
99 
100 
101 
102 
103 
104 
105 
106 
107 
108 
109 
110 
111 
112 
113 
114 
115 
116 
117 
118 
119 
120 
121 
122 
123 
124 
125 
126 
127 
128 
129 
130 
131 
132 
133 
134 
135 
136 
137 
138 
139 
140 
141 
142 
143 
144 
145 
146 
147 
148 
149 
150 
151 
152 
153 
154 
155 
156 
157 
158 
159 
160 
161 
162 
163 
164 
165 
166 
167 
168 
169 
170 
171 
172 
173 
174 
175 
176 
177 
178 
179 
180 
181 
182 
183 
184 
185 
186 
187 
188 
189 
190 
191 
192 
193 
194 
195 
196 
197 
198 
199 
200 
201 
202 
203 
204 
205 
206 
207 
208 
209 
210 
211 
212 
213 
214 
215 
216 
217 
218 
219 
220 
221 
222 
223 
224 
225 
226 
227 
228 
229 
230 
231 
232 
233 
234 
235 
236 
237 
238 
239 
240 
241 
242 
243 
244 
245 
246 
247 
248 
249 
250 
251 
252 
253 
254 
255 
256 
257 
258 
259 
260 
261 
262 
263 
264 
265 
266 
267 
268 
269 
270 
271 
272 
273 
274 
275 
276 
277 
278 
279 
280 
281 
282 
283 
284 
285 
286 
287 
288 
289 
290 
291 
292 
293 
294 
295 
296 
297 
298 
299 
300 
301 
302 
303 
304 
305 
306 
307 
308 
309 
310 
311 
312 
313 
314 
315 
316 
317 
318 
319 
320 
321 
322 
323 
324 
325 
326 
327 
328 
329 
330 
331 
332 
333 
334 
335 
336 
337 
338 
339 
340 
341 
342 
343 
344 
345 
346 
347 
348 
349 
350 
351 
352 
353 
354 
355 
356 
357 
358 
359 
360 
361 
362 
363 
364 
365 
366 
367 
368 
369 
370 
371 
372 
373 
374 
375 
376 
377 
378 
379 
380 
381 
382 
383 
384 
385 
386 
387 
388 
389 
390 
391 
392 
393 
394 
395 
396 
397 
398 
399 
400 
401 
402 
403 
404 
405 
406 
407 
408 
409 
410 
411 
412 
413 
414 
415 
416 
417 
418 
419 
420 
421 
422 
423 
424 
425 
426 
427 
428 
429 
430 
431 
432 
433 
434 
435 
436 
437 
438 
439 
440 
441 
442 
443 
444 
445 
446 
447 
448 
449 
450 
451 
452 
453 
454 
455 
456 
457 
458 
459 
460 
461 
462 
463 
464 
465 
466 
467 
468 
469 
470 
471 
472 
473 
474 
475 
476 
477 
478 
479 
480 
481 
482 
483 
484 
485 
486 
487 
488 
489 
490 
491 
492 
493 
494 
495 
496 
497 
498 
499 
500 
501 
502 
503 
504 
505 
506 
507 
508 
509 
510 
511 
512 
513 
514 
515 
516 
517 
518 
519 
520 
521 
522 
523 
524 
525 
526 
527 
528 
529 
530 
531 
532 
533 
534 
535 
536 
537 
538 
539 
540 
541 
542 
543 
544 
545 
546 
547 
548 
549 
550 
551 
552 
553 
554 
555 
556 
557 
558 
559 
560 
561 
562 
563 
564 
565 
566 
567 
568 
569 
570 
571 
572 
573 
574 
575 
576 
577 
578 
579 
580 
581 
582 
583 
584 
585 
586 
587 
588 
589 
590 
591 
592 
593 
594 
595 
596 
597 
598 
599 
600 
601 
602 
603 
604 
605 
606 
607 
608 
609 
610 
611 
612 
613 
614 
615 
616 
617 
618 
619 
620 
621 
622 
623 
624 
625 
626 
627 
628 
629 
630 
631 
632 
633 
634 
635 
636 
637 
638 
639 
640 
641 
642 
643 
644 
645 
646 
647 
648 
649 
650 
651 
652 
653 
654 
655 
656 
657 
658 
659 
660 
661 
662 
663 
664 
665 
666 
667 
668 
669 
670 
671 
672 
673 
674 
675 
676 
677 
678 
679 
680 
681 
682 
683 
684 
685 
686 
687 
688 
689 
690 
691 
692 
693 
694 
695 
696 
697 
698 
699 
700 
701 
702 
703 
704 
705 
706 
707 
708 
709 
710 
711 
712 
713 
714 
715 
716 
717 
718 
719 
720 
721 
722 
723 
724 
725 
726 
727 
728 
729 
730 
731 
732 
733 
734 
735 
736 
737 
738 
739 
740 
741 
742 
743 
744 
745 
746 
747 
748 
749 
750 
751 
752 
753 
754 
755 
756 
757 
758 
759 
760 
761 
762 
763 
764 
765 
766 
767 
768 
769 
770 
771 
772 
773 
774 
775 
776 
777 
778 
779 
780 
781 
782 
783 
784 
785 
786 
787 
788 
789 
790 
791 
792 
793 
794 
795 
796 
797 
798 
799 
800 
801 
802 
803 
804 
805 
806 
807 
808 
809 
810 
811 
812 
813 
814 
815 
816 
817 
818 
819 
820 
821 
822 
823 
824 
825 
826 
827 
828 
829 
830 
831 
832 
833 
834 
835 
836 
837 
838 
839 
840 
841 
842 
843 
844 
845 
846 
847 
848 
849 
850 
851 
852 
853 
854 
855 
856 
857 
858 
859 
860 
861 
862 
863 
864 
865 
866 
867 
868 
869 
870 
871 
872 
873 
874 
875 
876 
877 
878 
879 
880 
881 
882 
883 
884 
885 
886 
887 
888 
889 
890 
891 
892 
893 
894 
895 
896 
897 
898 
899 
900 
901 
902 
903 
904 
905 
906 
907 
908 
909 
910 
911 
912 
913 
914 
915 
916 
917 
918 
919 
920 
14 36 44 70 101 140 196 203 236 245 274 319 331 374 397 410 433 442 461 
15 37 45 71 102 121 197 204 237 246 275 320 332 375 398 411 434 443 462 
16 38 46 72 103 122 198 205 238 247 276 301 333 376 399 412 435 444 463 
17 39 47 73 104 123 199 206 239 248 277 302 334 377 400 413 436 445 464 
18 40 48 74 105 124 200 207 240 249 278 303 335 378 381 414 437 446 465 
19 21 49 75 106 125 181 208 221 250 279 304 336 379 382 415 438 447 466 
20 22 50 76 107 126 182 209 222 251 280 305 337 380 383 416 439 448 467 
1 23 51 77 108 127 183 210 223 252 261 306 338 361 384 417 440 449 468 
2 24 52 78 109 128 184 211 224 253 262 307 339 362 385 418 421 450 469 
3 25 53 79 110 129 185 212 225 254 263 308 340 363 386 419 422 451 470 
4 26 54 80 111 130 186 213 226 255 264 309 321 364 387 420 423 452 471 
5 27 55 61 112 131 187 214 227 256 265 310 322 365 388 401 424 453 472 
6 28 56 62 113 132 188 215 228 257 266 311 323 366 389 402 425 454 473 
7 29 57 63 114 133 189 216 229 258 267 312 324 367 390 403 426 455 474 
8 30 58 64 115 134 190 217 230 259 268 313 325 368 391 404 427 456 475 
9 31 59 65 116 135 191 218 231 260 269 314 326 369 392 405 428 457 476 
10 32 60 66 117 136 192 219 232 241 270 315 327 370 393 406 429 458 477 
11 33 41 67 118 137 193 220 233 242 271 316 328 371 394 407 430 459 478 
12 34 42 68 119 138 194 201 234 243 272 317 329 372 395 408 431 460 479 
13 35 43 69 120 139 195 202 235 244 273 318 330 373 396 409 432 441 480 
4 55 68 82 102 154 165 181 230 241 297 307 333 344 381 422 441 461 481 
5 56 69 83 103 155 166 182 231 242 298 308 334 345 382 423 442 462 482 
6 57 70 84 104 156 167 183 232 243 299 309 335 346 383 424 443 463 483 
7 58 71 85 105 157 168 184 233 244 300 310 336 347 384 425 444 464 484 
8 59 72 86 106 158 169 185 234 245 281 311 337 348 385 426 445 465 485 
9 60 73 87 107 159 170 186 235 246 282 312 338 349 386 427 446 466 486 
10 41 74 88 108 160 171 187 236 247 283 313 339 350 387 428 447 467 487 
11 42 75 89 109 141 172 188 237 248 284 314 340 351 388 429 448 468 488 
12 43 76 90 110 142 173 189 238 249 285 315 321 352 389 430 449 469 489 
13 44 77 91 111 143 174 190 239 250 286 316 322 353 390 431 450 470 490 
14 45 78 92 112 144 175 191 240 251 287 317 323 354 391 432 451 471 491 
15 46 79 93 113 145 176 192 221 252 288 318 324 355 392 433 452 472 492 
16 47 80 94 114 146 177 193 222 253 289 319 325 356 393 434 453 473 493 
17 48 61 95 115 147 178 194 223 254 290 320 326 357 394 435 454 474 494 
18 49 62 96 116 148 179 195 224 255 291 301 327 358 395 436 455 475 495 
19 50 63 97 117 149 180 196 225 256 292 302 328 359 396 437 456 476 496 
20 51 64 98 118 150 161 197 226 257 293 303 329 360 397 438 457 477 497 
1 52 65 99 119 151 162 198 227 258 294 304 330 341 398 439 458 478 498 
2 53 66 100 120 152 163 199 228 259 295 305 331 342 399 440 459 479 499 
3 54 67 81 101 153 164 200 229 260 296 306 332 343 400 421 460 480 500 
9 28 41 81 119 128 143 161 192 207 276 284 302 345 367 391 417 481 501 
10 29 42 82 120 129 144 162 193 208 277 285 303 346 368 392 418 482 502 
11 30 43 83 101 130 145 163 194 209 278 286 304 347 369 393 419 483 503 
12 31 44 84 102 131 146 164 195 210 279 287 305 348 370 394 420 484 504 
13 32 45 85 103 132 147 165 196 211 280 288 306 349 371 395 401 485 505 
14 33 46 86 104 133 148 166 197 212 261 289 307 350 372 396 402 486 506 
15 34 47 87 105 134 149 167 198 213 262 290 308 351 373 397 403 487 507 
16 35 48 88 106 135 150 168 199 214 263 291 309 352 374 398 404 488 508 
17 36 49 89 107 136 151 169 200 215 264 292 310 353 375 399 405 489 509 
18 37 50 90 108 137 152 170 181 216 265 293 311 354 376 400 406 490 510 
19 38 51 91 109 138 153 171 182 217 266 294 312 355 377 381 407 491 511 
20 39 52 92 110 139 154 172 183 218 267 295 313 356 378 382 408 492 512 
1 40 53 93 111 140 155 173 184 219 268 296 314 357 379 383 409 493 513 
2 21 54 94 112 121 156 174 185 220 269 297 315 358 380 384 410 494 514 
3 22 55 95 113 122 157 175 186 201 270 298 316 359 361 385 411 495 515 
4 23 56 96 114 123 158 176 187 202 271 299 317 360 362 386 412 496 516 
5 24 57 97 115 124 159 177 188 203 272 300 318 341 363 387 413 497 517 
6 25 58 98 116 125 160 178 189 204 273 281 319 342 364 388 414 498 518 
7 26 59 99 117 126 141 179 190 205 274 282 320 343 365 389 415 499 519 
8 27 60 100 118 127 142 180 191 206 275 283 301 344 366 390 416 500 520 
1 29 71 98 122 156 180 202 224 254 265 294 325 349 378 420 429 442 501 
2 30 72 99 123 157 161 203 225 255 266 295 326 350 379 401 430 443 502 
3 31 73 100 124 158 162 204 226 256 267 296 327 351 380 402 431 444 503 
4 32 74 81 125 159 163 205 227 257 268 297 328 352 361 403 432 445 504 
5 33 75 82 126 160 164 206 228 258 269 298 329 353 362 404 433 446 505 
6 34 76 83 127 141 165 207 229 259 270 299 330 354 363 405 434 447 506 
7 35 77 84 128 142 166 208 230 260 271 300 331 355 364 406 435 448 507 
8 36 78 85 129 143 167 209 231 241 272 281 332 356 365 407 436 449 508 
9 37 79 86 130 144 168 210 232 242 273 282 333 357 366 408 437 450 509 
10 38 80 87 131 145 169 211 233 243 274 283 334 358 367 409 438 451 510 
11 39 61 88 132 146 170 212 234 244 275 284 335 359 368 410 439 452 511 
12 40 62 89 133 147 171 213 235 245 276 285 336 360 369 411 440 453 512 
13 21 63 90 134 148 172 214 236 246 277 286 337 341 370 412 421 454 513 
14 22 64 91 135 149 173 215 237 247 278 287 338 342 371 413 422 455 514 
15 23 65 92 136 150 174 216 238 248 279 288 339 343 372 414 423 456 515 
16 24 66 93 137 151 175 217 239 249 280 289 340 344 373 415 424 457 516 
17 25 67 94 138 152 176 218 240 250 261 290 321 345 374 416 425 458 517 
18 26 68 95 139 153 177 219 221 251 262 291 322 346 375 417 426 459 518 
19 27 69 96 140 154 178 220 222 252 263 292 323 347 376 418 427 460 519 
20 28 70 97 121 155 179 201 223 253 264 293 324 348 377 419 428 441 520 
14 26 521 
15 27 522 
16 28 523 
17 29 524 
18 30 525 
19 31 526 
20 32 527 
1 33 528 
2 34 529 
3 35 530 
4 36 531 
5 37 532 
6 38 533 
7 39 534 
8 40 535 
9 21 536 
10 22 537 
11 23 538 
12 24 539 
13 25 540 
4 33 71 259 322 428 460 541 
5 34 72 260 323 429 441 542 
6 35 73 241 324 430 442 543 
7 36 74 242 325 431 443 544 
8 37 75 243 326 432 444 545 
9 38 76 244 327 433 445 546 
10 39 77 245 328 434 446 547 
11 40 78 246 329 435 447 548 
12 21 79 247 330 436 448 549 
13 22 80 248 331 437 449 550 
14 23 61 249 332 438 450 551 
15 24 62 250 333 439 451 552 
16 25 63 251 334 440 452 553 
17 26 64 252 335 421 453 554 
18 27 65 253 336 422 454 555 
19 28 66 254 337 423 455 556 
20 29 67 255 338 424 456 557 
1 30 68 256 339 425 457 558 
2 31 69 257 340 426 458 559 
3 32 70 258 321 427 459 560 
10 122 214 234 273 343 379 416 561 
11 123 215 235 274 344 380 417 562 
12 124 216 236 275 345 361 418 563 
13 125 217 237 276 346 362 419 564 
14 126 218 238 277 347 363 420 565 
15 127 219 239 278 348 364 401 566 
16 128 220 240 279 349 365 402 567 
17 129 201 221 280 350 366 403 568 
18 130 202 222 261 351 367 404 569 
19 131 203 223 262 352 368 405 570 
20 132 204 224 263 353 369 406 571 
1 133 205 225 264 354 370 407 572 
2 134 206 226 265 355 371 408 573 
3 135 207 227 266 356 372 409 574 
4 136 208 228 267 357 373 410 575 
5 137 209 229 268 358 374 411 576 
6 138 210 230 269 359 375 412 577 
7 139 211 231 270 360 376 413 578 
8 140 212 232 271 341 377 414 579 
9 121 213 233 272 342 378 415 580 
13 29 88 151 166 297 581 
14 30 89 152 167 298 582 
15 31 90 153 168 299 583 
16 32 91 154 169 300 584 
17 33 92 155 170 281 585 
18 34 93 156 171 282 586 
19 35 94 157 172 283 587 
20 36 95 158 173 284 588 
1 37 96 159 174 285 589 
2 38 97 160 175 286 590 
3 39 98 141 176 287 591 
4 40 99 142 177 288 592 
5 21 100 143 178 289 593 
6 22 81 144 179 290 594 
7 23 82 145 180 291 595 
8 24 83 146 161 292 596 
9 25 84 147 162 293 597 
10 26 85 148 163 294 598 
11 27 86 149 164 295 599 
12 28 87 150 165 296 600 
16 34 71 252 337 391 430 446 495 601 
17 35 72 253 338 392 431 447 496 602 
18 36 73 254 339 393 432 448 497 603 
19 37 74 255 340 394 433 449 498 604 
20 38 75 256 321 395 434 450 499 605 
1 39 76 257 322 396 435 451 500 606 
2 40 77 258 323 397 436 452 481 607 
3 21 78 259 324 398 437 453 482 608 
4 22 79 260 325 399 438 454 483 609 
5 23 80 241 326 400 439 455 484 610 
6 24 61 242 327 381 440 456 485 611 
7 25 62 243 328 382 421 457 486 612 
8 26 63 244 329 383 422 458 487 613 
9 27 64 245 330 384 423 459 488 614 
10 28 65 246 331 385 424 460 489 615 
11 29 66 247 332 386 425 441 490 616 
12 30 67 248 333 387 426 442 491 617 
13 31 68 249 334 388 427 443 492 618 
14 32 69 250 335 389 428 444 493 619 
15 33 70 251 336 390 429 445 494 620 
10 25 217 227 272 348 376 410 621 
11 26 218 228 273 349 377 411 622 
12 27 219 229 274 350 378 412 623 
13 28 220 230 275 351 379 413 624 
14 29 201 231 276 352 380 414 625 
15 30 202 232 277 353 361 415 626 
16 31 203 233 278 354 362 416 627 
17 32 204 234 279 355 363 417 628 
18 33 205 235 280 356 364 418 629 
19 34 206 236 261 357 365 419 630 
20 35 207 237 262 358 366 420 631 
1 36 208 238 263 359 367 401 632 
2 37 209 239 264 360 368 402 633 
3 38 210 240 265 341 369 403 634 
4 39 211 221 266 342 370 404 635 
5 40 212 222 267 343 371 405 636 
6 21 213 223 268 344 372 406 637 
7 22 214 224 269 345 373 407 638 
8 23 215 225 270 346 374 408 639 
9 24 216 226 271 347 375 409 640 
35 41 92 156 162 292 641 
36 42 93 157 163 293 642 
37 43 94 158 164 294 643 
38 44 95 159 165 295 644 
39 45 96 160 166 296 645 
40 46 97 141 167 297 646 
21 47 98 142 168 298 647 
22 48 99 143 169 299 648 
23 49 100 144 170 300 649 
24 50 81 145 171 281 650 
25 51 82 146 172 282 651 
26 52 83 147 173 283 652 
27 53 84 148 174 284 653 
28 54 85 149 175 285 654 
29 55 86 150 176 286 655 
30 56 87 151 177 287 656 
31 57 88 152 178 288 657 
32 58 89 153 179 289 658 
33 59 90 154 180 290 659 
34 60 91 155 161 291 660 
17 28 251 330 438 444 461 661 
18 29 252 331 439 445 462 662 
19 30 253 332 440 446 463 663 
20 31 254 333 421 447 464 664 
1 32 255 334 422 448 465 665 
2 33 256 335 423 449 466 666 
3 34 257 336 424 450 467 667 
4 35 258 337 425 451 468 668 
5 36 259 338 426 452 469 669 
6 37 260 339 427 453 470 670 
7 38 241 340 428 454 471 671 
8 39 242 321 429 455 472 672 
9 40 243 322 430 456 473 673 
10 21 244 323 431 457 474 674 
11 22 245 324 432 458 475 675 
12 23 246 325 433 459 476 676 
13 24 247 326 434 460 477 677 
14 25 248 327 435 441 478 678 
15 26 249 328 436 442 479 679 
16 27 250 329 437 443 480 680 
10 36 210 229 266 373 681 
11 37 211 230 267 374 682 
12 38 212 231 268 375 683 
13 39 213 232 269 376 684 
14 40 214 233 270 377 685 
15 21 215 234 271 378 686 
16 22 216 235 272 379 687 
17 23 217 236 273 380 688 
18 24 218 237 274 361 689 
19 25 219 238 275 362 690 
20 26 220 239 276 363 691 
1 27 201 240 277 364 692 
2 28 202 221 278 365 693 
3 29 203 222 279 366 694 
4 30 204 223 280 367 695 
5 31 205 224 261 368 696 
6 32 206 225 262 369 697 
7 33 207 226 263 370 698 
8 34 208 227 264 371 699 
9 35 209 228 265 372 700 
20 63 144 401 478 701 
1 64 145 402 479 702 
2 65 146 403 480 703 
3 66 147 404 461 704 
4 67 148 405 462 705 
5 68 149 406 463 706 
6 69 150 407 464 707 
7 70 151 408 465 708 
8 71 152 409 466 709 
9 72 153 410 467 710 
10 73 154 411 468 711 
11 74 155 412 469 712 
12 75 156 413 470 713 
13 76 157 414 471 714 
14 77 158 415 472 715 
15 78 159 416 473 716 
16 79 160 417 474 717 
17 80 141 418 475 718 
18 61 142 419 476 719 
19 62 143 420 477 720 
19 260 315 322 360 439 721 
20 241 316 323 341 440 722 
1 242 317 324 342 421 723 
2 243 318 325 343 422 724 
3 244 319 326 344 423 725 
4 245 320 327 345 424 726 
5 246 301 328 346 425 727 
6 247 302 329 347 426 728 
7 248 303 330 348 427 729 
8 249 304 331 349 428 730 
9 250 305 332 350 429 731 
10 251 306 333 351 430 732 
11 252 307 334 352 431 733 
12 253 308 335 353 432 734 
13 254 309 336 354 433 735 
14 255 310 337 355 434 736 
15 256 311 338 356 435 737 
16 257 312 339 357 436 738 
17 258 313 340 358 437 739 
18 259 314 321 359 438 740 
10 31 201 271 365 512 741 
11 32 202 272 366 513 742 
12 33 203 273 367 514 743 
13 34 204 274 368 515 744 
14 35 205 275 369 516 745 
15 36 206 276 370 517 746 
16 37 207 277 371 518 747 
17 38 208 278 372 519 748 
18 39 209 279 373 520 749 
19 40 210 280 374 501 750 
20 21 211 261 375 502 751 
1 22 212 262 376 503 752 
2 23 213 263 377 504 753 
3 24 214 264 378 505 754 
4 25 215 265 379 506 755 
5 26 216 266 380 507 756 
6 27 217 267 361 508 757 
7 28 218 268 362 509 758 
8 29 219 269 363 510 759 
9 30 220 270 364 511 760 
30 61 226 416 441 761 
31 62 227 417 442 762 
32 63 228 418 443 763 
33 64 229 419 444 764 
34 65 230 420 445 765 
35 66 231 401 446 766 
36 67 232 402 447 767 
37 68 233 403 448 768 
38 69 234 404 449 769 
39 70 235 405 450 770 
40 71 236 406 451 771 
21 72 237 407 452 772 
22 73 238 408 453 773 
23 74 239 409 454 774 
24 75 240 410 455 775 
25 76 221 411 456 776 
26 77 222 412 457 777 
27 78 223 413 458 778 
28 79 224 414 459 779 
29 80 225 415 460 780 
18 288 329 352 429 781 
19 289 330 353 430 782 
20 290 331 354 431 783 
1 291 332 355 432 784 
2 292 333 356 433 785 
3 293 334 357 434 786 
4 294 335 358 435 787 
5 295 336 359 436 788 
6 296 337 360 437 789 
7 297 338 341 438 790 
8 298 339 342 439 791 
9 299 340 343 440 792 
10 300 321 344 421 793 
11 281 322 345 422 794 
12 282 323 346 423 795 
13 283 324 347 424 796 
14 284 325 348 425 797 
15 285 326 349 426 798 
16 286 327 350 427 799 
17 287 328 351 428 800 
21 255 272 362 396 801 
22 256 273 363 397 802 
23 257 274 364 398 803 
24 258 275 365 399 804 
25 259 276 366 400 805 
26 260 277 367 381 806 
27 241 278 368 382 807 
28 242 279 369 383 808 
29 243 280 370 384 809 
30 244 261 371 385 810 
31 245 262 372 386 811 
32 246 263 373 387 812 
33 247 264 374 388 813 
34 248 265 375 389 814 
35 249 266 376 390 815 
36 250 267 377 391 816 
37 251 268 378 392 817 
38 252 269 379 393 818 
39 253 270 380 394 819 
40 254 271 361 395 820 
5 22 142 171 202 821 
6 23 143 172 203 822 
7 24 144 173 204 823 
8 25 145 174 205 824 
9 26 146 175 206 825 
10 27 147 176 207 826 
11 28 148 177 208 827 
12 29 149 178 209 828 
13 30 150 179 210 829 
14 31 151 180 211 830 
15 32 152 161 212 831 
16 33 153 162 213 832 
17 34 154 163 214 833 
18 35 155 164 215 834 
19 36 156 165 216 835 
20 37 157 166 217 836 
1 38 158 167 218 837 
2 39 159 168 219 838 
3 40 160 169 220 839 
4 21 141 170 201 840 
2 63 181 231 451 841 
3 64 182 232 452 842 
4 65 183 233 453 843 
5 66 184 234 454 844 
6 67 185 235 455 845 
7 68 186 236 456 846 
8 69 187 237 457 847 
9 70 188 238 458 848 
10 71 189 239 459 849 
11 72 190 240 460 850 
12 73 191 221 441 851 
13 74 192 222 442 852 
14 75 193 223 443 853 
15 76 194 224 444 854 
16 77 195 225 445 855 
17 78 196 226 446 856 
18 79 197 227 447 857 
19 80 198 228 448 858 
20 61 199 229 449 859 
1 62 200 230 450 860 
40 116 333 404 424 861 
21 117 334 405 425 862 
22 118 335 406 426 863 
23 119 336 407 427 864 
24 120 337 408 428 865 
25 101 338 409 429 866 
26 102 339 410 430 867 
27 103 340 411 431 868 
28 104 321 412 432 869 
29 105 322 413 433 870 
30 106 323 414 434 871 
31 107 324 415 435 872 
32 108 325 416 436 873 
33 109 326 417 437 874 
34 110 327 418 438 875 
35 111 328 419 439 876 
36 112 329 420 440 877 
37 113 330 401 421 878 
38 114 331 402 422 879 
39 115 332 403 423 880 
18 241 276 357 881 
19 242 277 358 882 
20 243 278 359 883 
1 244 279 360 884 
2 245 280 341 885 
3 246 261 342 886 
4 247 262 343 887 
5 248 263 344 888 
6 249 264 345 889 
7 250 265 346 890 
8 251 266 347 891 
9 252 267 348 892 
10 253 268 349 893 
11 254 269 350 894 
12 255 270 351 895 
13 256 271 352 896 
14 257 272 353 897 
15 258 273 354 898 
16 259 274 355 899 
17 260 275 356 900 
30 51 214 366 901 
31 52 215 367 902 
32 53 216 368 903 
33 54 217 369 904 
34 55 218 370 905 
35 56 219 371 906 
36 57 220 372 907 
37 58 201 373 908 
38 59 202 374 909 
39 60 203 375 910 
40 41 204 376 911 
21 42 205 377 912 
22 43 206 378 913 
23 44 207 379 914 
24 45 208 380 915 
25 46 209 361 916 
26 47 210 362 917 
27 48 211 363 918 
28 49 212 364 919 
29 50 213 365 920 
10 61 91 228 442 921 
11 62 92 229 443 922 
12 63 93 230 444 923 
13 64 94 231 445 924 
14 65 95 232 446 925 
15 66 96 233 447 926 
16 67 97 234 448 927 
17 68 98 235 449 928 
18 69 99 236 450 929 
19 70 100 237 451 930 
20 71 81 238 452 931 
1 72 82 239 453 932 
2 73 83 240 454 933 
3 74 84 221 455 934 
4 75 85 222 456 935 
5 76 86 223 457 936 
6 77 87 224 458 937 
7 78 88 225 459 938 
8 79 89 226 460 939 
9 80 90 227 441 940 
33 136 157 287 941 
34 137 158 288 942 
35 138 159 289 943 
36 139 160 290 944 
37 140 141 291 945 
38 121 142 292 946 
39 122 143 293 947 
40 123 144 294 948 
21 124 145 295 949 
22 125 146 296 950 
23 126 147 297 951 
24 127 148 298 952 
25 128 149 299 953 
26 129 150 300 954 
27 130 151 281 955 
28 131 152 282 956 
29 132 153 283 957 
30 133 154 284 958 
31 134 155 285 959 
32 135 156 286 960 
11 51 99 308 961 
12 52 100 309 962 
13 53 81 310 963 
14 54 82 311 964 
15 55 83 312 965 
16 56 84 313 966 
17 57 85 314 967 
18 58 86 315 968 
19 59 87 316 969 
20 60 88 317 970 
1 41 89 318 971 
2 42 90 319 972 
3 43 91 320 973 
4 44 92 301 974 
5 45 93 302 975 
6 46 94 303 976 
7 47 95 304 977 
8 48 96 305 978 
9 49 97 306 979 
10 50 98 307 980 
31 130 165 981 
32 131 166 982 
33 132 167 983 
34 133 168 984 
35 134 169 985 
36 135 170 986 
37 136 171 987 
38 137 172 988 
39 138 173 989 
40 139 174 990 
21 140 175 991 
22 121 176 992 
23 122 177 993 
24 123 178 994 
25 124 179 995 
26 125 180 996 
27 126 161 997 
28 127 162 998 
29 128 163 999 
30 129 164 1000 
12 94 391 435 1001 
13 95 392 436 1002 
14 96 393 437 1003 
15 97 394 438 1004 
16 98 395 439 1005 
17 99 396 440 1006 
18 100 397 421 1007 
19 81 398 422 1008 
20 82 399 423 1009 
1 83 400 424 1010 
2 84 381 425 1011 
3 85 382 426 1012 
4 86 383 427 1013 
5 87 384 428 1014 
6 88 385 429 1015 
7 89 386 430 1016 
8 90 387 431 1017 
9 91 388 432 1018 
10 92 389 433 1019 
11 93 390 434 1020 
28 289 378 510 1021 
29 290 379 511 1022 
30 291 380 512 1023 
31 292 361 513 1024 
32 293 362 514 1025 
33 294 363 515 1026 
34 295 364 516 1027 
35 296 365 517 1028 
36 297 366 518 1029 
37 298 367 519 1030 
38 299 368 520 1031 
39 300 369 501 1032 
40 281 370 502 1033 
21 282 371 503 1034 
22 283 372 504 1035 
23 284 373 505 1036 
24 285 374 506 1037 
25 286 375 507 1038 
26 287 376 508 1039 
27 288 377 509 1040 
12 204 266 496 1041 
13 205 267 497 1042 
14 206 268 498 1043 
15 207 269 499 1044 
16 208 270 500 1045 
17 209 271 481 1046 
18 210 272 482 1047 
19 211 273 483 1048 
20 212 274 484 1049 
1 213 275 485 1050 
2 214 276 486 1051 
3 215 277 487 1052 
4 216 278 488 1053 
5 217 279 489 1054 
6 218 280 490 1055 
7 219 261 491 1056 
8 220 262 492 1057 
9 201 263 493 1058 
10 202 264 494 1059 
11 203 265 495 1060 
23 149 447 503 1061 
24 150 448 504 1062 
25 151 449 505 1063 
26 152 450 506 1064 
27 153 451 507 1065 
28 154 452 508 1066 
29 155 453 509 1067 
30 156 454 510 1068 
31 157 455 511 1069 
32 158 456 512 1070 
33 159 457 513 1071 
34 160 458 514 1072 
35 141 459 515 1073 
36 142 460 516 1074 
37 143 441 517 1075 
38 144 442 518 1076 
39 145 443 519 1077 
40 146 444 520 1078 
21 147 445 501 1079 
22 148 446 502 1080 
11 243 292 498 1081 
12 244 293 499 1082 
13 245 294 500 1083 
14 246 295 481 1084 
15 247 296 482 1085 
16 248 297 483 1086 
17 249 298 484 1087 
18 250 299 485 1088 
19 251 300 486 1089 
20 252 281 487 1090 
1 253 282 488 1091 
2 254 283 489 1092 
3 255 284 490 1093 
4 256 285 491 1094 
5 257 286 492 1095 
6 258 287 493 1096 
7 259 288 494 1097 
8 260 289 495 1098 
9 241 290 496 1099 
10 242 291 497 1100 
31 41 221 434 1101 
32 42 222 435 1102 
33 43 223 436 1103 
34 44 224 437 1104 
35 45 225 438 1105 
36 46 226 439 1106 
37 47 227 440 1107 
38 48 228 421 1108 
39 49 229 422 1109 
40 50 230 423 1110 
21 51 231 424 1111 
22 52 232 425 1112 
23 53 233 426 1113 
24 54 234 427 1114 
25 55 235 428 1115 
26 56 236 429 1116 
27 57 237 430 1117 
28 58 238 431 1118 
29 59 239 432 1119 
30 60 240 433 1120 
8 157 306 345 1121 
9 158 307 346 1122 
10 159 308 347 1123 
11 160 309 348 1124 
12 141 310 349 1125 
13 142 311 350 1126 
14 143 312 351 1127 
15 144 313 352 1128 
16 145 314 353 1129 
17 146 315 354 1130 
18 147 316 355 1131 
19 148 317 356 1132 
20 149 318 357 1133 
1 150 319 358 1134 
2 151 320 359 1135 
3 152 301 360 1136 
4 153 302 341 1137 
5 154 303 342 1138 
6 155 304 343 1139 
7 156 305 344 1140 
28 139 256 446 1141 
29 140 257 447 1142 
30 121 258 448 1143 
31 122 259 449 1144 
32 123 260 450 1145 
33 124 241 451 1146 
34 125 242 452 1147 
35 126 243 453 1148 
36 127 244 454 1149 
37 128 245 455 1150 
38 129 246 456 1151 
39 130 247 457 1152 
40 131 248 458 1153 
21 132 249 459 1154 
22 133 250 460 1155 
23 134 251 441 1156 
24 135 252 442 1157 
25 136 253 443 1158 
26 137 254 444 1159 
27 138 255 445 1160 
20 300 319 361 1161 
1 281 320 362 1162 
2 282 301 363 1163 
3 283 302 364 1164 
4 284 303 365 1165 
5 285 304 366 1166 
6 286 305 367 1167 
7 287 306 368 1168 
8 288 307 369 1169 
9 289 308 370 1170 
10 290 309 371 1171 
11 291 310 372 1172 
12 292 311 373 1173 
13 293 312 374 1174 
14 294 313 375 1175 
15 295 314 376 1176 
16 296 315 377 1177 
17 297 316 378 1178 
18 298 317 379 1179 
19 299 318 380 1180 
39 276 476 1181 
40 277 477 1182 
21 278 478 1183 
22 279 479 1184 
23 280 480 1185 
24 261 461 1186 
25 262 462 1187 
26 263 463 1188 
27 264 464 1189 
28 265 465 1190 
29 266 466 1191 
30 267 467 1192 
31 268 468 1193 
32 269 469 1194 
33 270 470 1195 
34 271 471 1196 
35 272 472 1197 
36 273 473 1198 
37 274 474 1199 
38 275 475 1200 
12 200 205 242 1201 
13 181 206 243 1202 
14 182 207 244 1203 
15 183 208 245 1204 
16 184 209 246 1205 
17 185 210 247 1206 
18 186 211 248 1207 
19 187 212 249 1208 
20 188 213 250 1209 
1 189 214 251 1210 
2 190 215 252 1211 
3 191 216 253 1212 
4 192 217 254 1213 
5 193 218 255 1214 
6 194 219 256 1215 
7 195 220 257 1216 
8 196 201 258 1217 
9 197 202 259 1218 
10 198 203 260 1219 
11 199 204 241 1220 
23 78 153 389 1221 
24 79 154 390 1222 
25 80 155 391 1223 
26 61 156 392 1224 
27 62 157 393 1225 
28 63 158 394 1226 
29 64 159 395 1227 
30 65 160 396 1228 
31 66 141 397 1229 
32 67 142 398 1230 
33 68 143 399 1231 
34 69 144 400 1232 
35 70 145 381 1233 
36 71 146 382 1234 
37 72 147 383 1235 
38 73 148 384 1236 
39 74 149 385 1237 
40 75 150 386 1238 
21 76 151 387 1239 
22 77 152 388 1240 
13 161 358 1241 
14 162 359 1242 
15 163 360 1243 
16 164 341 1244 
17 165 342 1245 
18 166 343 1246 
19 167 344 1247 
20 168 345 1248 
1 169 346 1249 
2 170 347 1250 
3 171 348 1251 
4 172 349 1252 
5 173 350 1253 
6 174 351 1254 
7 175 352 1255 
8 176 353 1256 
9 177 354 1257 
10 178 355 1258 
11 179 356 1259 
12 180 357 1260 
35 68 185 368 1261 
36 69 186 369 1262 
37 70 187 370 1263 
38 71 188 371 1264 
39 72 189 372 1265 
40 73 190 373 1266 
21 74 191 374 1267 
22 75 192 375 1268 
23 76 193 376 1269 
24 77 194 377 1270 
25 78 195 378 1271 
26 79 196 379 1272 
27 80 197 380 1273 
28 61 198 361 1274 
29 62 199 362 1275 
30 63 200 363 1276 
31 64 181 364 1277 
32 65 182 365 1278 
33 66 183 366 1279 
34 67 184 367 1280 
7 86 487 1281 
8 87 488 1282 
9 88 489 1283 
10 89 490 1284 
11 90 491 1285 
12 91 492 1286 
13 92 493 1287 
14 93 494 1288 
15 94 495 1289 
16 95 496 1290 
17 96 497 1291 
18 97 498 1292 
19 98 499 1293 
20 99 500 1294 
1 100 481 1295 
2 81 482 1296 
3 82 483 1297 
4 83 484 1298 
5 84 485 1299 
6 85 486 1300 
29 330 377 503 1301 
30 331 378 504 1302 
31 332 379 505 1303 
32 333 380 506 1304 
33 334 361 507 1305 
34 335 362 508 1306 
35 336 363 509 1307 
36 337 364 510 1308 
37 338 365 511 1309 
38 339 366 512 1310 
39 340 367 513 1311 
40 321 368 514 1312 
21 322 369 515 1313 
22 323 370 516 1314 
23 324 371 517 1315 
24 325 372 518 1316 
25 326 373 519 1317 
26 327 374 520 1318 
27 328 375 501 1319 
28 329 376 502 1320 
15 148 200 441 1321 
16 149 181 442 1322 
17 150 182 443 1323 
18 151 183 444 1324 
19 152 184 445 1325 
20 153 185 446 1326 
1 154 186 447 1327 
2 155 187 448 1328 
3 156 188 449 1329 
4 157 189 450 1330 
5 158 190 451 1331 
6 159 191 452 1332 
7 160 192 453 1333 
8 141 193 454 1334 
9 142 194 455 1335 
10 143 195 456 1336 
11 144 196 457 1337 
12 145 197 458 1338 
13 146 198 459 1339 
14 147 199 460 1340 
22 129 207 1341 
23 130 208 1342 
24 131 209 1343 
25 132 210 1344 
26 133 211 1345 
27 134 212 1346 
28 135 213 1347 
29 136 214 1348 
30 137 215 1349 
31 138 216 1350 
32 139 217 1351 
33 140 218 1352 
34 121 219 1353 
35 122 220 1354 
36 123 201 1355 
37 124 202 1356 
38 125 203 1357 
39 126 204 1358 
40 127 205 1359 
21 128 206 1360 
