952 644
30 19
30 30 30 30 30 30 30 30 30 30 30 30 30 30 28 28 28 28 28 28 28 28 28 28 28 28 28 28 7 7 7 7 7 7 7 7 7 7 7 7 7 7 11 11 11 11 11 11 11 11 11 11 11 11 11 11 9 9 9 9 9 9 9 9 9 9 9 9 9 9 4 4 4 4 4 4 4 4 4 4 4 4 4 4 8 8 8 8 8 8 8 8 8 8 8 8 8 8 12 12 12 12 12 12 12 12 12 12 12 12 12 12 8 8 8 8 8 8 8 8 8 8 8 8 8 8 7 7 7 7 7 7 7 7 7 7 7 7 7 7 12 12 12 12 12 12 12 12 12 12 12 12 12 12 10 10 10 10 10 10 10 10 10 10 10 10 10 10 12 12 12 12 12 12 12 12 12 12 12 12 12 12 11 11 11 11 11 11 11 11 11 11 11 11 11 11 10 10 10 10 10 10 10 10 10 10 10 10 10 10 7 7 7 7 7 7 7 7 7 7 7 7 7 7 10 10 10 10 10 10 10 10 10 10 10 10 10 10 10 10 10 10 10 10 10 10 10 10 10 10 10 10 13 13 13 13 13 13 13 13 13 13 13 13 13 13 7 7 7 7 7 7 7 7 7 7 7 7 7 7 8 8 8 8 8 8 8 8 8 8 8 8 8 8 11 11 11 11 11 11 11 11 11 11 11 11 11 11 12 12 12 12 12 12 12 12 12 12 12 12 12 12 5 5 5 5 5 5 5 5 5 5 5 5 5 5 6 6 6 6 6 6 6 6 6 6 6 6 6 6 6 6 6 6 6 6 6 6 6 6 6 6 6 6 1 1 1 1 1 1 1 1 1 1 1 1 1 1 1 1 1 1 1 1 1 1 1 1 1 1 1 1 1 1 1 1 1 1 1 1 1 1 1 1 1 1 1 1 1 1 1 1 1 1 1 1 1 1 1 1 1 1 1 1 1 1 1 1 1 1 1 1 1 1 1 1 1 1 1 1 1 1 1 1 1 1 1 1 1 1 1 1 1 1 1 1 1 1 1 1 1 1 1 1 1 1 1 1 1 1 1 1 1 1 1 1 1 1 1 1 1 1 1 1 1 1 1 1 1 1 1 1 1 1 1 1 1 1 1 1 1 1 1 1 1 1 1 1 1 1 1 1 1 1 1 1 1 1 1 1 1 1 1 1 1 1 1 1 1 1 1 1 1 1 1 1 1 1 1 1 1 1 1 1 1 1 1 1 1 1 1 1 1 1 1 1 1 1 1 1 1 1 1 1 1 1 1 1 1 1 1 1 1 1 1 1 1 1 1 1 1 1 1 1 1 1 1 1 1 1 1 1 1 1 1 1 1 1 1 1 1 1 1 1 1 1 1 1 1 1 1 1 1 1 1 1 1 1 1 1 1 1 1 1 1 1 1 1 1 1 1 1 1 1 1 1 1 1 1 1 1 1 1 1 1 1 1 1 1 1 1 1 1 1 1 1 1 1 1 1 1 1 1 1 1 1 1 1 1 1 1 1 1 1 1 1 1 1 1 1 1 1 1 1 1 1 1 1 1 1 1 1 1 1 1 1 1 1 1 1 1 1 1 1 1 1 1 1 1 1 1 1 1 1 1 1 1 1 1 1 1 1 1 1 1 1 1 1 1 1 1 1 1 1 1 1 1 1 1 1 1 1 1 1 1 1 1 1 1 1 1 1 1 1 1 1 1 1 1 1 1 1 1 1 1 1 1 1 1 1 1 1 1 1 1 1 1 1 1 1 1 1 1 1 1 1 1 1 1 1 1 1 1 1 1 1 1 1 1 1 1 1 1 1 1 1 1 1 1 1 1 1 1 1 1 1 1 1 1 1 1 1 1 1 1 1 1 1 1 1 1 1 1 1 1 1 1 1 1 1 1 1 1 1 1 1 1 1 1 1 1 1 1 1 1 1 1 1 1 1 1 1 1 1 1 1 1 1 1 1 1 1 1 1 1 1 1 1 1 1 1 1 1 1 1 1 1 1 1 1 1 1 1 1 1 1 1 1 1 1 1 1 1 1 1 1 1 1 1 1 1 1 1 1 1 1 1 1 1 1 1 1 1 1 1 1 1 1 1 1 1 1 1 1 1 1 1 1 1 1 1 1 1 1 1 1 1 1 1 1 1 1 
19 19 19 19 19 19 19 19 19 19 19 19 19 19 19 19 19 19 19 19 19 19 19 19 19 19 19 19 19 19 19 19 19 19 19 19 19 19 19 19 19 19 19 19 19 19 19 19 19 19 19 19 19 19 19 19 3 3 3 3 3 3 3 3 3 3 3 3 3 3 8 8 8 8 8 8 8 8 8 8 8 8 8 8 9 9 9 9 9 9 9 9 9 9 9 9 9 9 7 7 7 7 7 7 7 7 7 7 7 7 7 7 10 10 10 10 10 10 10 10 10 10 10 10 10 10 9 9 9 9 9 9 9 9 9 9 9 9 9 9 7 7 7 7 7 7 7 7 7 7 7 7 7 7 8 8 8 8 8 8 8 8 8 8 8 8 8 8 7 7 7 7 7 7 7 7 7 7 7 7 7 7 6 6 6 6 6 6 6 6 6 6 6 6 6 6 7 7 7 7 7 7 7 7 7 7 7 7 7 7 7 7 7 7 7 7 7 7 7 7 7 7 7 7 6 6 6 6 6 6 6 6 6 6 6 6 6 6 6 6 6 6 6 6 6 6 6 6 6 6 6 6 6 6 6 6 6 6 6 6 6 6 6 6 6 6 6 6 6 6 6 6 6 6 6 6 6 6 6 6 6 6 6 6 6 6 6 6 6 6 6 6 6 6 6 6 6 6 6 6 6 6 6 6 6 6 6 6 5 5 5 5 5 5 5 5 5 5 5 5 5 5 5 5 5 5 5 5 5 5 5 5 5 5 5 5 6 6 6 6 6 6 6 6 6 6 6 6 6 6 5 5 5 5 5 5 5 5 5 5 5 5 5 5 5 5 5 5 5 5 5 5 5 5 5 5 5 5 4 4 4 4 4 4 4 4 4 4 4 4 4 4 5 5 5 5 5 5 5 5 5 5 5 5 5 5 5 5 5 5 5 5 5 5 5 5 5 5 5 5 5 5 5 5 5 5 5 5 5 5 5 5 5 5 5 5 5 5 5 5 5 5 5 5 5 5 5 5 5 5 5 5 5 5 5 5 5 5 5 5 5 5 5 5 5 5 5 5 5 5 5 5 5 5 5 5 5 5 5 5 5 5 5 5 5 5 5 5 5 5 5 5 5 5 5 5 5 5 5 5 5 5 5 5 5 5 5 5 5 5 5 5 5 5 5 5 5 5 4 4 4 4 4 4 4 4 4 4 4 4 4 4 5 5 5 5 5 5 5 5 5 5 5 5 5 5 5 5 5 5 5 5 5 5 5 5 5 5 5 5 4 4 4 4 4 4 4 4 4 4 4 4 4 4 5 5 5 5 5 5 5 5 5 5 5 5 5 5 4 4 4 4 4 4 4 4 4 4 4 4 4 4 5 5 5 5 5 5 5 5 5 5 5 5 5 5 5 5 5 5 5 5 5 5 5 5 5 5 5 5 4 4 4 4 4 4 4 4 4 4 4 4 4 4 
2 28 32 52 69 75 95 110 122 132 159 181 186 197 219 239 273 288 312 344 370 401 429 453 479 507 536 564 601 617 
3 15 33 53 70 76 96 111 123 133 160 182 187 198 220 240 274 289 313 345 371 402 430 454 480 508 537 565 602 618 
4 16 34 54 57 77 97 112 124 134 161 169 188 199 221 241 275 290 314 346 372 403 431 455 481 509 538 566 589 619 
5 17 35 55 58 78 98 99 125 135 162 170 189 200 222 242 276 291 315 347 373 404 432 456 482 510 539 567 590 620 
6 18 36 56 59 79 85 100 126 136 163 171 190 201 223 243 277 292 316 348 374 405 433 457 483 511 540 568 591 621 
7 19 37 43 60 80 86 101 113 137 164 172 191 202 224 244 278 293 317 349 375 406 434 458 484 512 541 569 592 622 
8 20 38 44 61 81 87 102 114 138 165 173 192 203 211 245 279 294 318 350 376 393 421 459 485 513 542 570 593 623 
9 21 39 45 62 82 88 103 115 139 166 174 193 204 212 246 280 281 319 337 377 394 422 460 486 514 543 571 594 624 
10 22 40 46 63 83 89 104 116 140 167 175 194 205 213 247 267 282 320 338 378 395 423 461 487 515 544 572 595 625 
11 23 41 47 64 84 90 105 117 127 168 176 195 206 214 248 268 283 321 339 365 396 424 462 488 516 545 573 596 626 
12 24 42 48 65 71 91 106 118 128 155 177 196 207 215 249 269 284 322 340 366 397 425 449 489 517 546 574 597 627 
13 25 29 49 66 72 92 107 119 129 156 178 183 208 216 250 270 285 309 341 367 398 426 450 490 518 533 561 598 628 
14 26 30 50 67 73 93 108 120 130 157 179 184 209 217 251 271 286 310 342 368 399 427 451 477 505 534 562 599 629 
1 27 31 51 68 74 94 109 121 131 158 180 185 210 218 252 272 287 311 343 369 400 428 452 478 506 535 563 600 630 
13 36 53 61 82 107 116 132 143 158 176 217 225 264 275 299 333 364 381 411 442 475 495 522 549 580 607 643 
14 37 54 62 83 108 117 133 144 159 177 218 226 265 276 300 334 351 382 412 443 476 496 523 550 581 608 644 
1 38 55 63 84 109 118 134 145 160 178 219 227 266 277 301 335 352 383 413 444 463 497 524 551 582 609 631 
2 39 56 64 71 110 119 135 146 161 179 220 228 253 278 302 336 353 384 414 445 464 498 525 552 583 610 632 
3 40 43 65 72 111 120 136 147 162 180 221 229 254 279 303 323 354 385 415 446 465 499 526 553 584 611 633 
4 41 44 66 73 112 121 137 148 163 181 222 230 255 280 304 324 355 386 416 447 466 500 527 554 585 612 634 
5 42 45 67 74 99 122 138 149 164 182 223 231 256 267 305 325 356 387 417 448 467 501 528 555 586 613 635 
6 29 46 68 75 100 123 139 150 165 169 224 232 257 268 306 326 357 388 418 435 468 502 529 556 587 614 636 
7 30 47 69 76 101 124 140 151 166 170 211 233 258 269 307 327 358 389 419 436 469 503 530 557 588 615 637 
8 31 48 70 77 102 125 127 152 167 171 212 234 259 270 308 328 359 390 420 437 470 504 531 558 575 616 638 
9 32 49 57 78 103 126 128 153 168 172 213 235 260 271 295 329 360 391 407 438 471 491 532 559 576 603 639 
10 33 50 58 79 104 113 129 154 155 173 214 236 261 272 296 330 361 392 408 439 472 492 519 560 577 604 640 
11 34 51 59 80 105 114 130 141 156 174 215 237 262 273 297 331 362 379 409 440 473 493 520 547 578 605 641 
12 35 52 60 81 106 115 131 142 157 175 216 238 263 274 298 332 363 380 410 441 474 494 521 548 579 606 642 
5 26 40 144 330 371 470 
6 27 41 145 331 372 471 
7 28 42 146 332 373 472 
8 15 29 147 333 374 473 
9 16 30 148 334 375 474 
10 17 31 149 335 376 475 
11 18 32 150 336 377 476 
12 19 33 151 323 378 463 
13 20 34 152 324 365 464 
14 21 35 153 325 366 465 
1 22 36 154 326 367 466 
2 23 37 141 327 368 467 
3 24 38 142 328 369 468 
4 25 39 143 329 370 469 
8 18 46 83 123 183 229 281 348 554 584 
9 19 47 84 124 184 230 282 349 555 585 
10 20 48 71 125 185 231 283 350 556 586 
11 21 49 72 126 186 232 284 337 557 587 
12 22 50 73 113 187 233 285 338 558 588 
13 23 51 74 114 188 234 286 339 559 575 
14 24 52 75 115 189 235 287 340 560 576 
1 25 53 76 116 190 236 288 341 547 577 
2 26 54 77 117 191 237 289 342 548 578 
3 27 55 78 118 192 238 290 343 549 579 
4 28 56 79 119 193 225 291 344 550 580 
5 15 43 80 120 194 226 292 345 551 581 
6 16 44 81 121 195 227 293 346 552 582 
7 17 45 82 122 196 228 294 347 553 583 
25 35 52 107 149 343 377 394 596 
26 36 53 108 150 344 378 395 597 
27 37 54 109 151 345 365 396 598 
28 38 55 110 152 346 366 397 599 
15 39 56 111 153 347 367 398 600 
16 40 43 112 154 348 368 399 601 
17 41 44 99 141 349 369 400 602 
18 42 45 100 142 350 370 401 589 
19 29 46 101 143 337 371 402 590 
20 30 47 102 144 338 372 403 591 
21 31 48 103 145 339 373 404 592 
22 32 49 104 146 340 374 405 593 
23 33 50 105 147 341 375 406 594 
24 34 51 106 148 342 376 393 595 
11 22 31 304 
12 23 32 305 
13 24 33 306 
14 25 34 307 
1 26 35 308 
2 27 36 295 
3 28 37 296 
4 15 38 297 
5 16 39 298 
6 17 40 299 
7 18 41 300 
8 19 42 301 
9 20 29 302 
10 21 30 303 
5 39 54 92 353 392 500 636 
6 40 55 93 354 379 501 637 
7 41 56 94 355 380 502 638 
8 42 43 95 356 381 503 639 
9 29 44 96 357 382 504 640 
10 30 45 97 358 383 491 641 
11 31 46 98 359 384 492 642 
12 32 47 85 360 385 493 643 
13 33 48 86 361 386 494 644 
14 34 49 87 362 387 495 631 
1 35 50 88 363 388 496 632 
2 36 51 89 364 389 497 633 
3 37 52 90 351 390 498 634 
4 38 53 91 352 391 499 635 
26 32 55 111 150 195 276 356 442 487 554 627 
27 33 56 112 151 196 277 357 443 488 555 628 
28 34 43 99 152 183 278 358 444 489 556 629 
15 35 44 100 153 184 279 359 445 490 557 630 
16 36 45 101 154 185 280 360 446 477 558 617 
17 37 46 102 141 186 267 361 447 478 559 618 
18 38 47 103 142 187 268 362 448 479 560 619 
19 39 48 104 143 188 269 363 435 480 547 620 
20 40 49 105 144 189 270 364 436 481 548 621 
21 41 50 106 145 190 271 351 437 482 549 622 
22 42 51 107 146 191 272 352 438 483 550 623 
23 29 52 108 147 192 273 353 439 484 551 624 
24 30 53 109 148 193 274 354 440 485 552 625 
25 31 54 110 149 194 275 355 441 486 553 626 
22 30 55 103 143 279 387 572 
23 31 56 104 144 280 388 573 
24 32 43 105 145 267 389 574 
25 33 44 106 146 268 390 561 
26 34 45 107 147 269 391 562 
27 35 46 108 148 270 392 563 
28 36 47 109 149 271 379 564 
15 37 48 110 150 272 380 565 
16 38 49 111 151 273 381 566 
17 39 50 112 152 274 382 567 
18 40 51 99 153 275 383 568 
19 41 52 100 154 276 384 569 
20 42 53 101 141 277 385 570 
21 29 54 102 142 278 386 571 
1 26 34 286 541 585 622 
2 27 35 287 542 586 623 
3 28 36 288 543 587 624 
4 15 37 289 544 588 625 
5 16 38 290 545 575 626 
6 17 39 291 546 576 627 
7 18 40 292 533 577 628 
8 19 41 293 534 578 629 
9 20 42 294 535 579 630 
10 21 29 281 536 580 617 
11 22 30 282 537 581 618 
12 23 31 283 538 582 619 
13 24 32 284 539 583 620 
14 25 33 285 540 584 621 
6 29 51 98 138 173 220 273 323 431 544 644 
7 30 52 85 139 174 221 274 324 432 545 631 
8 31 53 86 140 175 222 275 325 433 546 632 
9 32 54 87 127 176 223 276 326 434 533 633 
10 33 55 88 128 177 224 277 327 421 534 634 
11 34 56 89 129 178 211 278 328 422 535 635 
12 35 43 90 130 179 212 279 329 423 536 636 
13 36 44 91 131 180 213 280 330 424 537 637 
14 37 45 92 132 181 214 267 331 425 538 638 
1 38 46 93 133 182 215 268 332 426 539 639 
2 39 47 94 134 169 216 269 333 427 540 640 
3 40 48 95 135 170 217 270 334 428 541 641 
4 41 49 96 136 171 218 271 335 429 542 642 
5 42 50 97 137 172 219 272 336 430 543 643 
9 19 56 92 134 180 238 291 340 470 
10 20 43 93 135 181 225 292 341 471 
11 21 44 94 136 182 226 293 342 472 
12 22 45 95 137 169 227 294 343 473 
13 23 46 96 138 170 228 281 344 474 
14 24 47 97 139 171 229 282 345 475 
1 25 48 98 140 172 230 283 346 476 
2 26 49 85 127 173 231 284 347 463 
3 27 50 86 128 174 232 285 348 464 
4 28 51 87 129 175 233 286 349 465 
5 15 52 88 130 176 234 287 350 466 
6 16 53 89 131 177 235 288 337 467 
7 17 54 90 132 178 236 289 338 468 
8 18 55 91 133 179 237 290 339 469 
8 20 54 75 120 167 204 255 309 450 493 537 
9 21 55 76 121 168 205 256 310 451 494 538 
10 22 56 77 122 155 206 257 311 452 495 539 
11 23 43 78 123 156 207 258 312 453 496 540 
12 24 44 79 124 157 208 259 313 454 497 541 
13 25 45 80 125 158 209 260 314 455 498 542 
14 26 46 81 126 159 210 261 315 456 499 543 
1 27 47 82 113 160 197 262 316 457 500 544 
2 28 48 83 114 161 198 263 317 458 501 545 
3 15 49 84 115 162 199 264 318 459 502 546 
4 16 50 71 116 163 200 265 319 460 503 533 
5 17 51 72 117 164 201 266 320 461 504 534 
6 18 52 73 118 165 202 253 321 462 491 535 
7 19 53 74 119 166 203 254 322 449 492 536 
10 36 50 92 136 169 212 263 320 421 520 
11 37 51 93 137 170 213 264 321 422 521 
12 38 52 94 138 171 214 265 322 423 522 
13 39 53 95 139 172 215 266 309 424 523 
14 40 54 96 140 173 216 253 310 425 524 
1 41 55 97 127 174 217 254 311 426 525 
2 42 56 98 128 175 218 255 312 427 526 
3 29 43 85 129 176 219 256 313 428 527 
4 30 44 86 130 177 220 257 314 429 528 
5 31 45 87 131 178 221 258 315 430 529 
6 32 46 88 132 179 222 259 316 431 530 
7 33 47 89 133 180 223 260 317 432 531 
8 34 48 90 134 181 224 261 318 433 532 
9 35 49 91 135 182 211 262 319 434 519 
20 39 44 109 150 241 354 410 461 516 
21 40 45 110 151 242 355 411 462 517 
22 41 46 111 152 243 356 412 449 518 
23 42 47 112 153 244 357 413 450 505 
24 29 48 99 154 245 358 414 451 506 
25 30 49 100 141 246 359 415 452 507 
26 31 50 101 142 247 360 416 453 508 
27 32 51 102 143 248 361 417 454 509 
28 33 52 103 144 249 362 418 455 510 
15 34 53 104 145 250 363 419 456 511 
16 35 54 105 146 251 364 420 457 512 
17 36 55 106 147 252 351 407 458 513 
18 37 56 107 148 239 352 408 459 514 
19 38 43 108 149 240 353 409 460 515 
1 20 36 210 378 479 505 
2 21 37 197 365 480 506 
3 22 38 198 366 481 507 
4 23 39 199 367 482 508 
5 24 40 200 368 483 509 
6 25 41 201 369 484 510 
7 26 42 202 370 485 511 
8 27 29 203 371 486 512 
9 28 30 204 372 487 513 
10 15 31 205 373 488 514 
11 16 32 206 374 489 515 
12 17 33 207 375 490 516 
13 18 34 208 376 477 517 
14 19 35 209 377 478 518 
1 23 45 71 119 162 202 249 299 609 
2 24 46 72 120 163 203 250 300 610 
3 25 47 73 121 164 204 251 301 611 
4 26 48 74 122 165 205 252 302 612 
5 27 49 75 123 166 206 239 303 613 
6 28 50 76 124 167 207 240 304 614 
7 15 51 77 125 168 208 241 305 615 
8 16 52 78 126 155 209 242 306 616 
9 17 53 79 113 156 210 243 307 603 
10 18 54 80 114 157 197 244 308 604 
11 19 55 81 115 158 198 245 295 605 
12 20 56 82 116 159 199 246 296 606 
13 21 43 83 117 160 200 247 297 607 
14 22 44 84 118 161 201 248 298 608 
17 41 53 90 138 202 246 315 481 563 
18 42 54 91 139 203 247 316 482 564 
19 29 55 92 140 204 248 317 483 565 
20 30 56 93 127 205 249 318 484 566 
21 31 43 94 128 206 250 319 485 567 
22 32 44 95 129 207 251 320 486 568 
23 33 45 96 130 208 252 321 487 569 
24 34 46 97 131 209 239 322 488 570 
25 35 47 98 132 210 240 309 489 571 
26 36 48 85 133 197 241 310 490 572 
27 37 49 86 134 198 242 311 477 573 
28 38 50 87 135 199 243 312 478 574 
15 39 51 88 136 200 244 313 479 561 
16 40 52 89 137 201 245 314 480 562 
14 38 56 89 130 169 212 264 327 410 513 576 609 
1 39 43 90 131 170 213 265 328 411 514 577 610 
2 40 44 91 132 171 214 266 329 412 515 578 611 
3 41 45 92 133 172 215 253 330 413 516 579 612 
4 42 46 93 134 173 216 254 331 414 517 580 613 
5 29 47 94 135 174 217 255 332 415 518 581 614 
6 30 48 95 136 175 218 256 333 416 505 582 615 
7 31 49 96 137 176 219 257 334 417 506 583 616 
8 32 50 97 138 177 220 258 335 418 507 584 603 
9 33 51 98 139 178 221 259 336 419 508 585 604 
10 34 52 85 140 179 222 260 323 420 509 586 605 
11 35 53 86 127 180 223 261 324 407 510 587 606 
12 36 54 87 128 181 224 262 325 408 511 588 607 
13 37 55 88 129 182 211 263 326 409 512 575 608 
13 26 30 116 263 400 559 
14 27 31 117 264 401 560 
1 28 32 118 265 402 547 
2 15 33 119 266 403 548 
3 16 34 120 253 404 549 
4 17 35 121 254 405 550 
5 18 36 122 255 406 551 
6 19 37 123 256 393 552 
7 20 38 124 257 394 553 
8 21 39 125 258 395 554 
9 22 40 126 259 396 555 
10 23 41 113 260 397 556 
11 24 42 114 261 398 557 
12 25 29 115 262 399 558 
9 37 55 95 133 190 232 301 
10 38 56 96 134 191 233 302 
11 39 43 97 135 192 234 303 
12 40 44 98 136 193 235 304 
13 41 45 85 137 194 236 305 
14 42 46 86 138 195 237 306 
1 29 47 87 139 196 238 307 
2 30 48 88 140 183 225 308 
3 31 49 89 127 184 226 295 
4 32 50 90 128 185 227 296 
5 33 51 91 129 186 228 297 
6 34 52 92 130 187 229 298 
7 35 53 93 131 188 230 299 
8 36 54 94 132 189 231 300 
4 24 53 81 125 165 210 249 301 405 466 
5 25 54 82 126 166 197 250 302 406 467 
6 26 55 83 113 167 198 251 303 393 468 
7 27 56 84 114 168 199 252 304 394 469 
8 28 43 71 115 155 200 239 305 395 470 
9 15 44 72 116 156 201 240 306 396 471 
10 16 45 73 117 157 202 241 307 397 472 
11 17 46 74 118 158 203 242 308 398 473 
12 18 47 75 119 159 204 243 295 399 474 
13 19 48 76 120 160 205 244 296 400 475 
14 20 49 77 121 161 206 245 297 401 476 
1 21 50 78 122 162 207 246 298 402 463 
2 22 51 79 123 163 208 247 299 403 464 
3 23 52 80 124 164 209 248 300 404 465 
14 15 56 72 125 155 236 294 339 440 500 619 
1 16 43 73 126 156 237 281 340 441 501 620 
2 17 44 74 113 157 238 282 341 442 502 621 
3 18 45 75 114 158 225 283 342 443 503 622 
4 19 46 76 115 159 226 284 343 444 504 623 
5 20 47 77 116 160 227 285 344 445 491 624 
6 21 48 78 117 161 228 286 345 446 492 625 
7 22 49 79 118 162 229 287 346 447 493 626 
8 23 50 80 119 163 230 288 347 448 494 627 
9 24 51 81 120 164 231 289 348 435 495 628 
10 25 52 82 121 165 232 290 349 436 496 629 
11 26 53 83 122 166 233 291 350 437 497 630 
12 27 54 84 123 167 234 292 337 438 498 617 
13 28 55 71 124 168 235 293 338 439 499 618 
1 15 164 189 521 
2 16 165 190 522 
3 17 166 191 523 
4 18 167 192 524 
5 19 168 193 525 
6 20 155 194 526 
7 21 156 195 527 
8 22 157 196 528 
9 23 158 183 529 
10 24 159 184 530 
11 25 160 185 531 
12 26 161 186 532 
13 27 162 187 519 
14 28 163 188 520 
15 29 122 424 461 595 
16 30 123 425 462 596 
17 31 124 426 449 597 
18 32 125 427 450 598 
19 33 126 428 451 599 
20 34 113 429 452 600 
21 35 114 430 453 601 
22 36 115 431 454 602 
23 37 116 432 455 589 
24 38 117 433 456 590 
25 39 118 434 457 591 
26 40 119 421 458 592 
27 41 120 422 459 593 
28 42 121 423 460 594 
29 43 214 409 447 610 
30 44 215 410 448 611 
31 45 216 411 435 612 
32 46 217 412 436 613 
33 47 218 413 437 614 
34 48 219 414 438 615 
35 49 220 415 439 616 
36 50 221 416 440 603 
37 51 222 417 441 604 
38 52 223 418 442 605 
39 53 224 419 443 606 
40 54 211 420 444 607 
41 55 212 407 445 608 
42 56 213 408 446 609 
57 
58 
59 
60 
61 
62 
63 
64 
65 
66 
67 
68 
69 
70 
71 
72 
73 
74 
75 
76 
77 
78 
79 
80 
81 
82 
83 
84 
85 
86 
87 
88 
89 
90 
91 
92 
93 
94 
95 
96 
97 
98 
99 
100 
101 
102 
103 
104 
105 
106 
107 
108 
109 
110 
111 
112 
113 
114 
115 
116 
117 
118 
119 
120 
121 
122 
123 
124 
125 
126 
127 
128 
129 
130 
131 
132 
133 
134 
135 
136 
137 
138 
139 
140 
141 
142 
143 
144 
145 
146 
147 
148 
149 
150 
151 
152 
153 
154 
155 
156 
157 
158 
159 
160 
161 
162 
163 
164 
165 
166 
167 
168 
169 
170 
171 
172 
173 
174 
175 
176 
177 
178 
179 
180 
181 
182 
183 
184 
185 
186 
187 
188 
189 
190 
191 
192 
193 
194 
195 
196 
197 
198 
199 
200 
201 
202 
203 
204 
205 
206 
207 
208 
209 
210 
211 
212 
213 
214 
215 
216 
217 
218 
219 
220 
221 
222 
223 
224 
225 
226 
227 
228 
229 
230 
231 
232 
233 
234 
235 
236 
237 
238 
239 
240 
241 
242 
243 
244 
245 
246 
247 
248 
249 
250 
251 
252 
253 
254 
255 
256 
257 
258 
259 
260 
261 
262 
263 
264 
265 
266 
267 
268 
269 
270 
271 
272 
273 
274 
275 
276 
277 
278 
279 
280 
281 
282 
283 
284 
285 
286 
287 
288 
289 
290 
291 
292 
293 
294 
295 
296 
297 
298 
299 
300 
301 
302 
303 
304 
305 
306 
307 
308 
309 
310 
311 
312 
313 
314 
315 
316 
317 
318 
319 
320 
321 
322 
323 
324 
325 
326 
327 
328 
329 
330 
331 
332 
333 
334 
335 
336 
337 
338 
339 
340 
341 
342 
343 
344 
345 
346 
347 
348 
349 
350 
351 
352 
353 
354 
355 
356 
357 
358 
359 
360 
361 
362 
363 
364 
365 
366 
367 
368 
369 
370 
371 
372 
373 
374 
375 
376 
377 
378 
379 
380 
381 
382 
383 
384 
385 
386 
387 
388 
389 
390 
391 
392 
393 
394 
395 
396 
397 
398 
399 
400 
401 
402 
403 
404 
405 
406 
407 
408 
409 
410 
411 
412 
413 
414 
415 
416 
417 
418 
419 
420 
421 
422 
423 
424 
425 
426 
427 
428 
429 
430 
431 
432 
433 
434 
435 
436 
437 
438 
439 
440 
441 
442 
443 
444 
445 
446 
447 
448 
449 
450 
451 
452 
453 
454 
455 
456 
457 
458 
459 
460 
461 
462 
463 
464 
465 
466 
467 
468 
469 
470 
471 
472 
473 
474 
475 
476 
477 
478 
479 
480 
481 
482 
483 
484 
485 
486 
487 
488 
489 
490 
491 
492 
493 
494 
495 
496 
497 
498 
499 
500 
501 
502 
503 
504 
505 
506 
507 
508 
509 
510 
511 
512 
513 
514 
515 
516 
517 
518 
519 
520 
521 
522 
523 
524 
525 
526 
527 
528 
529 
530 
531 
532 
533 
534 
535 
536 
537 
538 
539 
540 
541 
542 
543 
544 
545 
546 
547 
548 
549 
550 
551 
552 
553 
554 
555 
556 
557 
558 
559 
560 
561 
562 
563 
564 
565 
566 
567 
568 
569 
570 
571 
572 
573 
574 
575 
576 
577 
578 
579 
580 
581 
582 
583 
584 
585 
586 
587 
588 
589 
590 
591 
592 
593 
594 
595 
596 
597 
598 
599 
600 
601 
602 
603 
604 
605 
606 
607 
608 
609 
610 
611 
612 
613 
614 
615 
616 
617 
618 
619 
620 
621 
622 
623 
624 
625 
626 
627 
628 
629 
630 
631 
632 
633 
634 
635 
636 
637 
638 
639 
640 
641 
642 
643 
644 
14 17 39 50 75 95 127 150 161 176 188 211 225 254 269 287 306 310 323 
1 18 40 51 76 96 128 151 162 177 189 212 226 255 270 288 307 311 324 
2 19 41 52 77 97 129 152 163 178 190 213 227 256 271 289 308 312 325 
3 20 42 53 78 98 130 153 164 179 191 214 228 257 272 290 295 313 326 
4 21 29 54 79 85 131 154 165 180 192 215 229 258 273 291 296 314 327 
5 22 30 55 80 86 132 141 166 181 193 216 230 259 274 292 297 315 328 
6 23 31 56 81 87 133 142 167 182 194 217 231 260 275 293 298 316 329 
7 24 32 43 82 88 134 143 168 169 195 218 232 261 276 294 299 317 330 
8 25 33 44 83 89 135 144 155 170 196 219 233 262 277 281 300 318 331 
9 26 34 45 84 90 136 145 156 171 183 220 234 263 278 282 301 319 332 
10 27 35 46 71 91 137 146 157 172 184 221 235 264 279 283 302 320 333 
11 28 36 47 72 92 138 147 158 173 185 222 236 265 280 284 303 321 334 
12 15 37 48 73 93 139 148 159 174 186 223 237 266 267 285 304 322 335 
13 16 38 49 74 94 140 149 160 175 187 224 238 253 268 286 305 309 336 
2 32 54 61 78 102 120 130 165 178 206 220 231 251 270 300 309 323 337 
3 33 55 62 79 103 121 131 166 179 207 221 232 252 271 301 310 324 338 
4 34 56 63 80 104 122 132 167 180 208 222 233 239 272 302 311 325 339 
5 35 43 64 81 105 123 133 168 181 209 223 234 240 273 303 312 326 340 
6 36 44 65 82 106 124 134 155 182 210 224 235 241 274 304 313 327 341 
7 37 45 66 83 107 125 135 156 169 197 211 236 242 275 305 314 328 342 
8 38 46 67 84 108 126 136 157 170 198 212 237 243 276 306 315 329 343 
9 39 47 68 71 109 113 137 158 171 199 213 238 244 277 307 316 330 344 
10 40 48 69 72 110 114 138 159 172 200 214 225 245 278 308 317 331 345 
11 41 49 70 73 111 115 139 160 173 201 215 226 246 279 295 318 332 346 
12 42 50 57 74 112 116 140 161 174 202 216 227 247 280 296 319 333 347 
13 29 51 58 75 99 117 127 162 175 203 217 228 248 267 297 320 334 348 
14 30 52 59 76 100 118 128 163 176 204 218 229 249 268 298 321 335 349 
1 31 53 60 77 101 119 129 164 177 205 219 230 250 269 299 322 336 350 
12 22 32 65 83 89 110 126 136 141 190 201 218 241 258 280 287 337 351 
13 23 33 66 84 90 111 113 137 142 191 202 219 242 259 267 288 338 352 
14 24 34 67 71 91 112 114 138 143 192 203 220 243 260 268 289 339 353 
1 25 35 68 72 92 99 115 139 144 193 204 221 244 261 269 290 340 354 
2 26 36 69 73 93 100 116 140 145 194 205 222 245 262 270 291 341 355 
3 27 37 70 74 94 101 117 127 146 195 206 223 246 263 271 292 342 356 
4 28 38 57 75 95 102 118 128 147 196 207 224 247 264 272 293 343 357 
5 15 39 58 76 96 103 119 129 148 183 208 211 248 265 273 294 344 358 
6 16 40 59 77 97 104 120 130 149 184 209 212 249 266 274 281 345 359 
7 17 41 60 78 98 105 121 131 150 185 210 213 250 253 275 282 346 360 
8 18 42 61 79 85 106 122 132 151 186 197 214 251 254 276 283 347 361 
9 19 29 62 80 86 107 123 133 152 187 198 215 252 255 277 284 348 362 
10 20 30 63 81 87 108 124 134 153 188 199 216 239 256 278 285 349 363 
11 21 31 64 82 88 109 125 135 154 189 200 217 240 257 279 286 350 364 
6 19 54 62 88 101 115 147 156 172 190 210 237 243 254 283 299 310 351 
7 20 55 63 89 102 116 148 157 173 191 197 238 244 255 284 300 311 352 
8 21 56 64 90 103 117 149 158 174 192 198 225 245 256 285 301 312 353 
9 22 43 65 91 104 118 150 159 175 193 199 226 246 257 286 302 313 354 
10 23 44 66 92 105 119 151 160 176 194 200 227 247 258 287 303 314 355 
11 24 45 67 93 106 120 152 161 177 195 201 228 248 259 288 304 315 356 
12 25 46 68 94 107 121 153 162 178 196 202 229 249 260 289 305 316 357 
13 26 47 69 95 108 122 154 163 179 183 203 230 250 261 290 306 317 358 
14 27 48 70 96 109 123 141 164 180 184 204 231 251 262 291 307 318 359 
1 28 49 57 97 110 124 142 165 181 185 205 232 252 263 292 308 319 360 
2 15 50 58 98 111 125 143 166 182 186 206 233 239 264 293 295 320 361 
3 16 51 59 85 112 126 144 167 169 187 207 234 240 265 294 296 321 362 
4 17 52 60 86 99 113 145 168 170 188 208 235 241 266 281 297 322 363 
5 18 53 61 87 100 114 146 155 171 189 209 236 242 253 282 298 309 364 
3 25 365 
4 26 366 
5 27 367 
6 28 368 
7 15 369 
8 16 370 
9 17 371 
10 18 372 
11 19 373 
12 20 374 
13 21 375 
14 22 376 
1 23 377 
2 24 378 
11 18 45 179 225 299 322 379 
12 19 46 180 226 300 309 380 
13 20 47 181 227 301 310 381 
14 21 48 182 228 302 311 382 
1 22 49 169 229 303 312 383 
2 23 50 170 230 304 313 384 
3 24 51 171 231 305 314 385 
4 25 52 172 232 306 315 386 
5 26 53 173 233 307 316 387 
6 27 54 174 234 308 317 388 
7 28 55 175 235 295 318 389 
8 15 56 176 236 296 319 390 
9 16 43 177 237 297 320 391 
10 17 44 178 238 298 321 392 
5 92 142 162 190 248 263 285 393 
6 93 143 163 191 249 264 286 394 
7 94 144 164 192 250 265 287 395 
8 95 145 165 193 251 266 288 396 
9 96 146 166 194 252 253 289 397 
10 97 147 167 195 239 254 290 398 
11 98 148 168 196 240 255 291 399 
12 85 149 155 183 241 256 292 400 
13 86 150 156 184 242 257 293 401 
14 87 151 157 185 243 258 294 402 
1 88 152 158 186 244 259 281 403 
2 89 153 159 187 245 260 282 404 
3 90 154 160 188 246 261 283 405 
4 91 141 161 189 247 262 284 406 
4 21 63 101 123 201 407 
5 22 64 102 124 202 408 
6 23 65 103 125 203 409 
7 24 66 104 126 204 410 
8 25 67 105 113 205 411 
9 26 68 106 114 206 412 
10 27 69 107 115 207 413 
11 28 70 108 116 208 414 
12 15 57 109 117 209 415 
13 16 58 110 118 210 416 
14 17 59 111 119 197 417 
1 18 60 112 120 198 418 
2 19 61 99 121 199 419 
3 20 62 100 122 200 420 
6 26 47 176 233 278 297 311 342 421 
7 27 48 177 234 279 298 312 343 422 
8 28 49 178 235 280 299 313 344 423 
9 15 50 179 236 267 300 314 345 424 
10 16 51 180 237 268 301 315 346 425 
11 17 52 181 238 269 302 316 347 426 
12 18 53 182 225 270 303 317 348 427 
13 19 54 169 226 271 304 318 349 428 
14 20 55 170 227 272 305 319 350 429 
1 21 56 171 228 273 306 320 337 430 
2 22 43 172 229 274 307 321 338 431 
3 23 44 173 230 275 308 322 339 432 
4 24 45 174 231 276 295 309 340 433 
5 25 46 175 232 277 296 310 341 434 
10 24 144 162 188 242 264 289 435 
11 25 145 163 189 243 265 290 436 
12 26 146 164 190 244 266 291 437 
13 27 147 165 191 245 253 292 438 
14 28 148 166 192 246 254 293 439 
1 15 149 167 193 247 255 294 440 
2 16 150 168 194 248 256 281 441 
3 17 151 155 195 249 257 282 442 
4 18 152 156 196 250 258 283 443 
5 19 153 157 183 251 259 284 444 
6 20 154 158 184 252 260 285 445 
7 21 141 159 185 239 261 286 446 
8 22 142 160 186 240 262 287 447 
9 23 143 161 187 241 263 288 448 
27 40 63 104 125 202 449 
28 41 64 105 126 203 450 
15 42 65 106 113 204 451 
16 29 66 107 114 205 452 
17 30 67 108 115 206 453 
18 31 68 109 116 207 454 
19 32 69 110 117 208 455 
20 33 70 111 118 209 456 
21 34 57 112 119 210 457 
22 35 58 99 120 197 458 
23 36 59 100 121 198 459 
24 37 60 101 122 199 460 
25 38 61 102 123 200 461 
26 39 62 103 124 201 462 
11 26 171 232 299 309 328 463 
12 27 172 233 300 310 329 464 
13 28 173 234 301 311 330 465 
14 15 174 235 302 312 331 466 
1 16 175 236 303 313 332 467 
2 17 176 237 304 314 333 468 
3 18 177 238 305 315 334 469 
4 19 178 225 306 316 335 470 
5 20 179 226 307 317 336 471 
6 21 180 227 308 318 323 472 
7 22 181 228 295 319 324 473 
8 23 182 229 296 320 325 474 
9 24 169 230 297 321 326 475 
10 25 170 231 298 322 327 476 
3 22 151 158 183 253 477 
4 23 152 159 184 254 478 
5 24 153 160 185 255 479 
6 25 154 161 186 256 480 
7 26 141 162 187 257 481 
8 27 142 163 188 258 482 
9 28 143 164 189 259 483 
10 15 144 165 190 260 484 
11 16 145 166 191 261 485 
12 17 146 167 192 262 486 
13 18 147 168 193 263 487 
14 19 148 155 194 264 488 
1 20 149 156 195 265 489 
2 21 150 157 196 266 490 
12 43 101 288 331 491 
13 44 102 289 332 492 
14 45 103 290 333 493 
1 46 104 291 334 494 
2 47 105 292 335 495 
3 48 106 293 336 496 
4 49 107 294 323 497 
5 50 108 281 324 498 
6 51 109 282 325 499 
7 52 110 283 326 500 
8 53 111 284 327 501 
9 54 112 285 328 502 
10 55 99 286 329 503 
11 56 100 287 330 504 
1 176 212 234 248 296 505 
2 177 213 235 249 297 506 
3 178 214 236 250 298 507 
4 179 215 237 251 299 508 
5 180 216 238 252 300 509 
6 181 217 225 239 301 510 
7 182 218 226 240 302 511 
8 169 219 227 241 303 512 
9 170 220 228 242 304 513 
10 171 221 229 243 305 514 
11 172 222 230 244 306 515 
12 173 223 231 245 307 516 
13 174 224 232 246 308 517 
14 175 211 233 247 295 518 
7 23 146 196 266 362 519 
8 24 147 183 253 363 520 
9 25 148 184 254 364 521 
10 26 149 185 255 351 522 
11 27 150 186 256 352 523 
12 28 151 187 257 353 524 
13 15 152 188 258 354 525 
14 16 153 189 259 355 526 
1 17 154 190 260 356 527 
2 18 141 191 261 357 528 
3 19 142 192 262 358 529 
4 20 143 193 263 359 530 
5 21 144 194 264 360 531 
6 22 145 195 265 361 532 
15 53 156 288 312 533 
16 54 157 289 313 534 
17 55 158 290 314 535 
18 56 159 291 315 536 
19 43 160 292 316 537 
20 44 161 293 317 538 
21 45 162 294 318 539 
22 46 163 281 319 540 
23 47 164 282 320 541 
24 48 165 283 321 542 
25 49 166 284 322 543 
26 50 167 285 309 544 
27 51 168 286 310 545 
28 52 155 287 311 546 
1 209 229 246 299 547 
2 210 230 247 300 548 
3 197 231 248 301 549 
4 198 232 249 302 550 
5 199 233 250 303 551 
6 200 234 251 304 552 
7 201 235 252 305 553 
8 202 236 239 306 554 
9 203 237 240 307 555 
10 204 238 241 308 556 
11 205 225 242 295 557 
12 206 226 243 296 558 
13 207 227 244 297 559 
14 208 228 245 298 560 
18 181 187 256 271 561 
19 182 188 257 272 562 
20 169 189 258 273 563 
21 170 190 259 274 564 
22 171 191 260 275 565 
23 172 192 261 276 566 
24 173 193 262 277 567 
25 174 194 263 278 568 
26 175 195 264 279 569 
27 176 196 265 280 570 
28 177 183 266 267 571 
15 178 184 253 268 572 
16 179 185 254 269 573 
17 180 186 255 270 574 
9 21 104 115 149 575 
10 22 105 116 150 576 
11 23 106 117 151 577 
12 24 107 118 152 578 
13 25 108 119 153 579 
14 26 109 120 154 580 
1 27 110 121 141 581 
2 28 111 122 142 582 
3 15 112 123 143 583 
4 16 99 124 144 584 
5 17 100 125 145 585 
6 18 101 126 146 586 
7 19 102 113 147 587 
8 20 103 114 148 588 
8 43 136 159 310 589 
9 44 137 160 311 590 
10 45 138 161 312 591 
11 46 139 162 313 592 
12 47 140 163 314 593 
13 48 127 164 315 594 
14 49 128 165 316 595 
1 50 129 166 317 596 
2 51 130 167 318 597 
3 52 131 168 319 598 
4 53 132 155 320 599 
5 54 133 156 321 600 
6 55 134 157 322 601 
7 56 135 158 309 602 
25 76 235 289 303 603 
26 77 236 290 304 604 
27 78 237 291 305 605 
28 79 238 292 306 606 
15 80 225 293 307 607 
16 81 226 294 308 608 
17 82 227 281 295 609 
18 83 228 282 296 610 
19 84 229 283 297 611 
20 71 230 284 298 612 
21 72 231 285 299 613 
22 73 232 286 300 614 
23 74 233 287 301 615 
24 75 234 288 302 616 
12 169 186 247 617 
13 170 187 248 618 
14 171 188 249 619 
1 172 189 250 620 
2 173 190 251 621 
3 174 191 252 622 
4 175 192 239 623 
5 176 193 240 624 
6 177 194 241 625 
7 178 195 242 626 
8 179 196 243 627 
9 180 183 244 628 
10 181 184 245 629 
11 182 185 246 630 
19 36 141 263 631 
20 37 142 264 632 
21 38 143 265 633 
22 39 144 266 634 
23 40 145 253 635 
24 41 146 254 636 
25 42 147 255 637 
26 29 148 256 638 
27 30 149 257 639 
28 31 150 258 640 
15 32 151 259 641 
16 33 152 260 642 
17 34 153 261 643 
18 35 154 262 644 
8 46 65 166 321 645 
9 47 66 167 322 646 
10 48 67 168 309 647 
11 49 68 155 310 648 
12 50 69 156 311 649 
13 51 70 157 312 650 
14 52 57 158 313 651 
1 53 58 159 314 652 
2 54 59 160 315 653 
3 55 60 161 316 654 
4 56 61 162 317 655 
5 43 62 163 318 656 
6 44 63 164 319 657 
7 45 64 165 320 658 
16 97 108 208 659 
17 98 109 209 660 
18 85 110 210 661 
19 86 111 197 662 
20 87 112 198 663 
21 88 99 199 664 
22 89 100 200 665 
23 90 101 201 666 
24 91 102 202 667 
25 92 103 203 668 
26 93 104 204 669 
27 94 105 205 670 
28 95 106 206 671 
15 96 107 207 672 
10 37 59 212 673 
11 38 60 213 674 
12 39 61 214 675 
13 40 62 215 676 
14 41 63 216 677 
1 42 64 217 678 
2 29 65 218 679 
3 30 66 219 680 
4 31 67 220 681 
5 32 68 221 682 
6 33 69 222 683 
7 34 70 223 684 
8 35 57 224 685 
9 36 58 211 686 
27 86 119 687 
28 87 120 688 
15 88 121 689 
16 89 122 690 
17 90 123 691 
18 91 124 692 
19 92 125 693 
20 93 126 694 
21 94 113 695 
22 95 114 696 
23 96 115 697 
24 97 116 698 
25 98 117 699 
26 85 118 700 
7 70 274 297 701 
8 57 275 298 702 
9 58 276 299 703 
10 59 277 300 704 
11 60 278 301 705 
12 61 279 302 706 
13 62 280 303 707 
14 63 267 304 708 
1 64 268 305 709 
2 65 269 306 710 
3 66 270 307 711 
4 67 271 308 712 
5 68 272 295 713 
6 69 273 296 714 
25 208 264 363 715 
26 209 265 364 716 
27 210 266 351 717 
28 197 253 352 718 
15 198 254 353 719 
16 199 255 354 720 
17 200 256 355 721 
18 201 257 356 722 
19 202 258 357 723 
20 203 259 358 724 
21 204 260 359 725 
22 205 261 360 726 
23 206 262 361 727 
24 207 263 362 728 
7 145 183 348 729 
8 146 184 349 730 
9 147 185 350 731 
10 148 186 337 732 
11 149 187 338 733 
12 150 188 339 734 
13 151 189 340 735 
14 152 190 341 736 
1 153 191 342 737 
2 154 192 343 738 
3 141 193 344 739 
4 142 194 345 740 
5 143 195 346 741 
6 144 196 347 742 
22 106 318 353 743 
23 107 319 354 744 
24 108 320 355 745 
25 109 321 356 746 
26 110 322 357 747 
27 111 309 358 748 
28 112 310 359 749 
15 99 311 360 750 
16 100 312 361 751 
17 101 313 362 752 
18 102 314 363 753 
19 103 315 364 754 
20 104 316 351 755 
21 105 317 352 756 
11 182 199 339 757 
12 169 200 340 758 
13 170 201 341 759 
14 171 202 342 760 
1 172 203 343 761 
2 173 204 344 762 
3 174 205 345 763 
4 175 206 346 764 
5 176 207 347 765 
6 177 208 348 766 
7 178 209 349 767 
8 179 210 350 768 
9 180 197 337 769 
10 181 198 338 770 
17 36 162 306 771 
18 37 163 307 772 
19 38 164 308 773 
20 39 165 295 774 
21 40 166 296 775 
22 41 167 297 776 
23 42 168 298 777 
24 29 155 299 778 
25 30 156 300 779 
26 31 157 301 780 
27 32 158 302 781 
28 33 159 303 782 
15 34 160 304 783 
16 35 161 305 784 
13 103 223 249 785 
14 104 224 250 786 
1 105 211 251 787 
2 106 212 252 788 
3 107 213 239 789 
4 108 214 240 790 
5 109 215 241 791 
6 110 216 242 792 
7 111 217 243 793 
8 112 218 244 794 
9 99 219 245 795 
10 100 220 246 796 
11 101 221 247 797 
12 102 222 248 798 
25 90 181 314 799 
26 91 182 315 800 
27 92 169 316 801 
28 93 170 317 802 
15 94 171 318 803 
16 95 172 319 804 
17 96 173 320 805 
18 97 174 321 806 
19 98 175 322 807 
20 85 176 309 808 
21 86 177 310 809 
22 87 178 311 810 
23 88 179 312 811 
24 89 180 313 812 
13 200 211 259 813 
14 201 212 260 814 
1 202 213 261 815 
2 203 214 262 816 
3 204 215 263 817 
4 205 216 264 818 
5 206 217 265 819 
6 207 218 266 820 
7 208 219 253 821 
8 209 220 254 822 
9 210 221 255 823 
10 197 222 256 824 
11 198 223 257 825 
12 199 224 258 826 
26 196 335 827 
27 183 336 828 
28 184 323 829 
15 185 324 830 
16 186 325 831 
17 187 326 832 
18 188 327 833 
19 189 328 834 
20 190 329 835 
21 191 330 836 
22 192 331 837 
23 193 332 838 
24 194 333 839 
25 195 334 840 
12 133 144 179 841 
13 134 145 180 842 
14 135 146 181 843 
1 136 147 182 844 
2 137 148 169 845 
3 138 149 170 846 
4 139 150 171 847 
5 140 151 172 848 
6 127 152 173 849 
7 128 153 174 850 
8 129 154 175 851 
9 130 141 176 852 
10 131 142 177 853 
11 132 143 178 854 
27 50 106 269 855 
28 51 107 270 856 
15 52 108 271 857 
16 53 109 272 858 
17 54 110 273 859 
18 55 111 274 860 
19 56 112 275 861 
20 43 99 276 862 
21 44 100 277 863 
22 45 101 278 864 
23 46 102 279 865 
24 47 103 280 866 
25 48 104 267 867 
26 49 105 268 868 
12 116 251 869 
13 117 252 870 
14 118 239 871 
1 119 240 872 
2 120 241 873 
3 121 242 874 
4 122 243 875 
5 123 244 876 
6 124 245 877 
7 125 246 878 
8 126 247 879 
9 113 248 880 
10 114 249 881 
11 115 250 882 
24 48 131 266 883 
25 49 132 253 884 
26 50 133 254 885 
27 51 134 255 886 
28 52 135 256 887 
15 53 136 257 888 
16 54 137 258 889 
17 55 138 259 890 
18 56 139 260 891 
19 43 140 261 892 
20 44 127 262 893 
21 45 128 263 894 
22 46 129 264 895 
23 47 130 265 896 
3 64 345 897 
4 65 346 898 
5 66 347 899 
6 67 348 900 
7 68 349 901 
8 69 350 902 
9 70 337 903 
10 57 338 904 
11 58 339 905 
12 59 340 906 
13 60 341 907 
14 61 342 908 
1 62 343 909 
2 63 344 910 
25 233 261 358 911 
26 234 262 359 912 
27 235 263 360 913 
28 236 264 361 914 
15 237 265 362 915 
16 238 266 363 916 
17 225 253 364 917 
18 226 254 351 918 
19 227 255 352 919 
20 228 256 353 920 
21 229 257 354 921 
22 230 258 355 922 
23 231 259 356 923 
24 232 260 357 924 
1 103 136 321 925 
2 104 137 322 926 
3 105 138 309 927 
4 106 139 310 928 
5 107 140 311 929 
6 108 127 312 930 
7 109 128 313 931 
8 110 129 314 932 
9 111 130 315 933 
10 112 131 316 934 
11 99 132 317 935 
12 100 133 318 936 
13 101 134 319 937 
14 102 135 320 938 
17 94 142 939 
18 95 143 940 
19 96 144 941 
20 97 145 942 
21 98 146 943 
22 85 147 944 
23 86 148 945 
24 87 149 946 
25 88 150 947 
26 89 151 948 
27 90 152 949 
28 91 153 950 
15 92 154 951 
16 93 141 952 
