544 368
30 19
30 30 30 30 30 30 30 30 28 28 28 28 28 28 28 28 7 7 7 7 7 7 7 7 11 11 11 11 11 11 11 11 9 9 9 9 9 9 9 9 4 4 4 4 4 4 4 4 8 8 8 8 8 8 8 8 12 12 12 12 12 12 12 12 8 8 8 8 8 8 8 8 7 7 7 7 7 7 7 7 12 12 12 12 12 12 12 12 10 10 10 10 10 10 10 10 12 12 12 12 12 12 12 12 11 11 11 11 11 11 11 11 10 10 10 10 10 10 10 10 7 7 7 7 7 7 7 7 10 10 10 10 10 10 10 10 10 10 10 10 10 10 10 10 13 13 13 13 13 13 13 13 7 7 7 7 7 7 7 7 8 8 8 8 8 8 8 8 11 11 11 11 11 11 11 11 12 12 12 12 12 12 12 12 5 5 5 5 5 5 5 5 6 6 6 6 6 6 6 6 6 6 6 6 6 6 6 6 1 1 1 1 1 1 1 1 1 1 1 1 1 1 1 1 1 1 1 1 1 1 1 1 1 1 1 1 1 1 1 1 1 1 1 1 1 1 1 1 1 1 1 1 1 1 1 1 1 1 1 1 1 1 1 1 1 1 1 1 1 1 1 1 1 1 1 1 1 1 1 1 1 1 1 1 1 1 1 1 1 1 1 1 1 1 1 1 1 1 1 1 1 1 1 1 1 1 1 1 1 1 1 1 1 1 1 1 1 1 1 1 1 1 1 1 1 1 1 1 1 1 1 1 1 1 1 1 1 1 1 1 1 1 1 1 1 1 1 1 1 1 1 1 1 1 1 1 1 1 1 1 1 1 1 1 1 1 1 1 1 1 1 1 1 1 1 1 1 1 1 1 1 1 1 1 1 1 1 1 1 1 1 1 1 1 1 1 1 1 1 1 1 1 1 1 1 1 1 1 1 1 1 1 1 1 1 1 1 1 1 1 1 1 1 1 1 1 1 1 1 1 1 1 1 1 1 1 1 1 1 1 1 1 1 1 1 1 1 1 1 1 1 1 1 1 1 1 1 1 1 1 1 1 1 1 1 1 1 1 1 1 1 1 1 1 1 1 1 1 1 1 1 1 1 1 1 1 1 1 1 1 1 1 1 1 1 1 1 1 1 1 1 1 1 1 1 1 1 1 1 1 1 1 1 1 1 1 1 1 1 1 1 1 1 1 1 1 1 1 1 1 1 1 1 1 1 1 1 1 1 1 1 1 1 1 
19 19 19 19 19 19 19 19 19 19 19 19 19 19 19 19 19 19 19 19 19 19 19 19 19 19 19 19 19 19 19 19 3 3 3 3 3 3 3 3 8 8 8 8 8 8 8 8 9 9 9 9 9 9 9 9 7 7 7 7 7 7 7 7 10 10 10 10 10 10 10 10 9 9 9 9 9 9 9 9 7 7 7 7 7 7 7 7 8 8 8 8 8 8 8 8 7 7 7 7 7 7 7 7 6 6 6 6 6 6 6 6 7 7 7 7 7 7 7 7 7 7 7 7 7 7 7 7 6 6 6 6 6 6 6 6 6 6 6 6 6 6 6 6 6 6 6 6 6 6 6 6 6 6 6 6 6 6 6 6 6 6 6 6 6 6 6 6 6 6 6 6 6 6 6 6 5 5 5 5 5 5 5 5 5 5 5 5 5 5 5 5 6 6 6 6 6 6 6 6 5 5 5 5 5 5 5 5 5 5 5 5 5 5 5 5 4 4 4 4 4 4 4 4 5 5 5 5 5 5 5 5 5 5 5 5 5 5 5 5 5 5 5 5 5 5 5 5 5 5 5 5 5 5 5 5 5 5 5 5 5 5 5 5 5 5 5 5 5 5 5 5 5 5 5 5 5 5 5 5 5 5 5 5 5 5 5 5 5 5 5 5 5 5 5 5 4 4 4 4 4 4 4 4 5 5 5 5 5 5 5 5 5 5 5 5 5 5 5 5 4 4 4 4 4 4 4 4 5 5 5 5 5 5 5 5 4 4 4 4 4 4 4 4 5 5 5 5 5 5 5 5 5 5 5 5 5 5 5 5 4 4 4 4 4 4 4 4 
7 15 23 32 36 44 50 61 65 74 92 97 112 115 121 138 157 162 177 193 214 225 241 260 274 292 306 324 340 358 
8 16 24 25 37 45 51 62 66 75 93 98 105 116 122 139 158 163 178 194 215 226 242 261 275 293 307 325 341 359 
1 9 17 26 38 46 52 63 67 76 94 99 106 117 123 140 159 164 179 195 216 227 243 262 276 294 308 326 342 360 
2 10 18 27 39 47 53 64 68 77 95 100 107 118 124 141 160 165 180 196 209 228 244 263 277 295 309 327 343 353 
3 11 19 28 40 48 54 57 69 78 96 101 108 119 125 142 153 166 181 197 210 229 245 264 278 296 310 328 344 354 
4 12 20 29 33 41 55 58 70 79 89 102 109 120 126 143 154 167 182 198 211 230 246 257 279 289 311 321 337 355 
5 13 21 30 34 42 56 59 71 80 90 103 110 113 127 144 155 168 183 199 212 231 247 258 280 290 312 322 338 356 
6 14 22 31 35 43 49 60 72 73 91 104 111 114 128 137 156 161 184 200 213 232 248 259 273 291 305 323 339 357 
4 18 32 35 45 61 69 75 87 96 103 121 129 151 160 176 189 202 224 235 250 271 288 299 316 330 346 364 
5 19 25 36 46 62 70 76 88 89 104 122 130 152 153 169 190 203 217 236 251 272 281 300 317 331 347 365 
6 20 26 37 47 63 71 77 81 90 97 123 131 145 154 170 191 204 218 237 252 265 282 301 318 332 348 366 
7 21 27 38 48 64 72 78 82 91 98 124 132 146 155 171 192 205 219 238 253 266 283 302 319 333 349 367 
8 22 28 39 41 57 65 79 83 92 99 125 133 147 156 172 185 206 220 239 254 267 284 303 320 334 350 368 
1 23 29 40 42 58 66 80 84 93 100 126 134 148 157 173 186 207 221 240 255 268 285 304 313 335 351 361 
2 24 30 33 43 59 67 73 85 94 101 127 135 149 158 174 187 208 222 233 256 269 286 297 314 336 352 362 
3 17 31 34 44 60 68 74 86 95 102 128 136 150 159 175 188 201 223 234 249 270 287 298 315 329 345 363 
7 10 24 84 190 214 270 
8 11 17 85 191 215 271 
1 12 18 86 192 216 272 
2 13 19 87 185 209 265 
3 14 20 88 186 210 266 
4 15 21 81 187 211 267 
5 16 22 82 188 212 268 
6 9 23 83 189 213 269 
2 12 29 47 66 105 136 167 195 318 332 
3 13 30 48 67 106 129 168 196 319 333 
4 14 31 41 68 107 130 161 197 320 334 
5 15 32 42 69 108 131 162 198 313 335 
6 16 25 43 70 109 132 163 199 314 336 
7 9 26 44 71 110 133 164 200 315 329 
8 10 27 45 72 111 134 165 193 316 330 
1 11 28 46 65 112 135 166 194 317 331 
13 18 29 58 82 197 210 228 340 
14 19 30 59 83 198 211 229 341 
15 20 31 60 84 199 212 230 342 
16 21 32 61 85 200 213 231 343 
9 22 25 62 86 193 214 232 344 
10 23 26 63 87 194 215 225 337 
11 24 27 64 88 195 216 226 338 
12 17 28 57 81 196 209 227 339 
5 10 20 176 
6 11 21 169 
7 12 22 170 
8 13 23 171 
1 14 24 172 
2 15 17 173 
3 16 18 174 
4 9 19 175 
7 20 27 51 201 217 284 362 
8 21 28 52 202 218 285 363 
1 22 29 53 203 219 286 364 
2 23 30 54 204 220 287 365 
3 24 31 55 205 221 288 366 
4 17 32 56 206 222 281 367 
5 18 25 49 207 223 282 368 
6 19 26 50 208 224 283 361 
11 20 30 58 81 106 153 205 256 274 316 356 
12 21 31 59 82 107 154 206 249 275 317 357 
13 22 32 60 83 108 155 207 250 276 318 358 
14 23 25 61 84 109 156 208 251 277 319 359 
15 24 26 62 85 110 157 201 252 278 320 360 
16 17 27 63 86 111 158 202 253 279 313 353 
9 18 28 64 87 112 159 203 254 280 314 354 
10 19 29 57 88 105 160 204 255 273 315 355 
9 24 30 58 88 154 223 328 
10 17 31 59 81 155 224 321 
11 18 32 60 82 156 217 322 
12 19 25 61 83 157 218 323 
13 20 26 62 84 158 219 324 
14 21 27 63 85 159 220 325 
15 22 28 64 86 160 221 326 
16 23 29 57 87 153 222 327 
6 12 18 168 306 334 358 
7 13 19 161 307 335 359 
8 14 20 162 308 336 360 
1 15 21 163 309 329 353 
2 16 22 164 310 330 354 
3 9 23 165 311 331 355 
4 10 24 166 312 332 356 
5 11 17 167 305 333 357 
4 18 25 53 76 100 128 153 191 248 308 362 
5 19 26 54 77 101 121 154 192 241 309 363 
6 20 27 55 78 102 122 155 185 242 310 364 
7 21 28 56 79 103 123 156 186 243 311 365 
8 22 29 49 80 104 124 157 187 244 312 366 
1 23 30 50 73 97 125 158 188 245 305 367 
2 24 31 51 74 98 126 159 189 246 306 368 
3 17 32 52 75 99 127 160 190 247 307 361 
3 13 27 54 76 97 136 162 197 272 
4 14 28 55 77 98 129 163 198 265 
5 15 29 56 78 99 130 164 199 266 
6 16 30 49 79 100 131 165 200 267 
7 9 31 50 80 101 132 166 193 268 
8 10 32 51 73 102 133 167 194 269 
1 11 25 52 74 103 134 168 195 270 
2 12 26 53 75 104 135 161 196 271 
2 11 27 42 70 94 114 152 179 257 282 310 
3 12 28 43 71 95 115 145 180 258 283 311 
4 13 29 44 72 96 116 146 181 259 284 312 
5 14 30 45 65 89 117 147 182 260 285 305 
6 15 31 46 66 90 118 148 183 261 286 306 
7 16 32 47 67 91 119 149 184 262 287 307 
8 9 25 48 68 92 120 150 177 263 288 308 
1 10 26 41 69 93 113 151 178 264 281 309 
8 19 30 53 75 103 122 145 181 241 301 
1 20 31 54 76 104 123 146 182 242 302 
2 21 32 55 77 97 124 147 183 243 303 
3 22 25 56 78 98 125 148 184 244 304 
4 23 26 49 79 99 126 149 177 245 297 
5 24 27 50 80 100 127 150 178 246 298 
6 17 28 51 73 101 128 151 179 247 299 
7 18 29 52 74 102 121 152 180 248 300 
12 24 30 57 87 141 203 237 258 296 
13 17 31 58 88 142 204 238 259 289 
14 18 32 59 81 143 205 239 260 290 
15 19 25 60 82 144 206 240 261 291 
16 20 26 61 83 137 207 233 262 292 
9 21 27 62 84 138 208 234 263 293 
10 22 28 63 85 139 201 235 264 294 
11 23 29 64 86 140 202 236 257 295 
6 13 24 115 212 277 294 
7 14 17 116 213 278 295 
8 15 18 117 214 279 296 
1 16 19 118 215 280 289 
2 9 20 119 216 273 290 
3 10 21 120 209 274 291 
4 11 22 113 210 275 292 
5 12 23 114 211 276 293 
2 11 25 45 67 91 114 142 172 350 
3 12 26 46 68 92 115 143 173 351 
4 13 27 47 69 93 116 144 174 352 
5 14 28 48 70 94 117 137 175 345 
6 15 29 41 71 95 118 138 176 346 
7 16 30 42 72 96 119 139 169 347 
8 9 31 43 65 89 120 140 170 348 
1 10 32 44 66 90 113 141 171 349 
14 20 29 54 75 113 144 179 274 324 
15 21 30 55 76 114 137 180 275 325 
16 22 31 56 77 115 138 181 276 326 
9 23 32 49 78 116 139 182 277 327 
10 24 25 50 79 117 140 183 278 328 
11 17 26 51 80 118 141 184 279 321 
12 18 27 52 73 119 142 177 280 322 
13 19 28 53 74 120 143 178 273 323 
3 20 29 52 76 98 126 150 185 237 289 330 348 
4 21 30 53 77 99 127 151 186 238 290 331 349 
5 22 31 54 78 100 128 152 187 239 291 332 350 
6 23 32 55 79 101 121 145 188 240 292 333 351 
7 24 25 56 80 102 122 146 189 233 293 334 352 
8 17 26 49 73 103 123 147 190 234 294 335 345 
1 18 27 50 74 104 124 148 191 235 295 336 346 
2 19 28 51 75 97 125 149 192 236 296 329 347 
6 10 22 69 150 228 313 
7 11 23 70 151 229 314 
8 12 24 71 152 230 315 
1 13 17 72 145 231 316 
2 14 18 65 146 232 317 
3 15 19 66 147 225 318 
4 16 20 67 148 226 319 
5 9 21 68 149 227 320 
2 20 25 54 73 112 134 174 
3 21 26 55 74 105 135 175 
4 22 27 56 75 106 136 176 
5 23 28 49 76 107 129 169 
6 24 29 50 77 108 130 170 
7 17 30 51 78 109 131 171 
8 18 31 52 79 110 132 172 
1 19 32 53 80 111 133 173 
2 13 29 46 68 91 116 137 174 226 270 
3 14 30 47 69 92 117 138 175 227 271 
4 15 31 48 70 93 118 139 176 228 272 
5 16 32 41 71 94 119 140 169 229 265 
6 9 25 42 72 95 120 141 170 230 266 
7 10 26 43 65 96 113 142 171 231 267 
8 11 27 44 66 89 114 143 172 232 268 
1 12 28 45 67 90 115 144 173 225 269 
8 9 32 46 72 93 135 161 195 253 282 356 
1 10 25 47 65 94 136 162 196 254 283 357 
2 11 26 48 66 95 129 163 197 255 284 358 
3 12 27 41 67 96 130 164 198 256 285 359 
4 13 28 42 68 89 131 165 199 249 286 360 
5 14 29 43 69 90 132 166 200 250 287 353 
6 15 30 44 70 91 133 167 193 251 288 354 
7 16 31 45 71 92 134 168 194 252 281 355 
1 9 91 107 303 
2 10 92 108 304 
3 11 93 109 297 
4 12 94 110 298 
5 13 95 111 299 
6 14 96 112 300 
7 15 89 105 301 
8 16 90 106 302 
9 17 71 248 264 344 
10 18 72 241 257 337 
11 19 65 242 258 338 
12 20 66 243 259 339 
13 21 67 244 260 340 
14 22 68 245 261 341 
15 23 69 246 262 342 
16 24 70 247 263 343 
17 25 126 235 252 350 
18 26 127 236 253 351 
19 27 128 237 254 352 
20 28 121 238 255 345 
21 29 122 239 256 346 
22 30 123 240 249 347 
23 31 124 233 250 348 
24 32 125 234 251 349 
33 
34 
35 
36 
37 
38 
39 
40 
41 
42 
43 
44 
45 
46 
47 
48 
49 
50 
51 
52 
53 
54 
55 
56 
57 
58 
59 
60 
61 
62 
63 
64 
65 
66 
67 
68 
69 
70 
71 
72 
73 
74 
75 
76 
77 
78 
79 
80 
81 
82 
83 
84 
85 
86 
87 
88 
89 
90 
91 
92 
93 
94 
95 
96 
97 
98 
99 
100 
101 
102 
103 
104 
105 
106 
107 
108 
109 
110 
111 
112 
113 
114 
115 
116 
117 
118 
119 
120 
121 
122 
123 
124 
125 
126 
127 
128 
129 
130 
131 
132 
133 
134 
135 
136 
137 
138 
139 
140 
141 
142 
143 
144 
145 
146 
147 
148 
149 
150 
151 
152 
153 
154 
155 
156 
157 
158 
159 
160 
161 
162 
163 
164 
165 
166 
167 
168 
169 
170 
171 
172 
173 
174 
175 
176 
177 
178 
179 
180 
181 
182 
183 
184 
185 
186 
187 
188 
189 
190 
191 
192 
193 
194 
195 
196 
197 
198 
199 
200 
201 
202 
203 
204 
205 
206 
207 
208 
209 
210 
211 
212 
213 
214 
215 
216 
217 
218 
219 
220 
221 
222 
223 
224 
225 
226 
227 
228 
229 
230 
231 
232 
233 
234 
235 
236 
237 
238 
239 
240 
241 
242 
243 
244 
245 
246 
247 
248 
249 
250 
251 
252 
253 
254 
255 
256 
257 
258 
259 
260 
261 
262 
263 
264 
265 
266 
267 
268 
269 
270 
271 
272 
273 
274 
275 
276 
277 
278 
279 
280 
281 
282 
283 
284 
285 
286 
287 
288 
289 
290 
291 
292 
293 
294 
295 
296 
297 
298 
299 
300 
301 
302 
303 
304 
305 
306 
307 
308 
309 
310 
311 
312 
313 
314 
315 
316 
317 
318 
319 
320 
321 
322 
323 
324 
325 
326 
327 
328 
329 
330 
331 
332 
333 
334 
335 
336 
337 
338 
339 
340 
341 
342 
343 
344 
345 
346 
347 
348 
349 
350 
351 
352 
353 
354 
355 
356 
357 
358 
359 
360 
361 
362 
363 
364 
365 
366 
367 
368 
3 14 19 32 45 51 76 86 95 104 106 124 136 151 156 168 176 178 185 
4 15 20 25 46 52 77 87 96 97 107 125 129 152 157 161 169 179 186 
5 16 21 26 47 53 78 88 89 98 108 126 130 145 158 162 170 180 187 
6 9 22 27 48 54 79 81 90 99 109 127 131 146 159 163 171 181 188 
7 10 23 28 41 55 80 82 91 100 110 128 132 147 160 164 172 182 189 
8 11 24 29 42 56 73 83 92 101 111 121 133 148 153 165 173 183 190 
1 12 17 30 43 49 74 84 93 102 112 122 134 149 154 166 174 184 191 
2 13 18 31 44 50 75 85 94 103 105 123 135 150 155 167 175 177 192 
3 24 30 37 48 63 65 78 93 103 118 125 135 140 160 173 177 185 193 
4 17 31 38 41 64 66 79 94 104 119 126 136 141 153 174 178 186 194 
5 18 32 39 42 57 67 80 95 97 120 127 129 142 154 175 179 187 195 
6 19 25 40 43 58 68 73 96 98 113 128 130 143 155 176 180 188 196 
7 20 26 33 44 59 69 74 89 99 114 121 131 144 156 169 181 189 197 
8 21 27 34 45 60 70 75 90 100 115 122 132 137 157 170 182 190 198 
1 22 28 35 46 61 71 76 91 101 116 123 133 138 158 171 183 191 199 
2 23 29 36 47 62 72 77 92 102 117 124 134 139 159 172 184 192 200 
3 16 18 40 46 54 62 66 80 88 111 114 122 142 150 156 166 193 201 
4 9 19 33 47 55 63 67 73 81 112 115 123 143 151 157 167 194 202 
5 10 20 34 48 56 64 68 74 82 105 116 124 144 152 158 168 195 203 
6 11 21 35 41 49 57 69 75 83 106 117 125 137 145 159 161 196 204 
7 12 22 36 42 50 58 70 76 84 107 118 126 138 146 160 162 197 205 
8 13 23 37 43 51 59 71 77 85 108 119 127 139 147 153 163 198 206 
1 14 24 38 44 52 60 72 78 86 109 120 128 140 148 154 164 199 207 
2 15 17 39 45 53 61 65 79 87 110 113 121 141 149 155 165 200 208 
2 10 29 37 55 60 68 81 95 103 108 116 129 141 149 161 173 178 201 
3 11 30 38 56 61 69 82 96 104 109 117 130 142 150 162 174 179 202 
4 12 31 39 49 62 70 83 89 97 110 118 131 143 151 163 175 180 203 
5 13 32 40 50 63 71 84 90 98 111 119 132 144 152 164 176 181 204 
6 14 25 33 51 64 72 85 91 99 112 120 133 137 145 165 169 182 205 
7 15 26 34 52 57 65 86 92 100 105 113 134 138 146 166 170 183 206 
8 16 27 35 53 58 66 87 93 101 106 114 135 139 147 167 171 184 207 
1 9 28 36 54 59 67 88 94 102 107 115 136 140 148 168 172 177 208 
6 15 209 
7 16 210 
8 9 211 
1 10 212 
2 11 213 
3 12 214 
4 13 215 
5 14 216 
6 13 27 104 133 172 180 217 
7 14 28 97 134 173 181 218 
8 15 29 98 135 174 182 219 
1 16 30 99 136 175 183 220 
2 9 31 100 129 176 184 221 
3 10 32 101 130 169 177 222 
4 11 25 102 131 170 178 223 
5 12 26 103 132 171 179 224 
8 55 85 92 109 140 150 164 225 
1 56 86 93 110 141 151 165 226 
2 49 87 94 111 142 152 166 227 
3 50 88 95 112 143 145 167 228 
4 51 81 96 105 144 146 168 229 
5 52 82 89 106 137 147 161 230 
6 53 83 90 107 138 148 162 231 
7 54 84 91 108 139 149 163 232 
5 13 40 64 72 113 233 
6 14 33 57 65 114 234 
7 15 34 58 66 115 235 
8 16 35 59 67 116 236 
1 9 36 60 68 117 237 
2 10 37 61 69 118 238 
3 11 38 62 70 119 239 
4 12 39 63 71 120 240 
1 13 32 100 135 157 174 178 195 241 
2 14 25 101 136 158 175 179 196 242 
3 15 26 102 129 159 176 180 197 243 
4 16 27 103 130 160 169 181 198 244 
5 9 28 104 131 153 170 182 199 245 
6 10 29 97 132 154 171 183 200 246 
7 11 30 98 133 155 172 184 193 247 
8 12 31 99 134 156 173 177 194 248 
8 15 86 94 111 143 150 161 249 
1 16 87 95 112 144 151 162 250 
2 9 88 96 105 137 152 163 251 
3 10 81 89 106 138 145 164 252 
4 11 82 90 107 139 146 165 253 
5 12 83 91 108 140 147 166 254 
6 13 84 92 109 141 148 167 255 
7 14 85 93 110 142 149 168 256 
11 22 40 57 66 115 257 
12 23 33 58 67 116 258 
13 24 34 59 68 117 259 
14 17 35 60 69 118 260 
15 18 36 61 70 119 261 
16 19 37 62 71 120 262 
9 20 38 63 72 113 263 
10 21 39 64 65 114 264 
6 10 100 135 175 181 191 265 
7 11 101 136 176 182 192 266 
8 12 102 129 169 183 185 267 
1 13 103 130 170 184 186 268 
2 14 104 131 171 177 187 269 
3 15 97 132 172 178 188 270 
4 16 98 133 173 179 189 271 
5 9 99 134 174 180 190 272 
1 11 86 89 107 152 273 
2 12 87 90 108 145 274 
3 13 88 91 109 146 275 
4 14 81 92 110 147 276 
5 15 82 93 111 148 277 
6 16 83 94 112 149 278 
7 9 84 95 105 150 279 
8 10 85 96 106 151 280 
2 25 64 162 191 281 
3 26 57 163 192 282 
4 27 58 164 185 283 
5 28 59 165 186 284 
6 29 60 166 187 285 
7 30 61 167 188 286 
8 31 62 168 189 287 
1 32 63 161 190 288 
7 104 127 136 137 174 289 
8 97 128 129 138 175 290 
1 98 121 130 139 176 291 
2 99 122 131 140 169 292 
3 100 123 132 141 170 293 
4 101 124 133 142 171 294 
5 102 125 134 143 172 295 
6 103 126 135 144 173 296 
1 9 82 112 148 204 297 
2 10 83 105 149 205 298 
3 11 84 106 150 206 299 
4 12 85 107 151 207 300 
5 13 86 108 152 208 301 
6 14 87 109 145 201 302 
7 15 88 110 146 202 303 
8 16 81 111 147 203 304 
9 26 90 164 179 305 
10 27 91 165 180 306 
11 28 92 166 181 307 
12 29 93 167 182 308 
13 30 94 168 183 309 
14 31 95 161 184 310 
15 32 96 162 177 311 
16 25 89 163 178 312 
8 117 132 138 169 313 
1 118 133 139 170 314 
2 119 134 140 171 315 
3 120 135 141 172 316 
4 113 136 142 173 317 
5 114 129 143 174 318 
6 115 130 144 175 319 
7 116 131 137 176 320 
11 98 105 148 156 321 
12 99 106 149 157 322 
13 100 107 150 158 323 
14 101 108 151 159 324 
15 102 109 152 160 325 
16 103 110 145 153 326 
9 104 111 146 154 327 
10 97 112 147 155 328 
5 10 57 72 81 329 
6 11 58 65 82 330 
7 12 59 66 83 331 
8 13 60 67 84 332 
1 14 61 68 85 333 
2 15 62 69 86 334 
3 16 63 70 87 335 
4 9 64 71 88 336 
8 27 74 96 177 337 
1 28 75 89 178 338 
2 29 76 90 179 339 
3 30 77 91 180 340 
4 31 78 92 181 341 
5 32 79 93 182 342 
6 25 80 94 183 343 
7 26 73 95 184 344 
10 42 134 164 172 345 
11 43 135 165 173 346 
12 44 136 166 174 347 
13 45 129 167 175 348 
14 46 130 168 176 349 
15 47 131 161 169 350 
16 48 132 162 170 351 
9 41 133 163 171 352 
1 103 109 143 353 
2 104 110 144 354 
3 97 111 137 355 
4 98 112 138 356 
5 99 105 139 357 
6 100 106 140 358 
7 101 107 141 359 
8 102 108 142 360 
13 20 83 145 361 
14 21 84 146 362 
15 22 85 147 363 
16 23 86 148 364 
9 24 87 149 365 
10 17 88 150 366 
11 18 81 151 367 
12 19 82 152 368 
1 31 37 93 183 369 
2 32 38 94 184 370 
3 25 39 95 177 371 
4 26 40 96 178 372 
5 27 33 89 179 373 
6 28 34 90 180 374 
7 29 35 91 181 375 
8 30 36 92 182 376 
16 49 61 119 377 
9 50 62 120 378 
10 51 63 113 379 
11 52 64 114 380 
12 53 57 115 381 
13 54 58 116 382 
14 55 59 117 383 
15 56 60 118 384 
4 20 40 126 385 
5 21 33 127 386 
6 22 34 128 387 
7 23 35 121 388 
8 24 36 122 389 
1 17 37 123 390 
2 18 38 124 391 
3 19 39 125 392 
10 49 67 393 
11 50 68 394 
12 51 69 395 
13 52 70 396 
14 53 71 397 
15 54 72 398 
16 55 65 399 
9 56 66 400 
1 38 158 176 401 
2 39 159 169 402 
3 40 160 170 403 
4 33 153 171 404 
5 34 154 172 405 
6 35 155 173 406 
7 36 156 174 407 
8 37 157 175 408 
15 117 149 207 409 
16 118 150 208 410 
9 119 151 201 411 
10 120 152 202 412 
11 113 145 203 413 
12 114 146 204 414 
13 115 147 205 415 
14 116 148 206 416 
1 82 105 194 417 
2 83 106 195 418 
3 84 107 196 419 
4 85 108 197 420 
5 86 109 198 421 
6 87 110 199 422 
7 88 111 200 423 
8 81 112 193 424 
16 58 181 206 425 
9 59 182 207 426 
10 60 183 208 427 
11 61 184 201 428 
12 62 177 202 429 
13 63 178 203 430 
14 64 179 204 431 
15 57 180 205 432 
6 97 120 194 433 
7 98 113 195 434 
8 99 114 196 435 
1 100 115 197 436 
2 101 116 198 437 
3 102 117 199 438 
4 103 118 200 439 
5 104 119 193 440 
11 20 90 172 441 
12 21 91 173 442 
13 22 92 174 443 
14 23 93 175 444 
15 24 94 176 445 
16 17 95 169 446 
9 18 96 170 447 
10 19 89 171 448 
8 64 125 144 449 
1 57 126 137 450 
2 58 127 138 451 
3 59 128 139 452 
4 60 121 140 453 
5 61 122 141 454 
6 62 123 142 455 
7 63 124 143 456 
10 54 104 184 457 
11 55 97 177 458 
12 56 98 178 459 
13 49 99 179 460 
14 50 100 180 461 
15 51 101 181 462 
16 52 102 182 463 
9 53 103 183 464 
6 114 124 145 465 
7 115 125 146 466 
8 116 126 147 467 
1 117 127 148 468 
2 118 128 149 469 
3 119 121 150 470 
4 120 122 151 471 
5 113 123 152 472 
15 109 187 473 
16 110 188 474 
9 111 189 475 
10 112 190 476 
11 105 191 477 
12 106 192 478 
13 107 185 479 
14 108 186 480 
8 80 86 100 481 
1 73 87 101 482 
2 74 88 102 483 
3 75 81 103 484 
4 76 82 104 485 
5 77 83 97 486 
6 78 84 98 487 
7 79 85 99 488 
14 28 62 153 489 
15 29 63 154 490 
16 30 64 155 491 
9 31 57 156 492 
10 32 58 157 493 
11 25 59 158 494 
12 26 60 159 495 
13 27 61 160 496 
6 66 142 497 
7 67 143 498 
8 68 144 499 
1 69 137 500 
2 70 138 501 
3 71 139 502 
4 72 140 503 
5 65 141 504 
16 30 76 152 505 
9 31 77 145 506 
10 32 78 146 507 
11 25 79 147 508 
12 26 80 148 509 
13 27 73 149 510 
14 28 74 150 511 
15 29 75 151 512 
6 38 194 513 
7 39 195 514 
8 40 196 515 
1 33 197 516 
2 34 198 517 
3 35 199 518 
4 36 200 519 
5 37 193 520 
16 132 150 204 521 
9 133 151 205 522 
10 134 152 206 523 
11 135 145 207 524 
12 136 146 208 525 
13 129 147 201 526 
14 130 148 202 527 
15 131 149 203 528 
4 62 76 182 529 
5 63 77 183 530 
6 64 78 184 531 
7 57 79 177 532 
8 58 80 178 533 
1 59 73 179 534 
2 60 74 180 535 
3 61 75 181 536 
14 56 88 537 
15 49 81 538 
16 50 82 539 
9 51 83 540 
10 52 84 541 
11 53 85 542 
12 54 86 543 
13 55 87 544 
