936 756
23 10
22 22 22 22 22 22 22 22 22 22 22 22 22 22 22 22 22 22 23 23 23 23 23 23 23 23 23 23 23 23 23 23 23 23 23 23 10 10 10 10 10 10 10 10 10 10 10 10 10 10 10 10 10 10 5 5 5 5 5 5 5 5 5 5 5 5 5 5 5 5 5 5 5 5 5 5 5 5 5 5 5 5 5 5 5 5 5 5 5 5 14 14 14 14 14 14 14 14 14 14 14 14 14 14 14 14 14 14 7 7 7 7 7 7 7 7 7 7 7 7 7 7 7 7 7 7 13 13 13 13 13 13 13 13 13 13 13 13 13 13 13 13 13 13 6 6 6 6 6 6 6 6 6 6 6 6 6 6 6 6 6 6 8 8 8 8 8 8 8 8 8 8 8 8 8 8 8 8 8 8 9 9 9 9 9 9 9 9 9 9 9 9 9 9 9 9 9 9 16 16 16 16 16 16 16 16 16 16 16 16 16 16 16 16 16 16 9 9 9 9 9 9 9 9 9 9 9 9 9 9 9 9 9 9 12 12 12 12 12 12 12 12 12 12 12 12 12 12 12 12 12 12 1 1 1 1 1 1 1 1 1 1 1 1 1 1 1 1 1 1 1 1 1 1 1 1 1 1 1 1 1 1 1 1 1 1 1 1 1 1 1 1 1 1 1 1 1 1 1 1 1 1 1 1 1 1 1 1 1 1 1 1 1 1 1 1 1 1 1 1 1 1 1 1 1 1 1 1 1 1 1 1 1 1 1 1 1 1 1 1 1 1 1 1 1 1 1 1 1 1 1 1 1 1 1 1 1 1 1 1 1 1 1 1 1 1 1 1 1 1 1 1 1 1 1 1 1 1 1 1 1 1 1 1 1 1 1 1 1 1 1 1 1 1 1 1 1 1 1 1 1 1 1 1 1 1 1 1 1 1 1 1 1 1 1 1 1 1 1 1 1 1 1 1 1 1 1 1 1 1 1 1 1 1 1 1 1 1 1 1 1 1 1 1 1 1 1 1 1 1 1 1 1 1 1 1 1 1 1 1 1 1 1 1 1 1 1 1 1 1 1 1 1 1 1 1 1 1 1 1 1 1 1 1 1 1 1 1 1 1 1 1 1 1 1 1 1 1 1 1 1 1 1 1 1 1 1 1 1 1 1 1 1 1 1 1 1 1 1 1 1 1 1 1 1 1 1 1 1 1 1 1 1 1 1 1 1 1 1 1 1 1 1 1 1 1 1 1 1 1 1 1 1 1 1 1 1 1 1 1 1 1 1 1 1 1 1 1 1 1 1 1 1 1 1 1 1 1 1 1 1 1 1 1 1 1 1 1 1 1 1 1 1 1 1 1 1 1 1 1 1 1 1 1 1 1 1 1 1 1 1 1 1 1 1 1 1 1 1 1 1 1 1 1 1 1 1 1 1 1 1 1 1 1 1 1 1 1 1 1 1 1 1 1 1 1 1 1 1 1 1 1 1 1 1 1 1 1 1 1 1 1 1 1 1 1 1 1 1 1 1 1 1 1 1 1 1 1 1 1 1 1 1 1 1 1 1 1 1 1 1 1 1 1 1 1 1 1 1 1 1 1 1 1 1 1 1 1 1 1 1 1 1 1 1 1 1 1 1 1 1 1 1 1 1 1 1 1 1 1 1 1 1 1 1 1 1 1 1 1 1 1 1 1 1 1 1 1 1 1 1 1 1 1 1 1 1 1 1 1 1 1 1 1 1 1 1 1 1 1 1 1 1 1 1 1 1 1 1 1 1 1 1 1 1 1 1 1 1 1 1 1 1 1 1 1 1 1 1 1 1 1 1 1 1 1 1 1 1 1 1 1 1 1 1 1 1 1 1 1 1 1 1 1 1 1 1 1 1 1 1 1 1 1 1 1 1 1 1 1 1 1 1 1 1 1 1 1 1 1 1 1 1 1 1 1 1 1 1 1 1 1 1 1 1 1 1 1 1 1 1 1 1 1 1 1 1 1 1 1 1 1 1 1 1 1 1 1 1 1 1 1 1 1 1 1 1 1 1 1 1 1 1 1 1 1 1 1 1 1 1 1 1 1 1 1 1 1 1 1 1 1 1 1 1 1 1 1 1 1 1 1 1 1 1 1 
8 8 8 8 8 8 8 8 8 8 8 8 8 8 8 8 8 8 10 10 10 10 10 10 10 10 10 10 10 10 10 10 10 10 10 10 8 8 8 8 8 8 8 8 8 8 8 8 8 8 8 8 8 8 10 10 10 10 10 10 10 10 10 10 10 10 10 10 10 10 10 10 4 4 4 4 4 4 4 4 4 4 4 4 4 4 4 4 4 4 6 6 6 6 6 6 6 6 6 6 6 6 6 6 6 6 6 6 6 6 6 6 6 6 6 6 6 6 6 6 6 6 6 6 6 6 6 6 6 6 6 6 6 6 6 6 6 6 6 6 6 6 6 6 4 4 4 4 4 4 4 4 4 4 4 4 4 4 4 4 4 4 5 5 5 5 5 5 5 5 5 5 5 5 5 5 5 5 5 5 5 5 5 5 5 5 5 5 5 5 5 5 5 5 5 5 5 5 5 5 5 5 5 5 5 5 5 5 5 5 5 5 5 5 5 5 4 4 4 4 4 4 4 4 4 4 4 4 4 4 4 4 4 4 5 5 5 5 5 5 5 5 5 5 5 5 5 5 5 5 5 5 5 5 5 5 5 5 5 5 5 5 5 5 5 5 5 5 5 5 4 4 4 4 4 4 4 4 4 4 4 4 4 4 4 4 4 4 5 5 5 5 5 5 5 5 5 5 5 5 5 5 5 5 5 5 5 5 5 5 5 5 5 5 5 5 5 5 5 5 5 5 5 5 4 4 4 4 4 4 4 4 4 4 4 4 4 4 4 4 4 4 4 4 4 4 4 4 4 4 4 4 4 4 4 4 4 4 4 4 4 4 4 4 4 4 4 4 4 4 4 4 4 4 4 4 4 4 4 4 4 4 4 4 4 4 4 4 4 4 4 4 4 4 4 4 3 3 3 3 3 3 3 3 3 3 3 3 3 3 3 3 3 3 4 4 4 4 4 4 4 4 4 4 4 4 4 4 4 4 4 4 4 4 4 4 4 4 4 4 4 4 4 4 4 4 4 4 4 4 3 3 3 3 3 3 3 3 3 3 3 3 3 3 3 3 3 3 5 5 5 5 5 5 5 5 5 5 5 5 5 5 5 5 5 5 3 3 3 3 3 3 3 3 3 3 3 3 3 3 3 3 3 3 4 4 4 4 4 4 4 4 4 4 4 4 4 4 4 4 4 4 3 3 3 3 3 3 3 3 3 3 3 3 3 3 3 3 3 3 5 5 5 5 5 5 5 5 5 5 5 5 5 5 5 5 5 5 3 3 3 3 3 3 3 3 3 3 3 3 3 3 3 3 3 3 4 4 4 4 4 4 4 4 4 4 4 4 4 4 4 4 4 4 4 4 4 4 4 4 4 4 4 4 4 4 4 4 4 4 4 4 4 4 4 4 4 4 4 4 4 4 4 4 4 4 4 4 4 4 4 4 4 4 4 4 4 4 4 4 4 4 4 4 4 4 4 4 4 4 4 4 4 4 4 4 4 4 4 4 4 4 4 4 4 4 3 3 3 3 3 3 3 3 3 3 3 3 3 3 3 3 3 3 4 4 4 4 4 4 4 4 4 4 4 4 4 4 4 4 4 4 4 4 4 4 4 4 4 4 4 4 4 4 4 4 4 4 4 4 4 4 4 4 4 4 4 4 4 4 4 4 4 4 4 4 4 4 4 4 4 4 4 4 4 4 4 4 4 4 4 4 4 4 4 4 
16 36 50 85 105 126 147 189 207 249 276 326 354 396 419 467 492 534 581 630 654 710 
17 19 51 86 106 109 148 190 208 250 277 327 355 379 420 468 493 535 582 613 655 711 
18 20 52 87 107 110 149 191 209 251 278 328 356 380 421 451 494 536 583 614 656 712 
1 21 53 88 108 111 150 192 210 252 279 329 357 381 422 452 495 537 584 615 657 713 
2 22 54 89 91 112 151 193 211 235 280 330 358 382 423 453 496 538 585 616 658 714 
3 23 37 90 92 113 152 194 212 236 281 331 359 383 424 454 497 539 586 617 659 715 
4 24 38 73 93 114 153 195 213 237 282 332 360 384 425 455 498 540 587 618 660 716 
5 25 39 74 94 115 154 196 214 238 283 333 343 385 426 456 499 523 588 619 661 717 
6 26 40 75 95 116 155 197 215 239 284 334 344 386 427 457 500 524 589 620 662 718 
7 27 41 76 96 117 156 198 216 240 285 335 345 387 428 458 501 525 590 621 663 719 
8 28 42 77 97 118 157 181 199 241 286 336 346 388 429 459 502 526 591 622 664 720 
9 29 43 78 98 119 158 182 200 242 287 337 347 389 430 460 503 527 592 623 665 703 
10 30 44 79 99 120 159 183 201 243 288 338 348 390 431 461 504 528 593 624 666 704 
11 31 45 80 100 121 160 184 202 244 271 339 349 391 432 462 487 529 594 625 649 705 
12 32 46 81 101 122 161 185 203 245 272 340 350 392 415 463 488 530 577 626 650 706 
13 33 47 82 102 123 162 186 204 246 273 341 351 393 416 464 489 531 578 627 651 707 
14 34 48 83 103 124 145 187 205 247 274 342 352 394 417 465 490 532 579 628 652 708 
15 35 49 84 104 125 146 188 206 248 275 325 353 395 418 466 491 533 580 629 653 709 
11 39 61 85 95 138 148 174 194 220 252 254 295 313 351 377 397 439 507 569 643 702 745 
12 40 62 86 96 139 149 175 195 221 235 255 296 314 352 378 398 440 508 570 644 685 746 
13 41 63 87 97 140 150 176 196 222 236 256 297 315 353 361 399 441 509 571 645 686 747 
14 42 64 88 98 141 151 177 197 223 237 257 298 316 354 362 400 442 510 572 646 687 748 
15 43 65 89 99 142 152 178 198 224 238 258 299 317 355 363 401 443 511 573 647 688 749 
16 44 66 90 100 143 153 179 181 225 239 259 300 318 356 364 402 444 512 574 648 689 750 
17 45 67 73 101 144 154 180 182 226 240 260 301 319 357 365 403 445 513 575 631 690 751 
18 46 68 74 102 127 155 163 183 227 241 261 302 320 358 366 404 446 514 576 632 691 752 
1 47 69 75 103 128 156 164 184 228 242 262 303 321 359 367 405 447 515 559 633 692 753 
2 48 70 76 104 129 157 165 185 229 243 263 304 322 360 368 406 448 516 560 634 693 754 
3 49 71 77 105 130 158 166 186 230 244 264 305 323 343 369 407 449 517 561 635 694 755 
4 50 72 78 106 131 159 167 187 231 245 265 306 324 344 370 408 450 518 562 636 695 756 
5 51 55 79 107 132 160 168 188 232 246 266 289 307 345 371 409 433 519 563 637 696 739 
6 52 56 80 108 133 161 169 189 233 247 267 290 308 346 372 410 434 520 564 638 697 740 
7 53 57 81 91 134 162 170 190 234 248 268 291 309 347 373 411 435 521 565 639 698 741 
8 54 58 82 92 135 145 171 191 217 249 269 292 310 348 374 412 436 522 566 640 699 742 
9 37 59 83 93 136 146 172 192 218 250 270 293 311 349 375 413 437 505 567 641 700 743 
10 38 60 84 94 137 147 173 193 219 251 253 294 312 350 376 414 438 506 568 642 701 744 
2 60 409 445 471 518 544 604 664 733 
3 61 410 446 472 519 545 605 665 734 
4 62 411 447 473 520 546 606 666 735 
5 63 412 448 474 521 547 607 649 736 
6 64 413 449 475 522 548 608 650 737 
7 65 414 450 476 505 549 609 651 738 
8 66 397 433 477 506 550 610 652 721 
9 67 398 434 478 507 551 611 653 722 
10 68 399 435 479 508 552 612 654 723 
11 69 400 436 480 509 553 595 655 724 
12 70 401 437 481 510 554 596 656 725 
13 71 402 438 482 511 555 597 657 726 
14 72 403 439 483 512 556 598 658 727 
15 55 404 440 484 513 557 599 659 728 
16 56 405 441 485 514 558 600 660 729 
17 57 406 442 486 515 541 601 661 730 
18 58 407 443 469 516 542 602 662 731 
1 59 408 444 470 517 543 603 663 732 
2 33 53 221 426 
3 34 54 222 427 
4 35 37 223 428 
5 36 38 224 429 
6 19 39 225 430 
7 20 40 226 431 
8 21 41 227 432 
9 22 42 228 415 
10 23 43 229 416 
11 24 44 230 417 
12 25 45 231 418 
13 26 46 232 419 
14 27 47 233 420 
15 28 48 234 421 
16 29 49 217 422 
17 30 50 218 423 
18 31 51 219 424 
1 32 52 220 425 
23 53 69 366 534 
24 54 70 367 535 
25 37 71 368 536 
26 38 72 369 537 
27 39 55 370 538 
28 40 56 371 539 
29 41 57 372 540 
30 42 58 373 523 
31 43 59 374 524 
32 44 60 375 525 
33 45 61 376 526 
34 46 62 377 527 
35 47 63 378 528 
36 48 64 361 529 
19 49 65 362 530 
20 50 66 363 531 
21 51 67 364 532 
22 52 68 365 533 
25 69 97 112 136 318 431 460 516 557 578 638 687 746 
26 70 98 113 137 319 432 461 517 558 579 639 688 747 
27 71 99 114 138 320 415 462 518 541 580 640 689 748 
28 72 100 115 139 321 416 463 519 542 581 641 690 749 
29 55 101 116 140 322 417 464 520 543 582 642 691 750 
30 56 102 117 141 323 418 465 521 544 583 643 692 751 
31 57 103 118 142 324 419 466 522 545 584 644 693 752 
32 58 104 119 143 307 420 467 505 546 585 645 694 753 
33 59 105 120 144 308 421 468 506 547 586 646 695 754 
34 60 106 121 127 309 422 451 507 548 587 647 696 755 
35 61 107 122 128 310 423 452 508 549 588 648 697 756 
36 62 108 123 129 311 424 453 509 550 589 631 698 739 
19 63 91 124 130 312 425 454 510 551 590 632 699 740 
20 64 92 125 131 313 426 455 511 552 591 633 700 741 
21 65 93 126 132 314 427 456 512 553 592 634 701 742 
22 66 94 109 133 315 428 457 513 554 593 635 702 743 
23 67 95 110 134 316 429 458 514 555 594 636 685 744 
24 68 96 111 135 317 430 459 515 556 577 637 686 745 
12 25 72 188 256 327 495 
13 26 55 189 257 328 496 
14 27 56 190 258 329 497 
15 28 57 191 259 330 498 
16 29 58 192 260 331 499 
17 30 59 193 261 332 500 
18 31 60 194 262 333 501 
1 32 61 195 263 334 502 
2 33 62 196 264 335 503 
3 34 63 197 265 336 504 
4 35 64 198 266 337 487 
5 36 65 181 267 338 488 
6 19 66 182 268 339 489 
7 20 67 183 269 340 490 
8 21 68 184 270 341 491 
9 22 69 185 253 342 492 
10 23 70 186 254 325 493 
11 24 71 187 255 326 494 
29 60 98 110 128 193 205 327 477 545 607 659 707 
30 61 99 111 129 194 206 328 478 546 608 660 708 
31 62 100 112 130 195 207 329 479 547 609 661 709 
32 63 101 113 131 196 208 330 480 548 610 662 710 
33 64 102 114 132 197 209 331 481 549 611 663 711 
34 65 103 115 133 198 210 332 482 550 612 664 712 
35 66 104 116 134 181 211 333 483 551 595 665 713 
36 67 105 117 135 182 212 334 484 552 596 666 714 
19 68 106 118 136 183 213 335 485 553 597 649 715 
20 69 107 119 137 184 214 336 486 554 598 650 716 
21 70 108 120 138 185 215 337 469 555 599 651 717 
22 71 91 121 139 186 216 338 470 556 600 652 718 
23 72 92 122 140 187 199 339 471 557 601 653 719 
24 55 93 123 141 188 200 340 472 558 602 654 720 
25 56 94 124 142 189 201 341 473 541 603 655 703 
26 57 95 125 143 190 202 342 474 542 604 656 704 
27 58 96 126 144 191 203 325 475 543 605 657 705 
28 59 97 109 127 192 204 326 476 544 606 658 706 
22 52 71 177 245 394 
23 53 72 178 246 395 
24 54 55 179 247 396 
25 37 56 180 248 379 
26 38 57 163 249 380 
27 39 58 164 250 381 
28 40 59 165 251 382 
29 41 60 166 252 383 
30 42 61 167 235 384 
31 43 62 168 236 385 
32 44 63 169 237 386 
33 45 64 170 238 387 
34 46 65 171 239 388 
35 47 66 172 240 389 
36 48 67 173 241 390 
19 49 68 174 242 391 
20 50 69 175 243 392 
21 51 70 176 244 393 
18 23 66 120 209 298 440 543 
1 24 67 121 210 299 441 544 
2 25 68 122 211 300 442 545 
3 26 69 123 212 301 443 546 
4 27 70 124 213 302 444 547 
5 28 71 125 214 303 445 548 
6 29 72 126 215 304 446 549 
7 30 55 109 216 305 447 550 
8 31 56 110 199 306 448 551 
9 32 57 111 200 289 449 552 
10 33 58 112 201 290 450 553 
11 34 59 113 202 291 433 554 
12 35 60 114 203 292 434 555 
13 36 61 115 204 293 435 556 
14 19 62 116 205 294 436 557 
15 20 63 117 206 295 437 558 
16 21 64 118 207 296 438 541 
17 22 65 119 208 297 439 542 
1 54 55 175 283 356 611 678 738 
2 37 56 176 284 357 612 679 721 
3 38 57 177 285 358 595 680 722 
4 39 58 178 286 359 596 681 723 
5 40 59 179 287 360 597 682 724 
6 41 60 180 288 343 598 683 725 
7 42 61 163 271 344 599 684 726 
8 43 62 164 272 345 600 667 727 
9 44 63 165 273 346 601 668 728 
10 45 64 166 274 347 602 669 729 
11 46 65 167 275 348 603 670 730 
12 47 66 168 276 349 604 671 731 
13 48 67 169 277 350 605 672 732 
14 49 68 170 278 351 606 673 733 
15 50 69 171 279 352 607 674 734 
16 51 70 172 280 353 608 675 735 
17 52 71 173 281 354 609 676 736 
18 53 72 174 282 355 610 677 737 
1 19 76 92 114 127 168 230 267 287 297 314 373 646 702 756 
2 20 77 93 115 128 169 231 268 288 298 315 374 647 685 739 
3 21 78 94 116 129 170 232 269 271 299 316 375 648 686 740 
4 22 79 95 117 130 171 233 270 272 300 317 376 631 687 741 
5 23 80 96 118 131 172 234 253 273 301 318 377 632 688 742 
6 24 81 97 119 132 173 217 254 274 302 319 378 633 689 743 
7 25 82 98 120 133 174 218 255 275 303 320 361 634 690 744 
8 26 83 99 121 134 175 219 256 276 304 321 362 635 691 745 
9 27 84 100 122 135 176 220 257 277 305 322 363 636 692 746 
10 28 85 101 123 136 177 221 258 278 306 323 364 637 693 747 
11 29 86 102 124 137 178 222 259 279 289 324 365 638 694 748 
12 30 87 103 125 138 179 223 260 280 290 307 366 639 695 749 
13 31 88 104 126 139 180 224 261 281 291 308 367 640 696 750 
14 32 89 105 109 140 163 225 262 282 292 309 368 641 697 751 
15 33 90 106 110 141 164 226 263 283 293 310 369 642 698 752 
16 34 73 107 111 142 165 227 264 284 294 311 370 643 699 753 
17 35 74 108 112 143 166 228 265 285 295 312 371 644 700 754 
18 36 75 91 113 144 167 229 266 286 296 313 372 645 701 755 
19 37 147 299 319 477 578 624 705 
20 38 148 300 320 478 579 625 706 
21 39 149 301 321 479 580 626 707 
22 40 150 302 322 480 581 627 708 
23 41 151 303 323 481 582 628 709 
24 42 152 304 324 482 583 629 710 
25 43 153 305 307 483 584 630 711 
26 44 154 306 308 484 585 613 712 
27 45 155 289 309 485 586 614 713 
28 46 156 290 310 486 587 615 714 
29 47 157 291 311 469 588 616 715 
30 48 158 292 312 470 589 617 716 
31 49 159 293 313 471 590 618 717 
32 50 160 294 314 472 591 619 718 
33 51 161 295 315 473 592 620 719 
34 52 162 296 316 474 593 621 720 
35 53 145 297 317 475 594 622 703 
36 54 146 298 318 476 577 623 704 
37 55 134 207 242 264 388 480 564 625 683 727 
38 56 135 208 243 265 389 481 565 626 684 728 
39 57 136 209 244 266 390 482 566 627 667 729 
40 58 137 210 245 267 391 483 567 628 668 730 
41 59 138 211 246 268 392 484 568 629 669 731 
42 60 139 212 247 269 393 485 569 630 670 732 
43 61 140 213 248 270 394 486 570 613 671 733 
44 62 141 214 249 253 395 469 571 614 672 734 
45 63 142 215 250 254 396 470 572 615 673 735 
46 64 143 216 251 255 379 471 573 616 674 736 
47 65 144 199 252 256 380 472 574 617 675 737 
48 66 127 200 235 257 381 473 575 618 676 738 
49 67 128 201 236 258 382 474 576 619 677 721 
50 68 129 202 237 259 383 475 559 620 678 722 
51 69 130 203 238 260 384 476 560 621 679 723 
52 70 131 204 239 261 385 477 561 622 680 724 
53 71 132 205 240 262 386 478 562 623 681 725 
54 72 133 206 241 263 387 479 563 624 682 726 
73 
74 
75 
76 
77 
78 
79 
80 
81 
82 
83 
84 
85 
86 
87 
88 
89 
90 
91 
92 
93 
94 
95 
96 
97 
98 
99 
100 
101 
102 
103 
104 
105 
106 
107 
108 
109 
110 
111 
112 
113 
114 
115 
116 
117 
118 
119 
120 
121 
122 
123 
124 
125 
126 
127 
128 
129 
130 
131 
132 
133 
134 
135 
136 
137 
138 
139 
140 
141 
142 
143 
144 
145 
146 
147 
148 
149 
150 
151 
152 
153 
154 
155 
156 
157 
158 
159 
160 
161 
162 
163 
164 
165 
166 
167 
168 
169 
170 
171 
172 
173 
174 
175 
176 
177 
178 
179 
180 
181 
182 
183 
184 
185 
186 
187 
188 
189 
190 
191 
192 
193 
194 
195 
196 
197 
198 
199 
200 
201 
202 
203 
204 
205 
206 
207 
208 
209 
210 
211 
212 
213 
214 
215 
216 
217 
218 
219 
220 
221 
222 
223 
224 
225 
226 
227 
228 
229 
230 
231 
232 
233 
234 
235 
236 
237 
238 
239 
240 
241 
242 
243 
244 
245 
246 
247 
248 
249 
250 
251 
252 
253 
254 
255 
256 
257 
258 
259 
260 
261 
262 
263 
264 
265 
266 
267 
268 
269 
270 
271 
272 
273 
274 
275 
276 
277 
278 
279 
280 
281 
282 
283 
284 
285 
286 
287 
288 
289 
290 
291 
292 
293 
294 
295 
296 
297 
298 
299 
300 
301 
302 
303 
304 
305 
306 
307 
308 
309 
310 
311 
312 
313 
314 
315 
316 
317 
318 
319 
320 
321 
322 
323 
324 
325 
326 
327 
328 
329 
330 
331 
332 
333 
334 
335 
336 
337 
338 
339 
340 
341 
342 
343 
344 
345 
346 
347 
348 
349 
350 
351 
352 
353 
354 
355 
356 
357 
358 
359 
360 
361 
362 
363 
364 
365 
366 
367 
368 
369 
370 
371 
372 
373 
374 
375 
376 
377 
378 
379 
380 
381 
382 
383 
384 
385 
386 
387 
388 
389 
390 
391 
392 
393 
394 
395 
396 
397 
398 
399 
400 
401 
402 
403 
404 
405 
406 
407 
408 
409 
410 
411 
412 
413 
414 
415 
416 
417 
418 
419 
420 
421 
422 
423 
424 
425 
426 
427 
428 
429 
430 
431 
432 
433 
434 
435 
436 
437 
438 
439 
440 
441 
442 
443 
444 
445 
446 
447 
448 
449 
450 
451 
452 
453 
454 
455 
456 
457 
458 
459 
460 
461 
462 
463 
464 
465 
466 
467 
468 
469 
470 
471 
472 
473 
474 
475 
476 
477 
478 
479 
480 
481 
482 
483 
484 
485 
486 
487 
488 
489 
490 
491 
492 
493 
494 
495 
496 
497 
498 
499 
500 
501 
502 
503 
504 
505 
506 
507 
508 
509 
510 
511 
512 
513 
514 
515 
516 
517 
518 
519 
520 
521 
522 
523 
524 
525 
526 
527 
528 
529 
530 
531 
532 
533 
534 
535 
536 
537 
538 
539 
540 
541 
542 
543 
544 
545 
546 
547 
548 
549 
550 
551 
552 
553 
554 
555 
556 
557 
558 
559 
560 
561 
562 
563 
564 
565 
566 
567 
568 
569 
570 
571 
572 
573 
574 
575 
576 
577 
578 
579 
580 
581 
582 
583 
584 
585 
586 
587 
588 
589 
590 
591 
592 
593 
594 
595 
596 
597 
598 
599 
600 
601 
602 
603 
604 
605 
606 
607 
608 
609 
610 
611 
612 
613 
614 
615 
616 
617 
618 
619 
620 
621 
622 
623 
624 
625 
626 
627 
628 
629 
630 
631 
632 
633 
634 
635 
636 
637 
638 
639 
640 
641 
642 
643 
644 
645 
646 
647 
648 
649 
650 
651 
652 
653 
654 
655 
656 
657 
658 
659 
660 
661 
662 
663 
664 
665 
666 
667 
668 
669 
670 
671 
672 
673 
674 
675 
676 
677 
678 
679 
680 
681 
682 
683 
684 
685 
686 
687 
688 
689 
690 
691 
692 
693 
694 
695 
696 
697 
698 
699 
700 
701 
702 
703 
704 
705 
706 
707 
708 
709 
710 
711 
712 
713 
714 
715 
716 
717 
718 
719 
720 
721 
722 
723 
724 
725 
726 
727 
728 
729 
730 
731 
732 
733 
734 
735 
736 
737 
738 
739 
740 
741 
742 
743 
744 
745 
746 
747 
748 
749 
750 
751 
752 
753 
754 
755 
756 
4 27 54 72 116 164 181 199 
5 28 37 55 117 165 182 200 
6 29 38 56 118 166 183 201 
7 30 39 57 119 167 184 202 
8 31 40 58 120 168 185 203 
9 32 41 59 121 169 186 204 
10 33 42 60 122 170 187 205 
11 34 43 61 123 171 188 206 
12 35 44 62 124 172 189 207 
13 36 45 63 125 173 190 208 
14 19 46 64 126 174 191 209 
15 20 47 65 109 175 192 210 
16 21 48 66 110 176 193 211 
17 22 49 67 111 177 194 212 
18 23 50 68 112 178 195 213 
1 24 51 69 113 179 196 214 
2 25 52 70 114 180 197 215 
3 26 53 71 115 163 198 216 
2 59 87 103 121 135 160 177 199 217 
3 60 88 104 122 136 161 178 200 218 
4 61 89 105 123 137 162 179 201 219 
5 62 90 106 124 138 145 180 202 220 
6 63 73 107 125 139 146 163 203 221 
7 64 74 108 126 140 147 164 204 222 
8 65 75 91 109 141 148 165 205 223 
9 66 76 92 110 142 149 166 206 224 
10 67 77 93 111 143 150 167 207 225 
11 68 78 94 112 144 151 168 208 226 
12 69 79 95 113 127 152 169 209 227 
13 70 80 96 114 128 153 170 210 228 
14 71 81 97 115 129 154 171 211 229 
15 72 82 98 116 130 155 172 212 230 
16 55 83 99 117 131 156 173 213 231 
17 56 84 100 118 132 157 174 214 232 
18 57 85 101 119 133 158 175 215 233 
1 58 86 102 120 134 159 176 216 234 
6 35 57 75 148 182 217 235 
7 36 58 76 149 183 218 236 
8 19 59 77 150 184 219 237 
9 20 60 78 151 185 220 238 
10 21 61 79 152 186 221 239 
11 22 62 80 153 187 222 240 
12 23 63 81 154 188 223 241 
13 24 64 82 155 189 224 242 
14 25 65 83 156 190 225 243 
15 26 66 84 157 191 226 244 
16 27 67 85 158 192 227 245 
17 28 68 86 159 193 228 246 
18 29 69 87 160 194 229 247 
1 30 70 88 161 195 230 248 
2 31 71 89 162 196 231 249 
3 32 72 90 145 197 232 250 
4 33 55 73 146 198 233 251 
5 34 56 74 147 181 234 252 
31 50 77 95 110 140 147 170 181 235 
32 51 78 96 111 141 148 171 182 236 
33 52 79 97 112 142 149 172 183 237 
34 53 80 98 113 143 150 173 184 238 
35 54 81 99 114 144 151 174 185 239 
36 37 82 100 115 127 152 175 186 240 
19 38 83 101 116 128 153 176 187 241 
20 39 84 102 117 129 154 177 188 242 
21 40 85 103 118 130 155 178 189 243 
22 41 86 104 119 131 156 179 190 244 
23 42 87 105 120 132 157 180 191 245 
24 43 88 106 121 133 158 163 192 246 
25 44 89 107 122 134 159 164 193 247 
26 45 90 108 123 135 160 165 194 248 
27 46 73 91 124 136 161 166 195 249 
28 47 74 92 125 137 162 167 196 250 
29 48 75 93 126 138 145 168 197 251 
30 49 76 94 109 139 146 169 198 252 
7 25 214 253 
8 26 215 254 
9 27 216 255 
10 28 199 256 
11 29 200 257 
12 30 201 258 
13 31 202 259 
14 32 203 260 
15 33 204 261 
16 34 205 262 
17 35 206 263 
18 36 207 264 
1 19 208 265 
2 20 209 266 
3 21 210 267 
4 22 211 268 
5 23 212 269 
6 24 213 270 
5 33 103 138 216 271 
6 34 104 139 199 272 
7 35 105 140 200 273 
8 36 106 141 201 274 
9 19 107 142 202 275 
10 20 108 143 203 276 
11 21 91 144 204 277 
12 22 92 127 205 278 
13 23 93 128 206 279 
14 24 94 129 207 280 
15 25 95 130 208 281 
16 26 96 131 209 282 
17 27 97 132 210 283 
18 28 98 133 211 284 
1 29 99 134 212 285 
2 30 100 135 213 286 
3 31 101 136 214 287 
4 32 102 137 215 288 
2 106 144 170 212 289 
3 107 127 171 213 290 
4 108 128 172 214 291 
5 91 129 173 215 292 
6 92 130 174 216 293 
7 93 131 175 199 294 
8 94 132 176 200 295 
9 95 133 177 201 296 
10 96 134 178 202 297 
11 97 135 179 203 298 
12 98 136 180 204 299 
13 99 137 163 205 300 
14 100 138 164 206 301 
15 101 139 165 207 302 
16 102 140 166 208 303 
17 103 141 167 209 304 
18 104 142 168 210 305 
1 105 143 169 211 306 
26 100 144 199 246 307 
27 101 127 200 247 308 
28 102 128 201 248 309 
29 103 129 202 249 310 
30 104 130 203 250 311 
31 105 131 204 251 312 
32 106 132 205 252 313 
33 107 133 206 235 314 
34 108 134 207 236 315 
35 91 135 208 237 316 
36 92 136 209 238 317 
19 93 137 210 239 318 
20 94 138 211 240 319 
21 95 139 212 241 320 
22 96 140 213 242 321 
23 97 141 214 243 322 
24 98 142 215 244 323 
25 99 143 216 245 324 
17 34 233 325 
18 35 234 326 
1 36 217 327 
2 19 218 328 
3 20 219 329 
4 21 220 330 
5 22 221 331 
6 23 222 332 
7 24 223 333 
8 25 224 334 
9 26 225 335 
10 27 226 336 
11 28 227 337 
12 29 228 338 
13 30 229 339 
14 31 230 340 
15 32 231 341 
16 33 232 342 
26 149 187 212 343 
27 150 188 213 344 
28 151 189 214 345 
29 152 190 215 346 
30 153 191 216 347 
31 154 192 199 348 
32 155 193 200 349 
33 156 194 201 350 
34 157 195 202 351 
35 158 196 203 352 
36 159 197 204 353 
19 160 198 205 354 
20 161 181 206 355 
21 162 182 207 356 
22 145 183 208 357 
23 146 184 209 358 
24 147 185 210 359 
25 148 186 211 360 
11 24 120 133 361 
12 25 121 134 362 
13 26 122 135 363 
14 27 123 136 364 
15 28 124 137 365 
16 29 125 138 366 
17 30 126 139 367 
18 31 109 140 368 
1 32 110 141 369 
2 33 111 142 370 
3 34 112 143 371 
4 35 113 144 372 
5 36 114 127 373 
6 19 115 128 374 
7 20 116 129 375 
8 21 117 130 376 
9 22 118 131 377 
10 23 119 132 378 
11 139 171 245 379 
12 140 172 246 380 
13 141 173 247 381 
14 142 174 248 382 
15 143 175 249 383 
16 144 176 250 384 
17 127 177 251 385 
18 128 178 252 386 
1 129 179 235 387 
2 130 180 236 388 
3 131 163 237 389 
4 132 164 238 390 
5 133 165 239 391 
6 134 166 240 392 
7 135 167 241 393 
8 136 168 242 394 
9 137 169 243 395 
10 138 170 244 396 
34 69 204 397 
35 70 205 398 
36 71 206 399 
19 72 207 400 
20 55 208 401 
21 56 209 402 
22 57 210 403 
23 58 211 404 
24 59 212 405 
25 60 213 406 
26 61 214 407 
27 62 215 408 
28 63 216 409 
29 64 199 410 
30 65 200 411 
31 66 201 412 
32 67 202 413 
33 68 203 414 
5 20 153 246 415 
6 21 154 247 416 
7 22 155 248 417 
8 23 156 249 418 
9 24 157 250 419 
10 25 158 251 420 
11 26 159 252 421 
12 27 160 235 422 
13 28 161 236 423 
14 29 162 237 424 
15 30 145 238 425 
16 31 146 239 426 
17 32 147 240 427 
18 33 148 241 428 
1 34 149 242 429 
2 35 150 243 430 
3 36 151 244 431 
4 19 152 245 432 
36 124 203 242 433 
19 125 204 243 434 
20 126 205 244 435 
21 109 206 245 436 
22 110 207 246 437 
23 111 208 247 438 
24 112 209 248 439 
25 113 210 249 440 
26 114 211 250 441 
27 115 212 251 442 
28 116 213 252 443 
29 117 214 235 444 
30 118 215 236 445 
31 119 216 237 446 
32 120 199 238 447 
33 121 200 239 448 
34 122 201 240 449 
35 123 202 241 450 
14 187 201 451 
15 188 202 452 
16 189 203 453 
17 190 204 454 
18 191 205 455 
1 192 206 456 
2 193 207 457 
3 194 208 458 
4 195 209 459 
5 196 210 460 
6 197 211 461 
7 198 212 462 
8 181 213 463 
9 182 214 464 
10 183 215 465 
11 184 216 466 
12 185 199 467 
13 186 200 468 
31 172 209 225 469 
32 173 210 226 470 
33 174 211 227 471 
34 175 212 228 472 
35 176 213 229 473 
36 177 214 230 474 
19 178 215 231 475 
20 179 216 232 476 
21 180 199 233 477 
22 163 200 234 478 
23 164 201 217 479 
24 165 202 218 480 
25 166 203 219 481 
26 167 204 220 482 
27 168 205 221 483 
28 169 206 222 484 
29 170 207 223 485 
30 171 208 224 486 
31 98 210 223 487 
32 99 211 224 488 
33 100 212 225 489 
34 101 213 226 490 
35 102 214 227 491 
36 103 215 228 492 
19 104 216 229 493 
20 105 199 230 494 
21 106 200 231 495 
22 107 201 232 496 
23 108 202 233 497 
24 91 203 234 498 
25 92 204 217 499 
26 93 205 218 500 
27 94 206 219 501 
28 95 207 220 502 
29 96 208 221 503 
30 97 209 222 504 
18 125 143 505 
1 126 144 506 
2 109 127 507 
3 110 128 508 
4 111 129 509 
5 112 130 510 
6 113 131 511 
7 114 132 512 
8 115 133 513 
9 116 134 514 
10 117 135 515 
11 118 136 516 
12 119 137 517 
13 120 138 518 
14 121 139 519 
15 122 140 520 
16 123 141 521 
17 124 142 522 
8 29 186 523 
9 30 187 524 
10 31 188 525 
11 32 189 526 
12 33 190 527 
13 34 191 528 
14 35 192 529 
15 36 193 530 
16 19 194 531 
17 20 195 532 
18 21 196 533 
1 22 197 534 
2 23 198 535 
3 24 181 536 
4 25 182 537 
5 26 183 538 
6 27 184 539 
7 28 185 540 
21 86 205 541 
22 87 206 542 
23 88 207 543 
24 89 208 544 
25 90 209 545 
26 73 210 546 
27 74 211 547 
28 75 212 548 
29 76 213 549 
30 77 214 550 
31 78 215 551 
32 79 216 552 
33 80 199 553 
34 81 200 554 
35 82 201 555 
36 83 202 556 
19 84 203 557 
20 85 204 558 
2 148 244 559 
3 149 245 560 
4 150 246 561 
5 151 247 562 
6 152 248 563 
7 153 249 564 
8 154 250 565 
9 155 251 566 
10 156 252 567 
11 157 235 568 
12 158 236 569 
13 159 237 570 
14 160 238 571 
15 161 239 572 
16 162 240 573 
17 145 241 574 
18 146 242 575 
1 147 243 576 
19 43 577 
20 44 578 
21 45 579 
22 46 580 
23 47 581 
24 48 582 
25 49 583 
26 50 584 
27 51 585 
28 52 586 
29 53 587 
30 54 588 
31 37 589 
32 38 590 
33 39 591 
34 40 592 
35 41 593 
36 42 594 
15 62 93 595 
16 63 94 596 
17 64 95 597 
18 65 96 598 
1 66 97 599 
2 67 98 600 
3 68 99 601 
4 69 100 602 
5 70 101 603 
6 71 102 604 
7 72 103 605 
8 55 104 606 
9 56 105 607 
10 57 106 608 
11 58 107 609 
12 59 108 610 
13 60 91 611 
14 61 92 612 
31 43 174 613 
32 44 175 614 
33 45 176 615 
34 46 177 616 
35 47 178 617 
36 48 179 618 
19 49 180 619 
20 50 163 620 
21 51 164 621 
22 52 165 622 
23 53 166 623 
24 54 167 624 
25 37 168 625 
26 38 169 626 
27 39 170 627 
28 40 171 628 
29 41 172 629 
30 42 173 630 
3 100 631 
4 101 632 
5 102 633 
6 103 634 
7 104 635 
8 105 636 
9 106 637 
10 107 638 
11 108 639 
12 91 640 
13 92 641 
14 93 642 
15 94 643 
16 95 644 
17 96 645 
18 97 646 
1 98 647 
2 99 648 
53 137 227 242 649 
54 138 228 243 650 
37 139 229 244 651 
38 140 230 245 652 
39 141 231 246 653 
40 142 232 247 654 
41 143 233 248 655 
42 144 234 249 656 
43 127 217 250 657 
44 128 218 251 658 
45 129 219 252 659 
46 130 220 235 660 
47 131 221 236 661 
48 132 222 237 662 
49 133 223 238 663 
50 134 224 239 664 
51 135 225 240 665 
52 136 226 241 666 
14 119 667 
15 120 668 
16 121 669 
17 122 670 
18 123 671 
1 124 672 
2 125 673 
3 126 674 
4 109 675 
5 110 676 
6 111 677 
7 112 678 
8 113 679 
9 114 680 
10 115 681 
11 116 682 
12 117 683 
13 118 684 
35 42 98 685 
36 43 99 686 
19 44 100 687 
20 45 101 688 
21 46 102 689 
22 47 103 690 
23 48 104 691 
24 49 105 692 
25 50 106 693 
26 51 107 694 
27 52 108 695 
28 53 91 696 
29 54 92 697 
30 37 93 698 
31 38 94 699 
32 39 95 700 
33 40 96 701 
34 41 97 702 
8 80 703 
9 81 704 
10 82 705 
11 83 706 
12 84 707 
13 85 708 
14 86 709 
15 87 710 
16 88 711 
17 89 712 
18 90 713 
1 73 714 
2 74 715 
3 75 716 
4 76 717 
5 77 718 
6 78 719 
7 79 720 
52 93 141 179 721 
53 94 142 180 722 
54 95 143 163 723 
37 96 144 164 724 
38 97 127 165 725 
39 98 128 166 726 
40 99 129 167 727 
41 100 130 168 728 
42 101 131 169 729 
43 102 132 170 730 
44 103 133 171 731 
45 104 134 172 732 
46 105 135 173 733 
47 106 136 174 734 
48 107 137 175 735 
49 108 138 176 736 
50 91 139 177 737 
51 92 140 178 738 
27 248 739 
28 249 740 
29 250 741 
30 251 742 
31 252 743 
32 235 744 
33 236 745 
34 237 746 
35 238 747 
36 239 748 
19 240 749 
20 241 750 
21 242 751 
22 243 752 
23 244 753 
24 245 754 
25 246 755 
26 247 756 
15 108 234 757 
16 91 217 758 
17 92 218 759 
18 93 219 760 
1 94 220 761 
2 95 221 762 
3 96 222 763 
4 97 223 764 
5 98 224 765 
6 99 225 766 
7 100 226 767 
8 101 227 768 
9 102 228 769 
10 103 229 770 
11 104 230 771 
12 105 231 772 
13 106 232 773 
14 107 233 774 
46 133 183 775 
47 134 184 776 
48 135 185 777 
49 136 186 778 
50 137 187 779 
51 138 188 780 
52 139 189 781 
53 140 190 782 
54 141 191 783 
37 142 192 784 
38 143 193 785 
39 144 194 786 
40 127 195 787 
41 128 196 788 
42 129 197 789 
43 130 198 790 
44 131 181 791 
45 132 182 792 
2 224 241 793 
3 225 242 794 
4 226 243 795 
5 227 244 796 
6 228 245 797 
7 229 246 798 
8 230 247 799 
9 231 248 800 
10 232 249 801 
11 233 250 802 
12 234 251 803 
13 217 252 804 
14 218 235 805 
15 219 236 806 
16 220 237 807 
17 221 238 808 
18 222 239 809 
1 223 240 810 
25 102 202 811 
26 103 203 812 
27 104 204 813 
28 105 205 814 
29 106 206 815 
30 107 207 816 
31 108 208 817 
32 91 209 818 
33 92 210 819 
34 93 211 820 
35 94 212 821 
36 95 213 822 
19 96 214 823 
20 97 215 824 
21 98 216 825 
22 99 199 826 
23 100 200 827 
24 101 201 828 
14 40 135 829 
15 41 136 830 
16 42 137 831 
17 43 138 832 
18 44 139 833 
1 45 140 834 
2 46 141 835 
3 47 142 836 
4 48 143 837 
5 49 144 838 
6 50 127 839 
7 51 128 840 
8 52 129 841 
9 53 130 842 
10 54 131 843 
11 37 132 844 
12 38 133 845 
13 39 134 846 
188 237 847 
189 238 848 
190 239 849 
191 240 850 
192 241 851 
193 242 852 
194 243 853 
195 244 854 
196 245 855 
197 246 856 
198 247 857 
181 248 858 
182 249 859 
183 250 860 
184 251 861 
185 252 862 
186 235 863 
187 236 864 
20 107 200 865 
21 108 201 866 
22 91 202 867 
23 92 203 868 
24 93 204 869 
25 94 205 870 
26 95 206 871 
27 96 207 872 
28 97 208 873 
29 98 209 874 
30 99 210 875 
31 100 211 876 
32 101 212 877 
33 102 213 878 
34 103 214 879 
35 104 215 880 
36 105 216 881 
19 106 199 882 
12 141 233 883 
13 142 234 884 
14 143 217 885 
15 144 218 886 
16 127 219 887 
17 128 220 888 
18 129 221 889 
1 130 222 890 
2 131 223 891 
3 132 224 892 
4 133 225 893 
5 134 226 894 
6 135 227 895 
7 136 228 896 
8 137 229 897 
9 138 230 898 
10 139 231 899 
11 140 232 900 
43 182 247 901 
44 183 248 902 
45 184 249 903 
46 185 250 904 
47 186 251 905 
48 187 252 906 
49 188 235 907 
50 189 236 908 
51 190 237 909 
52 191 238 910 
53 192 239 911 
54 193 240 912 
37 194 241 913 
38 195 242 914 
39 196 243 915 
40 197 244 916 
41 198 245 917 
42 181 246 918 
31 102 200 919 
32 103 201 920 
33 104 202 921 
34 105 203 922 
35 106 204 923 
36 107 205 924 
19 108 206 925 
20 91 207 926 
21 92 208 927 
22 93 209 928 
23 94 210 929 
24 95 211 930 
25 96 212 931 
26 97 213 932 
27 98 214 933 
28 99 215 934 
29 100 216 935 
30 101 199 936 
