1352 1092
23 10
22 22 22 22 22 22 22 22 22 22 22 22 22 22 22 22 22 22 22 22 22 22 22 22 22 22 23 23 23 23 23 23 23 23 23 23 23 23 23 23 23 23 23 23 23 23 23 23 23 23 23 23 10 10 10 10 10 10 10 10 10 10 10 10 10 10 10 10 10 10 10 10 10 10 10 10 10 10 5 5 5 5 5 5 5 5 5 5 5 5 5 5 5 5 5 5 5 5 5 5 5 5 5 5 5 5 5 5 5 5 5 5 5 5 5 5 5 5 5 5 5 5 5 5 5 5 5 5 5 5 14 14 14 14 14 14 14 14 14 14 14 14 14 14 14 14 14 14 14 14 14 14 14 14 14 14 7 7 7 7 7 7 7 7 7 7 7 7 7 7 7 7 7 7 7 7 7 7 7 7 7 7 13 13 13 13 13 13 13 13 13 13 13 13 13 13 13 13 13 13 13 13 13 13 13 13 13 13 6 6 6 6 6 6 6 6 6 6 6 6 6 6 6 6 6 6 6 6 6 6 6 6 6 6 8 8 8 8 8 8 8 8 8 8 8 8 8 8 8 8 8 8 8 8 8 8 8 8 8 8 9 9 9 9 9 9 9 9 9 9 9 9 9 9 9 9 9 9 9 9 9 9 9 9 9 9 16 16 16 16 16 16 16 16 16 16 16 16 16 16 16 16 16 16 16 16 16 16 16 16 16 16 9 9 9 9 9 9 9 9 9 9 9 9 9 9 9 9 9 9 9 9 9 9 9 9 9 9 12 12 12 12 12 12 12 12 12 12 12 12 12 12 12 12 12 12 12 12 12 12 12 12 12 12 1 1 1 1 1 1 1 1 1 1 1 1 1 1 1 1 1 1 1 1 1 1 1 1 1 1 1 1 1 1 1 1 1 1 1 1 1 1 1 1 1 1 1 1 1 1 1 1 1 1 1 1 1 1 1 1 1 1 1 1 1 1 1 1 1 1 1 1 1 1 1 1 1 1 1 1 1 1 1 1 1 1 1 1 1 1 1 1 1 1 1 1 1 1 1 1 1 1 1 1 1 1 1 1 1 1 1 1 1 1 1 1 1 1 1 1 1 1 1 1 1 1 1 1 1 1 1 1 1 1 1 1 1 1 1 1 1 1 1 1 1 1 1 1 1 1 1 1 1 1 1 1 1 1 1 1 1 1 1 1 1 1 1 1 1 1 1 1 1 1 1 1 1 1 1 1 1 1 1 1 1 1 1 1 1 1 1 1 1 1 1 1 1 1 1 1 1 1 1 1 1 1 1 1 1 1 1 1 1 1 1 1 1 1 1 1 1 1 1 1 1 1 1 1 1 1 1 1 1 1 1 1 1 1 1 1 1 1 1 1 1 1 1 1 1 1 1 1 1 1 1 1 1 1 1 1 1 1 1 1 1 1 1 1 1 1 1 1 1 1 1 1 1 1 1 1 1 1 1 1 1 1 1 1 1 1 1 1 1 1 1 1 1 1 1 1 1 1 1 1 1 1 1 1 1 1 1 1 1 1 1 1 1 1 1 1 1 1 1 1 1 1 1 1 1 1 1 1 1 1 1 1 1 1 1 1 1 1 1 1 1 1 1 1 1 1 1 1 1 1 1 1 1 1 1 1 1 1 1 1 1 1 1 1 1 1 1 1 1 1 1 1 1 1 1 1 1 1 1 1 1 1 1 1 1 1 1 1 1 1 1 1 1 1 1 1 1 1 1 1 1 1 1 1 1 1 1 1 1 1 1 1 1 1 1 1 1 1 1 1 1 1 1 1 1 1 1 1 1 1 1 1 1 1 1 1 1 1 1 1 1 1 1 1 1 1 1 1 1 1 1 1 1 1 1 1 1 1 1 1 1 1 1 1 1 1 1 1 1 1 1 1 1 1 1 1 1 1 1 1 1 1 1 1 1 1 1 1 1 1 1 1 1 1 1 1 1 1 1 1 1 1 1 1 1 1 1 1 1 1 1 1 1 1 1 1 1 1 1 1 1 1 1 1 1 1 1 1 1 1 1 1 1 1 1 1 1 1 1 1 1 1 1 1 1 1 1 1 1 1 1 1 1 1 1 1 1 1 1 1 1 1 1 1 1 1 1 1 1 1 1 1 1 1 1 1 1 1 1 1 1 1 1 1 1 1 1 1 1 1 1 1 1 1 1 1 1 1 1 1 1 1 1 1 1 1 1 1 1 1 1 1 1 1 1 1 1 1 1 1 1 1 1 1 1 1 1 1 1 1 1 1 1 1 1 1 1 1 1 1 1 1 1 1 1 1 1 1 1 1 1 1 1 1 1 1 1 1 1 1 1 1 1 1 1 1 1 1 1 1 1 1 1 1 1 1 1 1 1 1 1 1 1 1 1 1 1 1 1 1 1 1 1 1 1 1 1 1 1 1 1 1 1 1 1 1 1 1 1 1 1 1 1 1 1 1 1 1 1 1 1 1 1 1 1 1 1 1 1 1 1 1 1 1 1 1 1 1 1 1 1 1 1 1 1 1 1 1 1 1 1 1 1 1 1 1 1 1 1 1 1 1 1 1 1 1 1 1 1 1 1 1 1 1 1 1 1 1 1 1 1 1 1 1 1 1 1 1 1 1 1 1 1 1 1 1 1 1 1 1 1 1 1 1 1 1 1 1 1 1 1 1 1 1 1 1 1 1 1 1 1 1 1 1 1 1 1 1 1 1 1 1 1 1 1 1 1 1 1 1 1 1 1 1 1 1 1 1 1 1 1 1 1 1 1 1 1 1 1 1 1 1 1 1 1 1 1 1 1 1 1 1 1 1 1 1 1 1 1 1 1 1 1 1 1 1 1 1 1 1 1 1 1 1 1 1 1 1 1 1 1 1 1 1 1 1 1 1 1 1 1 1 1 1 1 1 1 1 1 1 1 1 1 1 1 1 1 1 1 1 1 1 1 1 1 1 1 1 1 1 1 1 1 1 1 1 1 1 1 1 1 1 1 1 1 1 1 1 1 1 1 1 1 1 1 1 1 1 1 1 1 1 1 1 1 1 1 1 1 1 1 1 1 1 1 1 1 1 
8 8 8 8 8 8 8 8 8 8 8 8 8 8 8 8 8 8 8 8 8 8 8 8 8 8 10 10 10 10 10 10 10 10 10 10 10 10 10 10 10 10 10 10 10 10 10 10 10 10 10 10 8 8 8 8 8 8 8 8 8 8 8 8 8 8 8 8 8 8 8 8 8 8 8 8 8 8 10 10 10 10 10 10 10 10 10 10 10 10 10 10 10 10 10 10 10 10 10 10 10 10 10 10 4 4 4 4 4 4 4 4 4 4 4 4 4 4 4 4 4 4 4 4 4 4 4 4 4 4 6 6 6 6 6 6 6 6 6 6 6 6 6 6 6 6 6 6 6 6 6 6 6 6 6 6 6 6 6 6 6 6 6 6 6 6 6 6 6 6 6 6 6 6 6 6 6 6 6 6 6 6 6 6 6 6 6 6 6 6 6 6 6 6 6 6 6 6 6 6 6 6 6 6 6 6 6 6 4 4 4 4 4 4 4 4 4 4 4 4 4 4 4 4 4 4 4 4 4 4 4 4 4 4 5 5 5 5 5 5 5 5 5 5 5 5 5 5 5 5 5 5 5 5 5 5 5 5 5 5 5 5 5 5 5 5 5 5 5 5 5 5 5 5 5 5 5 5 5 5 5 5 5 5 5 5 5 5 5 5 5 5 5 5 5 5 5 5 5 5 5 5 5 5 5 5 5 5 5 5 5 5 4 4 4 4 4 4 4 4 4 4 4 4 4 4 4 4 4 4 4 4 4 4 4 4 4 4 5 5 5 5 5 5 5 5 5 5 5 5 5 5 5 5 5 5 5 5 5 5 5 5 5 5 5 5 5 5 5 5 5 5 5 5 5 5 5 5 5 5 5 5 5 5 5 5 5 5 5 5 4 4 4 4 4 4 4 4 4 4 4 4 4 4 4 4 4 4 4 4 4 4 4 4 4 4 5 5 5 5 5 5 5 5 5 5 5 5 5 5 5 5 5 5 5 5 5 5 5 5 5 5 5 5 5 5 5 5 5 5 5 5 5 5 5 5 5 5 5 5 5 5 5 5 5 5 5 5 4 4 4 4 4 4 4 4 4 4 4 4 4 4 4 4 4 4 4 4 4 4 4 4 4 4 4 4 4 4 4 4 4 4 4 4 4 4 4 4 4 4 4 4 4 4 4 4 4 4 4 4 4 4 4 4 4 4 4 4 4 4 4 4 4 4 4 4 4 4 4 4 4 4 4 4 4 4 4 4 4 4 4 4 4 4 4 4 4 4 4 4 4 4 4 4 4 4 4 4 4 4 4 4 3 3 3 3 3 3 3 3 3 3 3 3 3 3 3 3 3 3 3 3 3 3 3 3 3 3 4 4 4 4 4 4 4 4 4 4 4 4 4 4 4 4 4 4 4 4 4 4 4 4 4 4 4 4 4 4 4 4 4 4 4 4 4 4 4 4 4 4 4 4 4 4 4 4 4 4 4 4 3 3 3 3 3 3 3 3 3 3 3 3 3 3 3 3 3 3 3 3 3 3 3 3 3 3 5 5 5 5 5 5 5 5 5 5 5 5 5 5 5 5 5 5 5 5 5 5 5 5 5 5 3 3 3 3 3 3 3 3 3 3 3 3 3 3 3 3 3 3 3 3 3 3 3 3 3 3 4 4 4 4 4 4 4 4 4 4 4 4 4 4 4 4 4 4 4 4 4 4 4 4 4 4 3 3 3 3 3 3 3 3 3 3 3 3 3 3 3 3 3 3 3 3 3 3 3 3 3 3 5 5 5 5 5 5 5 5 5 5 5 5 5 5 5 5 5 5 5 5 5 5 5 5 5 5 3 3 3 3 3 3 3 3 3 3 3 3 3 3 3 3 3 3 3 3 3 3 3 3 3 3 4 4 4 4 4 4 4 4 4 4 4 4 4 4 4 4 4 4 4 4 4 4 4 4 4 4 4 4 4 4 4 4 4 4 4 4 4 4 4 4 4 4 4 4 4 4 4 4 4 4 4 4 4 4 4 4 4 4 4 4 4 4 4 4 4 4 4 4 4 4 4 4 4 4 4 4 4 4 4 4 4 4 4 4 4 4 4 4 4 4 4 4 4 4 4 4 4 4 4 4 4 4 4 4 4 4 4 4 4 4 4 4 4 4 4 4 4 4 4 4 4 4 4 4 4 4 4 4 4 4 3 3 3 3 3 3 3 3 3 3 3 3 3 3 3 3 3 3 3 3 3 3 3 3 3 3 4 4 4 4 4 4 4 4 4 4 4 4 4 4 4 4 4 4 4 4 4 4 4 4 4 4 4 4 4 4 4 4 4 4 4 4 4 4 4 4 4 4 4 4 4 4 4 4 4 4 4 4 4 4 4 4 4 4 4 4 4 4 4 4 4 4 4 4 4 4 4 4 4 4 4 4 4 4 4 4 4 4 4 4 4 4 4 4 4 4 4 4 4 4 4 4 4 4 4 4 4 4 4 4 
14 35 57 114 151 176 212 266 300 359 399 470 515 563 599 662 717 757 853 896 948 1016 
15 36 58 115 152 177 213 267 301 360 400 471 516 564 600 663 718 758 854 897 949 1017 
16 37 59 116 153 178 214 268 302 361 401 472 517 565 601 664 719 759 855 898 950 1018 
17 38 60 117 154 179 215 269 303 362 402 473 518 566 602 665 720 760 856 899 951 1019 
18 39 61 118 155 180 216 270 304 363 403 474 519 567 603 666 721 761 857 900 952 1020 
19 40 62 119 156 181 217 271 305 364 404 475 520 568 604 667 722 762 858 901 953 1021 
20 41 63 120 131 182 218 272 306 339 405 476 495 569 605 668 723 763 833 902 954 1022 
21 42 64 121 132 157 219 273 307 340 406 477 496 570 606 669 724 764 834 903 955 1023 
22 43 65 122 133 158 220 274 308 341 407 478 497 571 607 670 725 765 835 904 956 1024 
23 44 66 123 134 159 221 275 309 342 408 479 498 572 608 671 726 766 836 905 957 1025 
24 45 67 124 135 160 222 276 310 343 409 480 499 547 609 672 727 767 837 906 958 1026 
25 46 68 125 136 161 223 277 311 344 410 481 500 548 610 673 728 768 838 907 959 1027 
26 47 69 126 137 162 224 278 312 345 411 482 501 549 611 674 703 769 839 908 960 1028 
1 48 70 127 138 163 225 279 287 346 412 483 502 550 612 675 704 770 840 909 961 1029 
2 49 71 128 139 164 226 280 288 347 413 484 503 551 613 676 705 771 841 910 962 1030 
3 50 72 129 140 165 227 281 289 348 414 485 504 552 614 651 706 772 842 885 937 1031 
4 51 73 130 141 166 228 282 290 349 415 486 505 553 615 652 707 773 843 886 938 1032 
5 52 74 105 142 167 229 283 291 350 416 487 506 554 616 653 708 774 844 887 939 1033 
6 27 75 106 143 168 230 284 292 351 391 488 507 555 617 654 709 775 845 888 940 1034 
7 28 76 107 144 169 231 285 293 352 392 489 508 556 618 655 710 776 846 889 941 1035 
8 29 77 108 145 170 232 286 294 353 393 490 509 557 619 656 711 777 847 890 942 1036 
9 30 78 109 146 171 233 261 295 354 394 491 510 558 620 657 712 778 848 891 943 1037 
10 31 53 110 147 172 234 262 296 355 395 492 511 559 621 658 713 779 849 892 944 1038 
11 32 54 111 148 173 209 263 297 356 396 493 512 560 622 659 714 780 850 893 945 1039 
12 33 55 112 149 174 210 264 298 357 397 494 513 561 623 660 715 755 851 894 946 1040 
13 34 56 113 150 175 211 265 299 358 398 469 514 562 624 661 716 756 852 895 947 1015 
8 72 95 130 134 202 214 257 279 321 364 378 422 464 501 533 579 642 741 822 936 1014 1084 
9 73 96 105 135 203 215 258 280 322 339 379 423 465 502 534 580 643 742 823 911 989 1085 
10 74 97 106 136 204 216 259 281 323 340 380 424 466 503 535 581 644 743 824 912 990 1086 
11 75 98 107 137 205 217 260 282 324 341 381 425 467 504 536 582 645 744 825 913 991 1087 
12 76 99 108 138 206 218 235 283 325 342 382 426 468 505 537 583 646 745 826 914 992 1088 
13 77 100 109 139 207 219 236 284 326 343 383 427 443 506 538 584 647 746 827 915 993 1089 
14 78 101 110 140 208 220 237 285 327 344 384 428 444 507 539 585 648 747 828 916 994 1090 
15 53 102 111 141 183 221 238 286 328 345 385 429 445 508 540 586 649 748 829 917 995 1091 
16 54 103 112 142 184 222 239 261 329 346 386 430 446 509 541 587 650 749 830 918 996 1092 
17 55 104 113 143 185 223 240 262 330 347 387 431 447 510 542 588 625 750 831 919 997 1067 
18 56 79 114 144 186 224 241 263 331 348 388 432 448 511 543 589 626 751 832 920 998 1068 
19 57 80 115 145 187 225 242 264 332 349 389 433 449 512 544 590 627 752 807 921 999 1069 
20 58 81 116 146 188 226 243 265 333 350 390 434 450 513 545 591 628 753 808 922 1000 1070 
21 59 82 117 147 189 227 244 266 334 351 365 435 451 514 546 592 629 754 809 923 1001 1071 
22 60 83 118 148 190 228 245 267 335 352 366 436 452 515 521 593 630 729 810 924 1002 1072 
23 61 84 119 149 191 229 246 268 336 353 367 437 453 516 522 594 631 730 811 925 1003 1073 
24 62 85 120 150 192 230 247 269 337 354 368 438 454 517 523 595 632 731 812 926 1004 1074 
25 63 86 121 151 193 231 248 270 338 355 369 439 455 518 524 596 633 732 813 927 1005 1075 
26 64 87 122 152 194 232 249 271 313 356 370 440 456 519 525 597 634 733 814 928 1006 1076 
1 65 88 123 153 195 233 250 272 314 357 371 441 457 520 526 598 635 734 815 929 1007 1077 
2 66 89 124 154 196 234 251 273 315 358 372 442 458 495 527 573 636 735 816 930 1008 1078 
3 67 90 125 155 197 209 252 274 316 359 373 417 459 496 528 574 637 736 817 931 1009 1079 
4 68 91 126 156 198 210 253 275 317 360 374 418 460 497 529 575 638 737 818 932 1010 1080 
5 69 92 127 131 199 211 254 276 318 361 375 419 461 498 530 576 639 738 819 933 1011 1081 
6 70 93 128 132 200 212 255 277 319 362 376 420 462 499 531 577 640 739 820 934 1012 1082 
7 71 94 129 133 201 213 256 278 320 363 377 421 463 500 532 578 641 740 821 935 1013 1083 
7 83 577 646 695 751 789 878 952 1056 
8 84 578 647 696 752 790 879 953 1057 
9 85 579 648 697 753 791 880 954 1058 
10 86 580 649 698 754 792 881 955 1059 
11 87 581 650 699 729 793 882 956 1060 
12 88 582 625 700 730 794 883 957 1061 
13 89 583 626 701 731 795 884 958 1062 
14 90 584 627 702 732 796 859 959 1063 
15 91 585 628 677 733 797 860 960 1064 
16 92 586 629 678 734 798 861 961 1065 
17 93 587 630 679 735 799 862 962 1066 
18 94 588 631 680 736 800 863 937 1041 
19 95 589 632 681 737 801 864 938 1042 
20 96 590 633 682 738 802 865 939 1043 
21 97 591 634 683 739 803 866 940 1044 
22 98 592 635 684 740 804 867 941 1045 
23 99 593 636 685 741 805 868 942 1046 
24 100 594 637 686 742 806 869 943 1047 
25 101 595 638 687 743 781 870 944 1048 
26 102 596 639 688 744 782 871 945 1049 
1 103 597 640 689 745 783 872 946 1050 
2 104 598 641 690 746 784 873 947 1051 
3 79 573 642 691 747 785 874 948 1052 
4 80 574 643 692 748 786 875 949 1053 
5 81 575 644 693 749 787 876 950 1054 
6 82 576 645 694 750 788 877 951 1055 
18 52 58 314 611 
19 27 59 315 612 
20 28 60 316 613 
21 29 61 317 614 
22 30 62 318 615 
23 31 63 319 616 
24 32 64 320 617 
25 33 65 321 618 
26 34 66 322 619 
1 35 67 323 620 
2 36 68 324 621 
3 37 69 325 622 
4 38 70 326 623 
5 39 71 327 624 
6 40 72 328 599 
7 41 73 329 600 
8 42 74 330 601 
9 43 75 331 602 
10 44 76 332 603 
11 45 77 333 604 
12 46 78 334 605 
13 47 53 335 606 
14 48 54 336 607 
15 49 55 337 608 
16 50 56 338 609 
17 51 57 313 610 
50 78 87 538 780 
51 53 88 539 755 
52 54 89 540 756 
27 55 90 541 757 
28 56 91 542 758 
29 57 92 543 759 
30 58 93 544 760 
31 59 94 545 761 
32 60 95 546 762 
33 61 96 521 763 
34 62 97 522 764 
35 63 98 523 765 
36 64 99 524 766 
37 65 100 525 767 
38 66 101 526 768 
39 67 102 527 769 
40 68 103 528 770 
41 69 104 529 771 
42 70 79 530 772 
43 71 80 531 773 
44 72 81 532 774 
45 73 82 533 775 
46 74 83 534 776 
47 75 84 535 777 
48 76 85 536 778 
49 77 86 537 779 
29 98 147 175 183 450 612 665 735 790 833 926 998 1078 
30 99 148 176 184 451 613 666 736 791 834 927 999 1079 
31 100 149 177 185 452 614 667 737 792 835 928 1000 1080 
32 101 150 178 186 453 615 668 738 793 836 929 1001 1081 
33 102 151 179 187 454 616 669 739 794 837 930 1002 1082 
34 103 152 180 188 455 617 670 740 795 838 931 1003 1083 
35 104 153 181 189 456 618 671 741 796 839 932 1004 1084 
36 79 154 182 190 457 619 672 742 797 840 933 1005 1085 
37 80 155 157 191 458 620 673 743 798 841 934 1006 1086 
38 81 156 158 192 459 621 674 744 799 842 935 1007 1087 
39 82 131 159 193 460 622 675 745 800 843 936 1008 1088 
40 83 132 160 194 461 623 676 746 801 844 911 1009 1089 
41 84 133 161 195 462 624 651 747 802 845 912 1010 1090 
42 85 134 162 196 463 599 652 748 803 846 913 1011 1091 
43 86 135 163 197 464 600 653 749 804 847 914 1012 1092 
44 87 136 164 198 465 601 654 750 805 848 915 1013 1067 
45 88 137 165 199 466 602 655 751 806 849 916 1014 1068 
46 89 138 166 200 467 603 656 752 781 850 917 989 1069 
47 90 139 167 201 468 604 657 753 782 851 918 990 1070 
48 91 140 168 202 443 605 658 754 783 852 919 991 1071 
49 92 141 169 203 444 606 659 729 784 853 920 992 1072 
50 93 142 170 204 445 607 660 730 785 854 921 993 1073 
51 94 143 171 205 446 608 661 731 786 855 922 994 1074 
52 95 144 172 206 447 609 662 732 787 856 923 995 1075 
27 96 145 173 207 448 610 663 733 788 857 924 996 1076 
28 97 146 174 208 449 611 664 734 789 858 925 997 1077 
13 50 84 266 371 474 718 
14 51 85 267 372 475 719 
15 52 86 268 373 476 720 
16 27 87 269 374 477 721 
17 28 88 270 375 478 722 
18 29 89 271 376 479 723 
19 30 90 272 377 480 724 
20 31 91 273 378 481 725 
21 32 92 274 379 482 726 
22 33 93 275 380 483 727 
23 34 94 276 381 484 728 
24 35 95 277 382 485 703 
25 36 96 278 383 486 704 
26 37 97 279 384 487 705 
1 38 98 280 385 488 706 
2 39 99 281 386 489 707 
3 40 100 282 387 490 708 
4 41 101 283 388 491 709 
5 42 102 284 389 492 710 
6 43 103 285 390 493 711 
7 44 104 286 365 494 712 
8 45 79 261 366 469 713 
9 46 80 262 367 470 714 
10 47 81 263 368 471 715 
11 48 82 264 369 472 716 
12 49 83 265 370 473 717 
36 102 155 167 196 262 310 485 687 783 868 940 1040 
37 103 156 168 197 263 311 486 688 784 869 941 1015 
38 104 131 169 198 264 312 487 689 785 870 942 1016 
39 79 132 170 199 265 287 488 690 786 871 943 1017 
40 80 133 171 200 266 288 489 691 787 872 944 1018 
41 81 134 172 201 267 289 490 692 788 873 945 1019 
42 82 135 173 202 268 290 491 693 789 874 946 1020 
43 83 136 174 203 269 291 492 694 790 875 947 1021 
44 84 137 175 204 270 292 493 695 791 876 948 1022 
45 85 138 176 205 271 293 494 696 792 877 949 1023 
46 86 139 177 206 272 294 469 697 793 878 950 1024 
47 87 140 178 207 273 295 470 698 794 879 951 1025 
48 88 141 179 208 274 296 471 699 795 880 952 1026 
49 89 142 180 183 275 297 472 700 796 881 953 1027 
50 90 143 181 184 276 298 473 701 797 882 954 1028 
51 91 144 182 185 277 299 474 702 798 883 955 1029 
52 92 145 157 186 278 300 475 677 799 884 956 1030 
27 93 146 158 187 279 301 476 678 800 859 957 1031 
28 94 147 159 188 280 302 477 679 801 860 958 1032 
29 95 148 160 189 281 303 478 680 802 861 959 1033 
30 96 149 161 190 282 304 479 681 803 862 960 1034 
31 97 150 162 191 283 305 480 682 804 863 961 1035 
32 98 151 163 192 284 306 481 683 805 864 962 1036 
33 99 152 164 193 285 307 482 684 806 865 937 1037 
34 100 153 165 194 286 308 483 685 781 866 938 1038 
35 101 154 166 195 261 309 484 686 782 867 939 1039 
39 77 96 260 348 555 
40 78 97 235 349 556 
41 53 98 236 350 557 
42 54 99 237 351 558 
43 55 100 238 352 559 
44 56 101 239 353 560 
45 57 102 240 354 561 
46 58 103 241 355 562 
47 59 104 242 356 563 
48 60 79 243 357 564 
49 61 80 244 358 565 
50 62 81 245 359 566 
51 63 82 246 360 567 
52 64 83 247 361 568 
27 65 84 248 362 569 
28 66 85 249 363 570 
29 67 86 250 364 571 
30 68 87 251 339 572 
31 69 88 252 340 547 
32 70 89 253 341 548 
33 71 90 254 342 549 
34 72 91 255 343 550 
35 73 92 256 344 551 
36 74 93 257 345 552 
37 75 94 258 346 553 
38 76 95 259 347 554 
14 29 101 171 304 438 641 801 
15 30 102 172 305 439 642 802 
16 31 103 173 306 440 643 803 
17 32 104 174 307 441 644 804 
18 33 79 175 308 442 645 805 
19 34 80 176 309 417 646 806 
20 35 81 177 310 418 647 781 
21 36 82 178 311 419 648 782 
22 37 83 179 312 420 649 783 
23 38 84 180 287 421 650 784 
24 39 85 181 288 422 625 785 
25 40 86 182 289 423 626 786 
26 41 87 157 290 424 627 787 
1 42 88 158 291 425 628 788 
2 43 89 159 292 426 629 789 
3 44 90 160 293 427 630 790 
4 45 91 161 294 428 631 791 
5 46 92 162 295 429 632 792 
6 47 93 163 296 430 633 793 
7 48 94 164 297 431 634 794 
8 49 95 165 298 432 635 795 
9 50 96 166 299 433 636 796 
10 51 97 167 300 434 637 797 
11 52 98 168 301 435 638 798 
12 27 99 169 302 436 639 799 
13 28 100 170 303 437 640 800 
1 78 79 238 413 495 862 964 1060 
2 53 80 239 414 496 863 965 1061 
3 54 81 240 415 497 864 966 1062 
4 55 82 241 416 498 865 967 1063 
5 56 83 242 391 499 866 968 1064 
6 57 84 243 392 500 867 969 1065 
7 58 85 244 393 501 868 970 1066 
8 59 86 245 394 502 869 971 1041 
9 60 87 246 395 503 870 972 1042 
10 61 88 247 396 504 871 973 1043 
11 62 89 248 397 505 872 974 1044 
12 63 90 249 398 506 873 975 1045 
13 64 91 250 399 507 874 976 1046 
14 65 92 251 400 508 875 977 1047 
15 66 93 252 401 509 876 978 1048 
16 67 94 253 402 510 877 979 1049 
17 68 95 254 403 511 878 980 1050 
18 69 96 255 404 512 879 981 1051 
19 70 97 256 405 513 880 982 1052 
20 71 98 257 406 514 881 983 1053 
21 72 99 258 407 515 882 984 1054 
22 73 100 259 408 516 883 985 1055 
23 74 101 260 409 517 884 986 1056 
24 75 102 235 410 518 859 987 1057 
25 76 103 236 411 519 860 988 1058 
26 77 104 237 412 520 861 963 1059 
1 27 118 147 171 206 258 316 365 393 441 457 537 912 1006 1082 
2 28 119 148 172 207 259 317 366 394 442 458 538 913 1007 1083 
3 29 120 149 173 208 260 318 367 395 417 459 539 914 1008 1084 
4 30 121 150 174 183 235 319 368 396 418 460 540 915 1009 1085 
5 31 122 151 175 184 236 320 369 397 419 461 541 916 1010 1086 
6 32 123 152 176 185 237 321 370 398 420 462 542 917 1011 1087 
7 33 124 153 177 186 238 322 371 399 421 463 543 918 1012 1088 
8 34 125 154 178 187 239 323 372 400 422 464 544 919 1013 1089 
9 35 126 155 179 188 240 324 373 401 423 465 545 920 1014 1090 
10 36 127 156 180 189 241 325 374 402 424 466 546 921 989 1091 
11 37 128 131 181 190 242 326 375 403 425 467 521 922 990 1092 
12 38 129 132 182 191 243 327 376 404 426 468 522 923 991 1067 
13 39 130 133 157 192 244 328 377 405 427 443 523 924 992 1068 
14 40 105 134 158 193 245 329 378 406 428 444 524 925 993 1069 
15 41 106 135 159 194 246 330 379 407 429 445 525 926 994 1070 
16 42 107 136 160 195 247 331 380 408 430 446 526 927 995 1071 
17 43 108 137 161 196 248 332 381 409 431 447 527 928 996 1072 
18 44 109 138 162 197 249 333 382 410 432 448 528 929 997 1073 
19 45 110 139 163 198 250 334 383 411 433 449 529 930 998 1074 
20 46 111 140 164 199 251 335 384 412 434 450 530 931 999 1075 
21 47 112 141 165 200 252 336 385 413 435 451 531 932 1000 1076 
22 48 113 142 166 201 253 337 386 414 436 452 532 933 1001 1077 
23 49 114 143 167 202 254 338 387 415 437 453 533 934 1002 1078 
24 50 115 144 168 203 255 313 388 416 438 454 534 935 1003 1079 
25 51 116 145 169 204 256 314 389 391 439 455 535 936 1004 1080 
26 52 117 146 170 205 257 315 390 392 440 456 536 911 1005 1081 
27 53 213 423 460 680 852 902 1024 
28 54 214 424 461 681 853 903 1025 
29 55 215 425 462 682 854 904 1026 
30 56 216 426 463 683 855 905 1027 
31 57 217 427 464 684 856 906 1028 
32 58 218 428 465 685 857 907 1029 
33 59 219 429 466 686 858 908 1030 
34 60 220 430 467 687 833 909 1031 
35 61 221 431 468 688 834 910 1032 
36 62 222 432 443 689 835 885 1033 
37 63 223 433 444 690 836 886 1034 
38 64 224 434 445 691 837 887 1035 
39 65 225 435 446 692 838 888 1036 
40 66 226 436 447 693 839 889 1037 
41 67 227 437 448 694 840 890 1038 
42 68 228 438 449 695 841 891 1039 
43 69 229 439 450 696 842 892 1040 
44 70 230 440 451 697 843 893 1015 
45 71 231 441 452 698 844 894 1016 
46 72 232 442 453 699 845 895 1017 
47 73 233 417 454 700 846 896 1018 
48 74 234 418 455 701 847 897 1019 
49 75 209 419 456 702 848 898 1020 
50 76 210 420 457 677 849 899 1021 
51 77 211 421 458 678 850 900 1022 
52 78 212 422 459 679 851 901 1023 
53 79 203 305 361 386 550 698 826 900 978 1044 
54 80 204 306 362 387 551 699 827 901 979 1045 
55 81 205 307 363 388 552 700 828 902 980 1046 
56 82 206 308 364 389 553 701 829 903 981 1047 
57 83 207 309 339 390 554 702 830 904 982 1048 
58 84 208 310 340 365 555 677 831 905 983 1049 
59 85 183 311 341 366 556 678 832 906 984 1050 
60 86 184 312 342 367 557 679 807 907 985 1051 
61 87 185 287 343 368 558 680 808 908 986 1052 
62 88 186 288 344 369 559 681 809 909 987 1053 
63 89 187 289 345 370 560 682 810 910 988 1054 
64 90 188 290 346 371 561 683 811 885 963 1055 
65 91 189 291 347 372 562 684 812 886 964 1056 
66 92 190 292 348 373 563 685 813 887 965 1057 
67 93 191 293 349 374 564 686 814 888 966 1058 
68 94 192 294 350 375 565 687 815 889 967 1059 
69 95 193 295 351 376 566 688 816 890 968 1060 
70 96 194 296 352 377 567 689 817 891 969 1061 
71 97 195 297 353 378 568 690 818 892 970 1062 
72 98 196 298 354 379 569 691 819 893 971 1063 
73 99 197 299 355 380 570 692 820 894 972 1064 
74 100 198 300 356 381 571 693 821 895 973 1065 
75 101 199 301 357 382 572 694 822 896 974 1066 
76 102 200 302 358 383 547 695 823 897 975 1041 
77 103 201 303 359 384 548 696 824 898 976 1042 
78 104 202 304 360 385 549 697 825 899 977 1043 
105 
106 
107 
108 
109 
110 
111 
112 
113 
114 
115 
116 
117 
118 
119 
120 
121 
122 
123 
124 
125 
126 
127 
128 
129 
130 
131 
132 
133 
134 
135 
136 
137 
138 
139 
140 
141 
142 
143 
144 
145 
146 
147 
148 
149 
150 
151 
152 
153 
154 
155 
156 
157 
158 
159 
160 
161 
162 
163 
164 
165 
166 
167 
168 
169 
170 
171 
172 
173 
174 
175 
176 
177 
178 
179 
180 
181 
182 
183 
184 
185 
186 
187 
188 
189 
190 
191 
192 
193 
194 
195 
196 
197 
198 
199 
200 
201 
202 
203 
204 
205 
206 
207 
208 
209 
210 
211 
212 
213 
214 
215 
216 
217 
218 
219 
220 
221 
222 
223 
224 
225 
226 
227 
228 
229 
230 
231 
232 
233 
234 
235 
236 
237 
238 
239 
240 
241 
242 
243 
244 
245 
246 
247 
248 
249 
250 
251 
252 
253 
254 
255 
256 
257 
258 
259 
260 
261 
262 
263 
264 
265 
266 
267 
268 
269 
270 
271 
272 
273 
274 
275 
276 
277 
278 
279 
280 
281 
282 
283 
284 
285 
286 
287 
288 
289 
290 
291 
292 
293 
294 
295 
296 
297 
298 
299 
300 
301 
302 
303 
304 
305 
306 
307 
308 
309 
310 
311 
312 
313 
314 
315 
316 
317 
318 
319 
320 
321 
322 
323 
324 
325 
326 
327 
328 
329 
330 
331 
332 
333 
334 
335 
336 
337 
338 
339 
340 
341 
342 
343 
344 
345 
346 
347 
348 
349 
350 
351 
352 
353 
354 
355 
356 
357 
358 
359 
360 
361 
362 
363 
364 
365 
366 
367 
368 
369 
370 
371 
372 
373 
374 
375 
376 
377 
378 
379 
380 
381 
382 
383 
384 
385 
386 
387 
388 
389 
390 
391 
392 
393 
394 
395 
396 
397 
398 
399 
400 
401 
402 
403 
404 
405 
406 
407 
408 
409 
410 
411 
412 
413 
414 
415 
416 
417 
418 
419 
420 
421 
422 
423 
424 
425 
426 
427 
428 
429 
430 
431 
432 
433 
434 
435 
436 
437 
438 
439 
440 
441 
442 
443 
444 
445 
446 
447 
448 
449 
450 
451 
452 
453 
454 
455 
456 
457 
458 
459 
460 
461 
462 
463 
464 
465 
466 
467 
468 
469 
470 
471 
472 
473 
474 
475 
476 
477 
478 
479 
480 
481 
482 
483 
484 
485 
486 
487 
488 
489 
490 
491 
492 
493 
494 
495 
496 
497 
498 
499 
500 
501 
502 
503 
504 
505 
506 
507 
508 
509 
510 
511 
512 
513 
514 
515 
516 
517 
518 
519 
520 
521 
522 
523 
524 
525 
526 
527 
528 
529 
530 
531 
532 
533 
534 
535 
536 
537 
538 
539 
540 
541 
542 
543 
544 
545 
546 
547 
548 
549 
550 
551 
552 
553 
554 
555 
556 
557 
558 
559 
560 
561 
562 
563 
564 
565 
566 
567 
568 
569 
570 
571 
572 
573 
574 
575 
576 
577 
578 
579 
580 
581 
582 
583 
584 
585 
586 
587 
588 
589 
590 
591 
592 
593 
594 
595 
596 
597 
598 
599 
600 
601 
602 
603 
604 
605 
606 
607 
608 
609 
610 
611 
612 
613 
614 
615 
616 
617 
618 
619 
620 
621 
622 
623 
624 
625 
626 
627 
628 
629 
630 
631 
632 
633 
634 
635 
636 
637 
638 
639 
640 
641 
642 
643 
644 
645 
646 
647 
648 
649 
650 
651 
652 
653 
654 
655 
656 
657 
658 
659 
660 
661 
662 
663 
664 
665 
666 
667 
668 
669 
670 
671 
672 
673 
674 
675 
676 
677 
678 
679 
680 
681 
682 
683 
684 
685 
686 
687 
688 
689 
690 
691 
692 
693 
694 
695 
696 
697 
698 
699 
700 
701 
702 
703 
704 
705 
706 
707 
708 
709 
710 
711 
712 
713 
714 
715 
716 
717 
718 
719 
720 
721 
722 
723 
724 
725 
726 
727 
728 
729 
730 
731 
732 
733 
734 
735 
736 
737 
738 
739 
740 
741 
742 
743 
744 
745 
746 
747 
748 
749 
750 
751 
752 
753 
754 
755 
756 
757 
758 
759 
760 
761 
762 
763 
764 
765 
766 
767 
768 
769 
770 
771 
772 
773 
774 
775 
776 
777 
778 
779 
780 
781 
782 
783 
784 
785 
786 
787 
788 
789 
790 
791 
792 
793 
794 
795 
796 
797 
798 
799 
800 
801 
802 
803 
804 
805 
806 
807 
808 
809 
810 
811 
812 
813 
814 
815 
816 
817 
818 
819 
820 
821 
822 
823 
824 
825 
826 
827 
828 
829 
830 
831 
832 
833 
834 
835 
836 
837 
838 
839 
840 
841 
842 
843 
844 
845 
846 
847 
848 
849 
850 
851 
852 
853 
854 
855 
856 
857 
858 
859 
860 
861 
862 
863 
864 
865 
866 
867 
868 
869 
870 
871 
872 
873 
874 
875 
876 
877 
878 
879 
880 
881 
882 
883 
884 
885 
886 
887 
888 
889 
890 
891 
892 
893 
894 
895 
896 
897 
898 
899 
900 
901 
902 
903 
904 
905 
906 
907 
908 
909 
910 
911 
912 
913 
914 
915 
916 
917 
918 
919 
920 
921 
922 
923 
924 
925 
926 
927 
928 
929 
930 
931 
932 
933 
934 
935 
936 
937 
938 
939 
940 
941 
942 
943 
944 
945 
946 
947 
948 
949 
950 
951 
952 
953 
954 
955 
956 
957 
958 
959 
960 
961 
962 
963 
964 
965 
966 
967 
968 
969 
970 
971 
972 
973 
974 
975 
976 
977 
978 
979 
980 
981 
982 
983 
984 
985 
986 
987 
988 
989 
990 
991 
992 
993 
994 
995 
996 
997 
998 
999 
1000 
1001 
1002 
1003 
1004 
1005 
1006 
1007 
1008 
1009 
1010 
1011 
1012 
1013 
1014 
1015 
1016 
1017 
1018 
1019 
1020 
1021 
1022 
1023 
1024 
1025 
1026 
1027 
1028 
1029 
1030 
1031 
1032 
1033 
1034 
1035 
1036 
1037 
1038 
1039 
1040 
1041 
1042 
1043 
1044 
1045 
1046 
1047 
1048 
1049 
1050 
1051 
1052 
1053 
1054 
1055 
1056 
1057 
1058 
1059 
1060 
1061 
1062 
1063 
1064 
1065 
1066 
1067 
1068 
1069 
1070 
1071 
1072 
1073 
1074 
1075 
1076 
1077 
1078 
1079 
1080 
1081 
1082 
1083 
1084 
1085 
1086 
1087 
1088 
1089 
1090 
1091 
1092 
14 46 73 88 171 248 261 287 
15 47 74 89 172 249 262 288 
16 48 75 90 173 250 263 289 
17 49 76 91 174 251 264 290 
18 50 77 92 175 252 265 291 
19 51 78 93 176 253 266 292 
20 52 53 94 177 254 267 293 
21 27 54 95 178 255 268 294 
22 28 55 96 179 256 269 295 
23 29 56 97 180 257 270 296 
24 30 57 98 181 258 271 297 
25 31 58 99 182 259 272 298 
26 32 59 100 157 260 273 299 
1 33 60 101 158 235 274 300 
2 34 61 102 159 236 275 301 
3 35 62 103 160 237 276 302 
4 36 63 104 161 238 277 303 
5 37 64 79 162 239 278 304 
6 38 65 80 163 240 279 305 
7 39 66 81 164 241 280 306 
8 40 67 82 165 242 281 307 
9 41 68 83 166 243 282 308 
10 42 69 84 167 244 283 309 
11 43 70 85 168 245 284 310 
12 44 71 86 169 246 285 311 
13 45 72 87 170 247 286 312 
19 80 108 155 160 200 223 259 287 313 
20 81 109 156 161 201 224 260 288 314 
21 82 110 131 162 202 225 235 289 315 
22 83 111 132 163 203 226 236 290 316 
23 84 112 133 164 204 227 237 291 317 
24 85 113 134 165 205 228 238 292 318 
25 86 114 135 166 206 229 239 293 319 
26 87 115 136 167 207 230 240 294 320 
1 88 116 137 168 208 231 241 295 321 
2 89 117 138 169 183 232 242 296 322 
3 90 118 139 170 184 233 243 297 323 
4 91 119 140 171 185 234 244 298 324 
5 92 120 141 172 186 209 245 299 325 
6 93 121 142 173 187 210 246 300 326 
7 94 122 143 174 188 211 247 301 327 
8 95 123 144 175 189 212 248 302 328 
9 96 124 145 176 190 213 249 303 329 
10 97 125 146 177 191 214 250 304 330 
11 98 126 147 178 192 215 251 305 331 
12 99 127 148 179 193 216 252 306 332 
13 100 128 149 180 194 217 253 307 333 
14 101 129 150 181 195 218 254 308 334 
15 102 130 151 182 196 219 255 309 335 
16 103 105 152 157 197 220 256 310 336 
17 104 106 153 158 198 221 257 311 337 
18 79 107 154 159 199 222 258 312 338 
23 34 100 106 211 262 313 339 
24 35 101 107 212 263 314 340 
25 36 102 108 213 264 315 341 
26 37 103 109 214 265 316 342 
1 38 104 110 215 266 317 343 
2 39 79 111 216 267 318 344 
3 40 80 112 217 268 319 345 
4 41 81 113 218 269 320 346 
5 42 82 114 219 270 321 347 
6 43 83 115 220 271 322 348 
7 44 84 116 221 272 323 349 
8 45 85 117 222 273 324 350 
9 46 86 118 223 274 325 351 
10 47 87 119 224 275 326 352 
11 48 88 120 225 276 327 353 
12 49 89 121 226 277 328 354 
13 50 90 122 227 278 329 355 
14 51 91 123 228 279 330 356 
15 52 92 124 229 280 331 357 
16 27 93 125 230 281 332 358 
17 28 94 126 231 282 333 359 
18 29 95 127 232 283 334 360 
19 30 96 128 233 284 335 361 
20 31 97 129 234 285 336 362 
21 32 98 130 209 286 337 363 
22 33 99 105 210 261 338 364 
37 75 123 138 178 186 218 239 261 339 
38 76 124 139 179 187 219 240 262 340 
39 77 125 140 180 188 220 241 263 341 
40 78 126 141 181 189 221 242 264 342 
41 53 127 142 182 190 222 243 265 343 
42 54 128 143 157 191 223 244 266 344 
43 55 129 144 158 192 224 245 267 345 
44 56 130 145 159 193 225 246 268 346 
45 57 105 146 160 194 226 247 269 347 
46 58 106 147 161 195 227 248 270 348 
47 59 107 148 162 196 228 249 271 349 
48 60 108 149 163 197 229 250 272 350 
49 61 109 150 164 198 230 251 273 351 
50 62 110 151 165 199 231 252 274 352 
51 63 111 152 166 200 232 253 275 353 
52 64 112 153 167 201 233 254 276 354 
27 65 113 154 168 202 234 255 277 355 
28 66 114 155 169 203 209 256 278 356 
29 67 115 156 170 204 210 257 279 357 
30 68 116 131 171 205 211 258 280 358 
31 69 117 132 172 206 212 259 281 359 
32 70 118 133 173 207 213 260 282 360 
33 71 119 134 174 208 214 235 283 361 
34 72 120 135 175 183 215 236 284 362 
35 73 121 136 176 184 216 237 285 363 
36 74 122 137 177 185 217 238 286 364 
18 28 300 365 
19 29 301 366 
20 30 302 367 
21 31 303 368 
22 32 304 369 
23 33 305 370 
24 34 306 371 
25 35 307 372 
26 36 308 373 
1 37 309 374 
2 38 310 375 
3 39 311 376 
4 40 312 377 
5 41 287 378 
6 42 288 379 
7 43 289 380 
8 44 290 381 
9 45 291 382 
10 46 292 383 
11 47 293 384 
12 48 294 385 
13 49 295 386 
14 50 296 387 
15 51 297 388 
16 52 298 389 
17 27 299 390 
7 50 141 185 297 391 
8 51 142 186 298 392 
9 52 143 187 299 393 
10 27 144 188 300 394 
11 28 145 189 301 395 
12 29 146 190 302 396 
13 30 147 191 303 397 
14 31 148 192 304 398 
15 32 149 193 305 399 
16 33 150 194 306 400 
17 34 151 195 307 401 
18 35 152 196 308 402 
19 36 153 197 309 403 
20 37 154 198 310 404 
21 38 155 199 311 405 
22 39 156 200 312 406 
23 40 131 201 287 407 
24 41 132 202 288 408 
25 42 133 203 289 409 
26 43 134 204 290 410 
1 44 135 205 291 411 
2 45 136 206 292 412 
3 46 137 207 293 413 
4 47 138 208 294 414 
5 48 139 183 295 415 
6 49 140 184 296 416 
8 139 199 247 299 417 
9 140 200 248 300 418 
10 141 201 249 301 419 
11 142 202 250 302 420 
12 143 203 251 303 421 
13 144 204 252 304 422 
14 145 205 253 305 423 
15 146 206 254 306 424 
16 147 207 255 307 425 
17 148 208 256 308 426 
18 149 183 257 309 427 
19 150 184 258 310 428 
20 151 185 259 311 429 
21 152 186 260 312 430 
22 153 187 235 287 431 
23 154 188 236 288 432 
24 155 189 237 289 433 
25 156 190 238 290 434 
26 131 191 239 291 435 
1 132 192 240 292 436 
2 133 193 241 293 437 
3 134 194 242 294 438 
4 135 195 243 295 439 
5 136 196 244 296 440 
6 137 197 245 297 441 
7 138 198 246 298 442 
34 131 196 290 345 443 
35 132 197 291 346 444 
36 133 198 292 347 445 
37 134 199 293 348 446 
38 135 200 294 349 447 
39 136 201 295 350 448 
40 137 202 296 351 449 
41 138 203 297 352 450 
42 139 204 298 353 451 
43 140 205 299 354 452 
44 141 206 300 355 453 
45 142 207 301 356 454 
46 143 208 302 357 455 
47 144 183 303 358 456 
48 145 184 304 359 457 
49 146 185 305 360 458 
50 147 186 306 361 459 
51 148 187 307 362 460 
52 149 188 308 363 461 
27 150 189 309 364 462 
28 151 190 310 339 463 
29 152 191 311 340 464 
30 153 192 312 341 465 
31 154 193 287 342 466 
32 155 194 288 343 467 
33 156 195 289 344 468 
24 48 335 469 
25 49 336 470 
26 50 337 471 
1 51 338 472 
2 52 313 473 
3 27 314 474 
4 28 315 475 
5 29 316 476 
6 30 317 477 
7 31 318 478 
8 32 319 479 
9 33 320 480 
10 34 321 481 
11 35 322 482 
12 36 323 483 
13 37 324 484 
14 38 325 485 
15 39 326 486 
16 40 327 487 
17 41 328 488 
18 42 329 489 
19 43 330 490 
20 44 331 491 
21 45 332 492 
22 46 333 493 
23 47 334 494 
31 210 284 290 495 
32 211 285 291 496 
33 212 286 292 497 
34 213 261 293 498 
35 214 262 294 499 
36 215 263 295 500 
37 216 264 296 501 
38 217 265 297 502 
39 218 266 298 503 
40 219 267 299 504 
41 220 268 300 505 
42 221 269 301 506 
43 222 270 302 507 
44 223 271 303 508 
45 224 272 304 509 
46 225 273 305 510 
47 226 274 306 511 
48 227 275 307 512 
49 228 276 308 513 
50 229 277 309 514 
51 230 278 310 515 
52 231 279 311 516 
27 232 280 312 517 
28 233 281 287 518 
29 234 282 288 519 
30 209 283 289 520 
22 35 178 208 521 
23 36 179 183 522 
24 37 180 184 523 
25 38 181 185 524 
26 39 182 186 525 
1 40 157 187 526 
2 41 158 188 527 
3 42 159 189 528 
4 43 160 190 529 
5 44 161 191 530 
6 45 162 192 531 
7 46 163 193 532 
8 47 164 194 533 
9 48 165 195 534 
10 49 166 196 535 
11 50 167 197 536 
12 51 168 198 537 
13 52 169 199 538 
14 27 170 200 539 
15 28 171 201 540 
16 29 172 202 541 
17 30 173 203 542 
18 31 174 204 543 
19 32 175 205 544 
20 33 176 206 545 
21 34 177 207 546 
14 186 244 347 547 
15 187 245 348 548 
16 188 246 349 549 
17 189 247 350 550 
18 190 248 351 551 
19 191 249 352 552 
20 192 250 353 553 
21 193 251 354 554 
22 194 252 355 555 
23 195 253 356 556 
24 196 254 357 557 
25 197 255 358 558 
26 198 256 359 559 
1 199 257 360 560 
2 200 258 361 561 
3 201 259 362 562 
4 202 260 363 563 
5 203 235 364 564 
6 204 236 339 565 
7 205 237 340 566 
8 206 238 341 567 
9 207 239 342 568 
10 208 240 343 569 
11 183 241 344 570 
12 184 242 345 571 
13 185 243 346 572 
45 104 310 573 
46 79 311 574 
47 80 312 575 
48 81 287 576 
49 82 288 577 
50 83 289 578 
51 84 290 579 
52 85 291 580 
27 86 292 581 
28 87 293 582 
29 88 294 583 
30 89 295 584 
31 90 296 585 
32 91 297 586 
33 92 298 587 
34 93 299 588 
35 94 300 589 
36 95 301 590 
37 96 302 591 
38 97 303 592 
39 98 304 593 
40 99 305 594 
41 100 306 595 
42 101 307 596 
43 102 308 597 
44 103 309 598 
7 28 226 343 599 
8 29 227 344 600 
9 30 228 345 601 
10 31 229 346 602 
11 32 230 347 603 
12 33 231 348 604 
13 34 232 349 605 
14 35 233 350 606 
15 36 234 351 607 
16 37 209 352 608 
17 38 210 353 609 
18 39 211 354 610 
19 40 212 355 611 
20 41 213 356 612 
21 42 214 357 613 
22 43 215 358 614 
23 44 216 359 615 
24 45 217 360 616 
25 46 218 361 617 
26 47 219 362 618 
1 48 220 363 619 
2 49 221 364 620 
3 50 222 339 621 
4 51 223 340 622 
5 52 224 341 623 
6 27 225 342 624 
40 177 287 344 625 
41 178 288 345 626 
42 179 289 346 627 
43 180 290 347 628 
44 181 291 348 629 
45 182 292 349 630 
46 157 293 350 631 
47 158 294 351 632 
48 159 295 352 633 
49 160 296 353 634 
50 161 297 354 635 
51 162 298 355 636 
52 163 299 356 637 
27 164 300 357 638 
28 165 301 358 639 
29 166 302 359 640 
30 167 303 360 641 
31 168 304 361 642 
32 169 305 362 643 
33 170 306 363 644 
34 171 307 364 645 
35 172 308 339 646 
36 173 309 340 647 
37 174 310 341 648 
38 175 311 342 649 
39 176 312 343 650 
19 265 311 651 
20 266 312 652 
21 267 287 653 
22 268 288 654 
23 269 289 655 
24 270 290 656 
25 271 291 657 
26 272 292 658 
1 273 293 659 
2 274 294 660 
3 275 295 661 
4 276 296 662 
5 277 297 663 
6 278 298 664 
7 279 299 665 
8 280 300 666 
9 281 301 667 
10 282 302 668 
11 283 303 669 
12 284 304 670 
13 285 305 671 
14 286 306 672 
15 261 307 673 
16 262 308 674 
17 263 309 675 
18 264 310 676 
48 240 289 333 677 
49 241 290 334 678 
50 242 291 335 679 
51 243 292 336 680 
52 244 293 337 681 
27 245 294 338 682 
28 246 295 313 683 
29 247 296 314 684 
30 248 297 315 685 
31 249 298 316 686 
32 250 299 317 687 
33 251 300 318 688 
34 252 301 319 689 
35 253 302 320 690 
36 254 303 321 691 
37 255 304 322 692 
38 256 305 323 693 
39 257 306 324 694 
40 258 307 325 695 
41 259 308 326 696 
42 260 309 327 697 
43 235 310 328 698 
44 236 311 329 699 
45 237 312 330 700 
46 238 287 331 701 
47 239 288 332 702 
32 150 299 322 703 
33 151 300 323 704 
34 152 301 324 705 
35 153 302 325 706 
36 154 303 326 707 
37 155 304 327 708 
38 156 305 328 709 
39 131 306 329 710 
40 132 307 330 711 
41 133 308 331 712 
42 134 309 332 713 
43 135 310 333 714 
44 136 311 334 715 
45 137 312 335 716 
46 138 287 336 717 
47 139 288 337 718 
48 140 289 338 719 
49 141 290 313 720 
50 142 291 314 721 
51 143 292 315 722 
52 144 293 316 723 
27 145 294 317 724 
28 146 295 318 725 
29 147 296 319 726 
30 148 297 320 727 
31 149 298 321 728 
26 178 193 729 
1 179 194 730 
2 180 195 731 
3 181 196 732 
4 182 197 733 
5 157 198 734 
6 158 199 735 
7 159 200 736 
8 160 201 737 
9 161 202 738 
10 162 203 739 
11 163 204 740 
12 164 205 741 
13 165 206 742 
14 166 207 743 
15 167 208 744 
16 168 183 745 
17 169 184 746 
18 170 185 747 
19 171 186 748 
20 172 187 749 
21 173 188 750 
22 174 189 751 
23 175 190 752 
24 176 191 753 
25 177 192 754 
7 47 261 755 
8 48 262 756 
9 49 263 757 
10 50 264 758 
11 51 265 759 
12 52 266 760 
13 27 267 761 
14 28 268 762 
15 29 269 763 
16 30 270 764 
17 31 271 765 
18 32 272 766 
19 33 273 767 
20 34 274 768 
21 35 275 769 
22 36 276 770 
23 37 277 771 
24 38 278 772 
25 39 279 773 
26 40 280 774 
1 41 281 775 
2 42 282 776 
3 43 283 777 
4 44 284 778 
5 45 285 779 
6 46 286 780 
41 114 297 781 
42 115 298 782 
43 116 299 783 
44 117 300 784 
45 118 301 785 
46 119 302 786 
47 120 303 787 
48 121 304 788 
49 122 305 789 
50 123 306 790 
51 124 307 791 
52 125 308 792 
27 126 309 793 
28 127 310 794 
29 128 311 795 
30 129 312 796 
31 130 287 797 
32 105 288 798 
33 106 289 799 
34 107 290 800 
35 108 291 801 
36 109 292 802 
37 110 293 803 
38 111 294 804 
39 112 295 805 
40 113 296 806 
11 227 362 807 
12 228 363 808 
13 229 364 809 
14 230 339 810 
15 231 340 811 
16 232 341 812 
17 233 342 813 
18 234 343 814 
19 209 344 815 
20 210 345 816 
21 211 346 817 
22 212 347 818 
23 213 348 819 
24 214 349 820 
25 215 350 821 
26 216 351 822 
1 217 352 823 
2 218 353 824 
3 219 354 825 
4 220 355 826 
5 221 356 827 
6 222 357 828 
7 223 358 829 
8 224 359 830 
9 225 360 831 
10 226 361 832 
47 75 833 
48 76 834 
49 77 835 
50 78 836 
51 53 837 
52 54 838 
27 55 839 
28 56 840 
29 57 841 
30 58 842 
31 59 843 
32 60 844 
33 61 845 
34 62 846 
35 63 847 
36 64 848 
37 65 849 
38 66 850 
39 67 851 
40 68 852 
41 69 853 
42 70 854 
43 71 855 
44 72 856 
45 73 857 
46 74 858 
1 93 144 859 
2 94 145 860 
3 95 146 861 
4 96 147 862 
5 97 148 863 
6 98 149 864 
7 99 150 865 
8 100 151 866 
9 101 152 867 
10 102 153 868 
11 103 154 869 
12 104 155 870 
13 79 156 871 
14 80 131 872 
15 81 132 873 
16 82 133 874 
17 83 134 875 
18 84 135 876 
19 85 136 877 
20 86 137 878 
21 87 138 879 
22 88 139 880 
23 89 140 881 
24 90 141 882 
25 91 142 883 
26 92 143 884 
36 58 245 885 
37 59 246 886 
38 60 247 887 
39 61 248 888 
40 62 249 889 
41 63 250 890 
42 64 251 891 
43 65 252 892 
44 66 253 893 
45 67 254 894 
46 68 255 895 
47 69 256 896 
48 70 257 897 
49 71 258 898 
50 72 259 899 
51 73 260 900 
52 74 235 901 
27 75 236 902 
28 76 237 903 
29 77 238 904 
30 78 239 905 
31 53 240 906 
32 54 241 907 
33 55 242 908 
34 56 243 909 
35 57 244 910 
16 143 911 
17 144 912 
18 145 913 
19 146 914 
20 147 915 
21 148 916 
22 149 917 
23 150 918 
24 151 919 
25 152 920 
26 153 921 
1 154 922 
2 155 923 
3 156 924 
4 131 925 
5 132 926 
6 133 927 
7 134 928 
8 135 929 
9 136 930 
10 137 931 
11 138 932 
12 139 933 
13 140 934 
14 141 935 
15 142 936 
61 199 336 344 937 
62 200 337 345 938 
63 201 338 346 939 
64 202 313 347 940 
65 203 314 348 941 
66 204 315 349 942 
67 205 316 350 943 
68 206 317 351 944 
69 207 318 352 945 
70 208 319 353 946 
71 183 320 354 947 
72 184 321 355 948 
73 185 322 356 949 
74 186 323 357 950 
75 187 324 358 951 
76 188 325 359 952 
77 189 326 360 953 
78 190 327 361 954 
53 191 328 362 955 
54 192 329 363 956 
55 193 330 364 957 
56 194 331 339 958 
57 195 332 340 959 
58 196 333 341 960 
59 197 334 342 961 
60 198 335 343 962 
13 168 963 
14 169 964 
15 170 965 
16 171 966 
17 172 967 
18 173 968 
19 174 969 
20 175 970 
21 176 971 
22 177 972 
23 178 973 
24 179 974 
25 180 975 
26 181 976 
1 182 977 
2 157 978 
3 158 979 
4 159 980 
5 160 981 
6 161 982 
7 162 983 
8 163 984 
9 164 985 
10 165 986 
11 166 987 
12 167 988 
41 57 151 989 
42 58 152 990 
43 59 153 991 
44 60 154 992 
45 61 155 993 
46 62 156 994 
47 63 131 995 
48 64 132 996 
49 65 133 997 
50 66 134 998 
51 67 135 999 
52 68 136 1000 
27 69 137 1001 
28 70 138 1002 
29 71 139 1003 
30 72 140 1004 
31 73 141 1005 
32 74 142 1006 
33 75 143 1007 
34 76 144 1008 
35 77 145 1009 
36 78 146 1010 
37 53 147 1011 
38 54 148 1012 
39 55 149 1013 
40 56 150 1014 
25 106 1015 
26 107 1016 
1 108 1017 
2 109 1018 
3 110 1019 
4 111 1020 
5 112 1021 
6 113 1022 
7 114 1023 
8 115 1024 
9 116 1025 
10 117 1026 
11 118 1027 
12 119 1028 
13 120 1029 
14 121 1030 
15 122 1031 
16 123 1032 
17 124 1033 
18 125 1034 
19 126 1035 
20 127 1036 
21 128 1037 
22 129 1038 
23 130 1039 
24 105 1040 
71 148 207 241 1041 
72 149 208 242 1042 
73 150 183 243 1043 
74 151 184 244 1044 
75 152 185 245 1045 
76 153 186 246 1046 
77 154 187 247 1047 
78 155 188 248 1048 
53 156 189 249 1049 
54 131 190 250 1050 
55 132 191 251 1051 
56 133 192 252 1052 
57 134 193 253 1053 
58 135 194 254 1054 
59 136 195 255 1055 
60 137 196 256 1056 
61 138 197 257 1057 
62 139 198 258 1058 
63 140 199 259 1059 
64 141 200 260 1060 
65 142 201 235 1061 
66 143 202 236 1062 
67 144 203 237 1063 
68 145 204 238 1064 
69 146 205 239 1065 
70 147 206 240 1066 
38 346 1067 
39 347 1068 
40 348 1069 
41 349 1070 
42 350 1071 
43 351 1072 
44 352 1073 
45 353 1074 
46 354 1075 
47 355 1076 
48 356 1077 
49 357 1078 
50 358 1079 
51 359 1080 
52 360 1081 
27 361 1082 
28 362 1083 
29 363 1084 
30 364 1085 
31 339 1086 
32 340 1087 
33 341 1088 
34 342 1089 
35 343 1090 
36 344 1091 
37 345 1092 
7 131 320 1093 
8 132 321 1094 
9 133 322 1095 
10 134 323 1096 
11 135 324 1097 
12 136 325 1098 
13 137 326 1099 
14 138 327 1100 
15 139 328 1101 
16 140 329 1102 
17 141 330 1103 
18 142 331 1104 
19 143 332 1105 
20 144 333 1106 
21 145 334 1107 
22 146 335 1108 
23 147 336 1109 
24 148 337 1110 
25 149 338 1111 
26 150 313 1112 
1 151 314 1113 
2 152 315 1114 
3 153 316 1115 
4 154 317 1116 
5 155 318 1117 
6 156 319 1118 
60 200 284 1119 
61 201 285 1120 
62 202 286 1121 
63 203 261 1122 
64 204 262 1123 
65 205 263 1124 
66 206 264 1125 
67 207 265 1126 
68 208 266 1127 
69 183 267 1128 
70 184 268 1129 
71 185 269 1130 
72 186 270 1131 
73 187 271 1132 
74 188 272 1133 
75 189 273 1134 
76 190 274 1135 
77 191 275 1136 
78 192 276 1137 
53 193 277 1138 
54 194 278 1139 
55 195 279 1140 
56 196 280 1141 
57 197 281 1142 
58 198 282 1143 
59 199 283 1144 
16 322 350 1145 
17 323 351 1146 
18 324 352 1147 
19 325 353 1148 
20 326 354 1149 
21 327 355 1150 
22 328 356 1151 
23 329 357 1152 
24 330 358 1153 
25 331 359 1154 
26 332 360 1155 
1 333 361 1156 
2 334 362 1157 
3 335 363 1158 
4 336 364 1159 
5 337 339 1160 
6 338 340 1161 
7 313 341 1162 
8 314 342 1163 
9 315 343 1164 
10 316 344 1165 
11 317 345 1166 
12 318 346 1167 
13 319 347 1168 
14 320 348 1169 
15 321 349 1170 
28 142 312 1171 
29 143 287 1172 
30 144 288 1173 
31 145 289 1174 
32 146 290 1175 
33 147 291 1176 
34 148 292 1177 
35 149 293 1178 
36 150 294 1179 
37 151 295 1180 
38 152 296 1181 
39 153 297 1182 
40 154 298 1183 
41 155 299 1184 
42 156 300 1185 
43 131 301 1186 
44 132 302 1187 
45 133 303 1188 
46 134 304 1189 
47 135 305 1190 
48 136 306 1191 
49 137 307 1192 
50 138 308 1193 
51 139 309 1194 
52 140 310 1195 
27 141 311 1196 
16 64 206 1197 
17 65 207 1198 
18 66 208 1199 
19 67 183 1200 
20 68 184 1201 
21 69 185 1202 
22 70 186 1203 
23 71 187 1204 
24 72 188 1205 
25 73 189 1206 
26 74 190 1207 
1 75 191 1208 
2 76 192 1209 
3 77 193 1210 
4 78 194 1211 
5 53 195 1212 
6 54 196 1213 
7 55 197 1214 
8 56 198 1215 
9 57 199 1216 
10 58 200 1217 
11 59 201 1218 
12 60 202 1219 
13 61 203 1220 
14 62 204 1221 
15 63 205 1222 
286 350 1223 
261 351 1224 
262 352 1225 
263 353 1226 
264 354 1227 
265 355 1228 
266 356 1229 
267 357 1230 
268 358 1231 
269 359 1232 
270 360 1233 
271 361 1234 
272 362 1235 
273 363 1236 
274 364 1237 
275 339 1238 
276 340 1239 
277 341 1240 
278 342 1241 
279 343 1242 
280 344 1243 
281 345 1244 
282 346 1245 
283 347 1246 
284 348 1247 
285 349 1248 
28 148 296 1249 
29 149 297 1250 
30 150 298 1251 
31 151 299 1252 
32 152 300 1253 
33 153 301 1254 
34 154 302 1255 
35 155 303 1256 
36 156 304 1257 
37 131 305 1258 
38 132 306 1259 
39 133 307 1260 
40 134 308 1261 
41 135 309 1262 
42 136 310 1263 
43 137 311 1264 
44 138 312 1265 
45 139 287 1266 
46 140 288 1267 
47 141 289 1268 
48 142 290 1269 
49 143 291 1270 
50 144 292 1271 
51 145 293 1272 
52 146 294 1273 
27 147 295 1274 
26 184 330 1275 
1 185 331 1276 
2 186 332 1277 
3 187 333 1278 
4 188 334 1279 
5 189 335 1280 
6 190 336 1281 
7 191 337 1282 
8 192 338 1283 
9 193 313 1284 
10 194 314 1285 
11 195 315 1286 
12 196 316 1287 
13 197 317 1288 
14 198 318 1289 
15 199 319 1290 
16 200 320 1291 
17 201 321 1292 
18 202 322 1293 
19 203 323 1294 
20 204 324 1295 
21 205 325 1296 
22 206 326 1297 
23 207 327 1298 
24 208 328 1299 
25 183 329 1300 
64 268 362 1301 
65 269 363 1302 
66 270 364 1303 
67 271 339 1304 
68 272 340 1305 
69 273 341 1306 
70 274 342 1307 
71 275 343 1308 
72 276 344 1309 
73 277 345 1310 
74 278 346 1311 
75 279 347 1312 
76 280 348 1313 
77 281 349 1314 
78 282 350 1315 
53 283 351 1316 
54 284 352 1317 
55 285 353 1318 
56 286 354 1319 
57 261 355 1320 
58 262 356 1321 
59 263 357 1322 
60 264 358 1323 
61 265 359 1324 
62 266 360 1325 
63 267 361 1326 
36 146 298 1327 
37 147 299 1328 
38 148 300 1329 
39 149 301 1330 
40 150 302 1331 
41 151 303 1332 
42 152 304 1333 
43 153 305 1334 
44 154 306 1335 
45 155 307 1336 
46 156 308 1337 
47 131 309 1338 
48 132 310 1339 
49 133 311 1340 
50 134 312 1341 
51 135 287 1342 
52 136 288 1343 
27 137 289 1344 
28 138 290 1345 
29 139 291 1346 
30 140 292 1347 
31 141 293 1348 
32 142 294 1349 
33 143 295 1350 
34 144 296 1351 
35 145 297 1352 
