1068 766 
20 18 
4 4 4 4 5 5 4 4 4 4 5 4 5 5 5 4 4 4 4 4 4 4 4 5 4 5 4 5 5 5 5 4 4 5 4 4 4 5 4 4 4 4 4 4 4 5 5 4 4 4 5 4 4 4 5 4 4 4 4 5 4 4 5 4 4 4 4 5 4 5 4 4 5 5 5 5 4 4 5 5 4 5 5 4 5 5 4 4 5 4 5 4 4 4 4 5 5 4 5 5 5 4 5 4 4 4 5 4 4 5 5 4 5 4 4 4 4 5 4 4 4 4 4 4 4 5 4 5 5 4 4 5 5 4 4 4 5 5 4 5 5 4 4 5 4 5 5 4 4 4 4 5 4 4 5 5 5 4 5 4 4 4 5 4 4 4 5 4 5 4 5 4 4 5 4 4 5 5 5 4 4 4 5 4 4 4 4 4 4 4 4 4 4 4 4 4 4 4 5 4 4 5 4 4 5 4 4 5 5 4 4 4 4 4 4 4 5 4 4 4 4 5 4 4 4 4 4 4 5 5 5 5 5 4 5 4 5 4 4 4 4 4 5 4 4 4 4 4 4 4 5 5 5 4 5 4 4 4 5 4 5 5 5 5 4 4 4 5 4 4 4 4 4 5 5 4 5 4 4 4 4 4 4 4 4 4 4 5 4 4 5 4 5 4 4 5 5 4 5 4 4 4 4 4 4 4 4 4 4 4 4 4 4 5 4 5 4 4 5 5 4 5 4 5 4 4 4 4 5 5 4 4 5 4 5 5 4 4 4 5 4 4 4 4 4 4 4 5 4 4 4 4 4 5 5 5 5 4 5 5 4 5 4 4 5 4 4 5 5 5 4 4 4 5 5 4 4 4 4 4 4 4 4 5 5 5 5 4 4 4 4 4 4 5 5 4 5 5 4 4 4 4 5 4 4 4 4 4 5 5 4 4 5 5 4 4 5 4 4 5 4 4 4 5 4 4 5 4 4 4 5 5 4 5 4 4 4 4 4 4 4 4 5 5 4 4 5 4 4 4 4 4 5 4 4 5 5 4 4 5 4 4 4 5 4 4 5 4 4 4 4 4 4 4 5 4 4 4 4 4 4 4 4 4 4 5 4 4 4 4 4 4 4 4 4 4 4 4 5 5 4 4 5 4 4 4 4 4 4 4 4 4 4 4 4 4 4 4 4 4 4 4 4 4 4 4 4 4 5 4 4 4 4 4 5 4 4 4 4 4 4 4 4 4 4 4 4 4 5 4 4 4 4 4 4 4 4 4 5 4 4 4 4 5 5 4 4 4 5 4 4 4 4 4 4 4 4 4 4 4 4 4 4 4 4 4 4 5 4 5 4 4 4 4 4 4 4 4 4 4 4 4 4 4 4 4 4 4 4 4 4 4 4 4 4 4 4 4 4 5 4 5 4 4 4 4 4 4 4 4 4 4 4 4 4 4 4 4 4 4 4 4 4 4 4 4 4 4 4 4 4 4 4 4 4 4 4 4 4 4 4 4 4 4 4 4 4 4 4 4 4 4 4 4 4 4 4 4 4 4 4 4 4 4 4 4 4 4 4 4 4 4 4 5 4 4 4 4 4 4 4 4 4 4 4 4 4 4 4 4 4 4 4 5 4 4 4 4 4 4 4 4 4 4 4 4 4 4 4 4 5 5 4 4 4 4 4 4 4 4 4 4 4 4 4 4 4 4 5 4 4 4 4 4 4 4 4 4 4 4 5 4 4 4 4 4 4 4 4 4 4 4 4 4 4 5 4 4 4 4 4 5 4 4 4 4 4 4 4 4 4 4 4 4 4 4 4 4 4 4 4 5 5 5 4 5 4 4 4 4 4 4 4 4 4 5 3 4 5 5 5 6 6 7 7 7 8 9 10 11 12 12 13 14 14 14 15 15 15 15 15 16 17 18 18 19 20 20 20 19 18 17 17 17 16 16 15 15 15 14 13 12 11 10 10 9 8 8 8 7 7 7 7 7 6 5 4 4 3 1 1 1 1 1 1 1 1 1 1 1 1 1 1 1 1 1 1 1 1 1 1 1 1 1 1 1 1 1 1 1 1 1 1 1 1 1 1 1 1 1 1 1 1 1 1 1 1 1 1 1 1 1 1 1 1 1 1 1 1 1 1 1 2 2 2 2 2 2 2 2 2 2 2 2 2 2 2 2 2 2 2 2 2 2 2 2 2 2 2 2 2 2 2 2 2 2 2 2 2 2 2 2 2 2 2 2 2 2 2 2 2 2 2 2 2 2 2 2 2 2 2 2 2 2 2 1 1 1 1 1 1 1 1 1 1 1 1 1 1 1 1 1 1 1 1 1 1 1 1 1 1 1 1 1 1 1 1 1 1 1 1 1 1 1 1 1 1 1 1 1 1 1 1 1 1 1 1 1 1 1 1 1 1 1 1 1 1 1 
6 6 6 6 6 6 6 6 6 6 6 6 6 6 6 6 6 6 6 6 6 6 6 6 6 6 6 6 6 6 6 6 6 6 6 6 6 6 6 6 6 6 6 6 6 6 6 6 6 6 6 6 6 6 6 6 6 6 6 6 6 6 6 6 6 6 6 6 6 6 6 6 6 6 6 6 6 6 6 6 6 6 6 6 6 6 6 6 6 6 6 6 6 6 6 6 6 6 6 6 6 6 6 6 6 6 6 6 6 6 6 6 6 6 6 6 6 6 6 6 6 6 6 6 6 6 6 6 6 6 6 6 6 6 6 6 6 6 6 6 6 6 6 6 6 6 6 6 6 6 6 6 6 6 6 6 6 6 6 6 6 6 6 6 6 6 6 6 6 6 6 6 6 6 6 6 6 6 6 6 6 6 6 6 6 6 6 6 6 6 6 6 6 6 6 6 6 6 6 6 6 6 6 6 6 6 6 6 6 6 6 6 6 6 6 6 6 6 6 6 6 6 6 6 6 6 6 6 6 6 6 6 6 6 6 6 6 6 6 6 6 6 6 6 6 6 6 6 6 6 6 6 6 6 6 6 6 6 6 6 6 6 6 6 6 6 6 6 6 6 6 6 6 6 6 6 6 6 6 6 6 6 6 6 6 6 6 6 6 6 6 6 6 6 6 6 6 6 6 6 6 6 6 6 6 6 6 6 6 6 6 6 6 6 6 6 6 6 6 6 6 6 6 6 6 6 6 6 6 6 6 6 6 6 6 6 6 6 6 6 6 6 6 6 6 6 6 6 6 6 6 6 6 6 6 6 6 6 6 6 6 6 6 6 6 6 6 6 6 6 6 6 6 6 6 6 6 6 6 6 6 6 6 6 6 6 6 6 6 6 6 6 6 6 6 6 6 6 6 6 6 6 6 6 6 6 6 6 6 6 6 6 6 6 6 6 6 6 6 6 6 6 6 6 6 6 6 6 6 6 6 6 6 6 6 6 6 6 6 6 6 6 6 6 6 6 6 6 6 6 6 6 6 6 6 6 6 6 6 6 6 6 6 6 6 6 6 6 6 6 6 6 6 6 6 6 6 6 6 6 6 6 6 6 6 6 6 6 6 6 6 6 6 6 6 6 6 6 6 6 6 6 6 6 6 6 6 6 6 6 6 6 6 6 6 6 6 6 6 6 6 6 6 6 6 6 6 6 6 6 6 6 6 6 6 6 6 6 6 6 6 6 6 6 18 18 18 18 18 18 18 18 18 18 18 18 18 18 18 18 18 18 18 18 18 18 18 18 18 18 18 18 18 18 18 18 18 3 3 3 3 3 3 3 3 3 3 3 3 3 3 3 3 3 3 3 3 3 3 3 3 3 3 3 3 3 3 3 3 3 3 3 3 3 3 3 3 3 3 3 3 3 3 3 3 3 3 3 3 3 3 3 3 3 3 3 3 3 3 3 3 3 3 3 3 3 3 3 3 3 3 3 3 3 3 3 3 3 3 3 3 3 3 3 3 3 3 3 3 3 3 3 3 3 3 3 3 3 3 3 3 3 3 3 3 3 3 3 3 3 3 3 3 3 3 3 3 3 3 3 3 3 3 3 3 3 3 3 3 3 3 3 3 3 3 3 3 3 3 3 3 3 3 3 3 3 3 3 3 3 3 3 3 3 3 3 3 3 3 3 3 3 3 3 3 3 3 3 3 3 3 3 3 3 3 3 3 3 3 3 3 3 3 3 3 3 
1 162 273 494 0 0 0 0 0 0 0 0 0 0 0 0 0 0 0 0 
2 56 274 350 0 0 0 0 0 0 0 0 0 0 0 0 0 0 0 0 
3 167 275 507 0 0 0 0 0 0 0 0 0 0 0 0 0 0 0 0 
4 226 276 296 0 0 0 0 0 0 0 0 0 0 0 0 0 0 0 0 
5 99 277 528 578 0 0 0 0 0 0 0 0 0 0 0 0 0 0 0 
6 172 278 321 579 0 0 0 0 0 0 0 0 0 0 0 0 0 0 0 
7 221 279 285 0 0 0 0 0 0 0 0 0 0 0 0 0 0 0 0 
8 47 280 524 0 0 0 0 0 0 0 0 0 0 0 0 0 0 0 0 
9 272 281 371 0 0 0 0 0 0 0 0 0 0 0 0 0 0 0 0 
10 93 282 400 0 0 0 0 0 0 0 0 0 0 0 0 0 0 0 0 
11 122 283 337 580 0 0 0 0 0 0 0 0 0 0 0 0 0 0 0 
12 258 284 498 0 0 0 0 0 0 0 0 0 0 0 0 0 0 0 0 
13 208 285 503 581 0 0 0 0 0 0 0 0 0 0 0 0 0 0 0 
14 164 286 403 645 0 0 0 0 0 0 0 0 0 0 0 0 0 0 0 
15 242 287 521 582 0 0 0 0 0 0 0 0 0 0 0 0 0 0 0 
16 253 288 486 0 0 0 0 0 0 0 0 0 0 0 0 0 0 0 0 
17 149 289 408 0 0 0 0 0 0 0 0 0 0 0 0 0 0 0 0 
18 200 290 291 0 0 0 0 0 0 0 0 0 0 0 0 0 0 0 0 
19 237 291 439 0 0 0 0 0 0 0 0 0 0 0 0 0 0 0 0 
20 107 284 292 0 0 0 0 0 0 0 0 0 0 0 0 0 0 0 0 
21 262 293 341 0 0 0 0 0 0 0 0 0 0 0 0 0 0 0 0 
22 129 294 356 0 0 0 0 0 0 0 0 0 0 0 0 0 0 0 0 
23 119 295 463 0 0 0 0 0 0 0 0 0 0 0 0 0 0 0 0 
24 80 296 476 583 0 0 0 0 0 0 0 0 0 0 0 0 0 0 0 
23 25 297 436 0 0 0 0 0 0 0 0 0 0 0 0 0 0 0 0 
11 26 298 468 584 0 0 0 0 0 0 0 0 0 0 0 0 0 0 0 
27 210 299 517 0 0 0 0 0 0 0 0 0 0 0 0 0 0 0 0 
28 96 300 478 585 0 0 0 0 0 0 0 0 0 0 0 0 0 0 0 
29 133 301 435 586 0 0 0 0 0 0 0 0 0 0 0 0 0 0 0 
30 271 302 480 673 0 0 0 0 0 0 0 0 0 0 0 0 0 0 0 
31 233 303 313 587 0 0 0 0 0 0 0 0 0 0 0 0 0 0 0 
21 32 304 388 0 0 0 0 0 0 0 0 0 0 0 0 0 0 0 0 
33 52 287 305 0 0 0 0 0 0 0 0 0 0 0 0 0 0 0 0 
34 128 275 306 588 0 0 0 0 0 0 0 0 0 0 0 0 0 0 0 
35 245 307 411 0 0 0 0 0 0 0 0 0 0 0 0 0 0 0 0 
36 150 308 542 0 0 0 0 0 0 0 0 0 0 0 0 0 0 0 0 
28 37 309 326 0 0 0 0 0 0 0 0 0 0 0 0 0 0 0 0 
38 192 310 421 589 0 0 0 0 0 0 0 0 0 0 0 0 0 0 0 
39 196 311 520 0 0 0 0 0 0 0 0 0 0 0 0 0 0 0 0 
27 40 312 419 0 0 0 0 0 0 0 0 0 0 0 0 0 0 0 0 
15 41 277 313 0 0 0 0 0 0 0 0 0 0 0 0 0 0 0 0 
42 49 312 314 0 0 0 0 0 0 0 0 0 0 0 0 0 0 0 0 
13 43 315 377 0 0 0 0 0 0 0 0 0 0 0 0 0 0 0 0 
44 223 316 508 0 0 0 0 0 0 0 0 0 0 0 0 0 0 0 0 
45 211 317 440 0 0 0 0 0 0 0 0 0 0 0 0 0 0 0 0 
46 255 318 354 590 0 0 0 0 0 0 0 0 0 0 0 0 0 0 0 
47 202 319 452 655 0 0 0 0 0 0 0 0 0 0 0 0 0 0 0 
48 90 306 320 0 0 0 0 0 0 0 0 0 0 0 0 0 0 0 0 
49 182 321 372 0 0 0 0 0 0 0 0 0 0 0 0 0 0 0 0 
50 169 322 352 0 0 0 0 0 0 0 0 0 0 0 0 0 0 0 0 
51 197 319 323 591 0 0 0 0 0 0 0 0 0 0 0 0 0 0 0 
52 173 324 437 0 0 0 0 0 0 0 0 0 0 0 0 0 0 0 0 
33 53 325 431 0 0 0 0 0 0 0 0 0 0 0 0 0 0 0 0 
53 54 326 510 0 0 0 0 0 0 0 0 0 0 0 0 0 0 0 0 
55 260 327 370 592 0 0 0 0 0 0 0 0 0 0 0 0 0 0 0 
56 59 325 328 0 0 0 0 0 0 0 0 0 0 0 0 0 0 0 0 
57 66 329 433 0 0 0 0 0 0 0 0 0 0 0 0 0 0 0 0 
58 194 330 344 0 0 0 0 0 0 0 0 0 0 0 0 0 0 0 0 
59 148 331 533 0 0 0 0 0 0 0 0 0 0 0 0 0 0 0 0 
60 191 329 332 593 0 0 0 0 0 0 0 0 0 0 0 0 0 0 0 
61 193 281 333 0 0 0 0 0 0 0 0 0 0 0 0 0 0 0 0 
62 114 301 334 0 0 0 0 0 0 0 0 0 0 0 0 0 0 0 0 
63 218 335 446 594 0 0 0 0 0 0 0 0 0 0 0 0 0 0 0 
64 250 298 336 0 0 0 0 0 0 0 0 0 0 0 0 0 0 0 0 
65 246 305 337 0 0 0 0 0 0 0 0 0 0 0 0 0 0 0 0 
66 185 314 338 0 0 0 0 0 0 0 0 0 0 0 0 0 0 0 0 
67 124 294 339 0 0 0 0 0 0 0 0 0 0 0 0 0 0 0 0 
3 68 340 361 595 0 0 0 0 0 0 0 0 0 0 0 0 0 0 0 
69 110 341 462 0 0 0 0 0 0 0 0 0 0 0 0 0 0 0 0 
57 70 342 540 596 0 0 0 0 0 0 0 0 0 0 0 0 0 0 0 
32 71 343 499 0 0 0 0 0 0 0 0 0 0 0 0 0 0 0 0 
72 130 344 466 0 0 0 0 0 0 0 0 0 0 0 0 0 0 0 0 
73 101 310 345 597 0 0 0 0 0 0 0 0 0 0 0 0 0 0 0 
43 74 338 346 598 0 0 0 0 0 0 0 0 0 0 0 0 0 0 0 
75 83 347 428 599 0 0 0 0 0 0 0 0 0 0 0 0 0 0 0 
44 76 348 477 600 0 0 0 0 0 0 0 0 0 0 0 0 0 0 0 
30 77 349 413 0 0 0 0 0 0 0 0 0 0 0 0 0 0 0 0 
18 78 346 350 0 0 0 0 0 0 0 0 0 0 0 0 0 0 0 0 
79 138 351 509 601 0 0 0 0 0 0 0 0 0 0 0 0 0 0 0 
80 216 352 511 602 0 0 0 0 0 0 0 0 0 0 0 0 0 0 0 
81 187 353 416 0 0 0 0 0 0 0 0 0 0 0 0 0 0 0 0 
70 82 280 354 603 0 0 0 0 0 0 0 0 0 0 0 0 0 0 0 
83 117 355 402 604 0 0 0 0 0 0 0 0 0 0 0 0 0 0 0 
84 225 307 356 0 0 0 0 0 0 0 0 0 0 0 0 0 0 0 0 
85 118 357 518 605 0 0 0 0 0 0 0 0 0 0 0 0 0 0 0 
86 105 358 496 606 0 0 0 0 0 0 0 0 0 0 0 0 0 0 0 
7 87 359 363 0 0 0 0 0 0 0 0 0 0 0 0 0 0 0 0 
88 179 360 405 0 0 0 0 0 0 0 0 0 0 0 0 0 0 0 0 
36 89 299 361 607 0 0 0 0 0 0 0 0 0 0 0 0 0 0 0 
90 159 348 362 0 0 0 0 0 0 0 0 0 0 0 0 0 0 0 0 
91 106 363 460 608 0 0 0 0 0 0 0 0 0 0 0 0 0 0 0 
92 234 311 364 0 0 0 0 0 0 0 0 0 0 0 0 0 0 0 0 
9 93 365 376 0 0 0 0 0 0 0 0 0 0 0 0 0 0 0 0 
60 94 366 367 0 0 0 0 0 0 0 0 0 0 0 0 0 0 0 0 
95 213 333 367 0 0 0 0 0 0 0 0 0 0 0 0 0 0 0 0 
96 259 368 398 701 0 0 0 0 0 0 0 0 0 0 0 0 0 0 0 
97 248 369 397 609 0 0 0 0 0 0 0 0 0 0 0 0 0 0 0 
72 98 357 370 0 0 0 0 0 0 0 0 0 0 0 0 0 0 0 0 
99 263 371 474 610 0 0 0 0 0 0 0 0 0 0 0 0 0 0 0 
89 100 317 372 648 0 0 0 0 0 0 0 0 0 0 0 0 0 0 0 
101 127 351 373 611 0 0 0 0 0 0 0 0 0 0 0 0 0 0 0 
20 102 374 438 0 0 0 0 0 0 0 0 0 0 0 0 0 0 0 0 
103 227 375 504 612 0 0 0 0 0 0 0 0 0 0 0 0 0 0 0 
104 231 376 385 0 0 0 0 0 0 0 0 0 0 0 0 0 0 0 0 
68 105 377 488 0 0 0 0 0 0 0 0 0 0 0 0 0 0 0 0 
40 106 378 393 0 0 0 0 0 0 0 0 0 0 0 0 0 0 0 0 
5 107 315 379 613 0 0 0 0 0 0 0 0 0 0 0 0 0 0 0 
95 108 360 380 0 0 0 0 0 0 0 0 0 0 0 0 0 0 0 0 
63 109 381 457 0 0 0 0 0 0 0 0 0 0 0 0 0 0 0 0 
110 145 382 543 614 0 0 0 0 0 0 0 0 0 0 0 0 0 0 0 
41 111 322 383 615 0 0 0 0 0 0 0 0 0 0 0 0 0 0 0 
112 249 330 384 0 0 0 0 0 0 0 0 0 0 0 0 0 0 0 0 
113 207 276 385 687 0 0 0 0 0 0 0 0 0 0 0 0 0 0 0 
114 156 386 450 0 0 0 0 0 0 0 0 0 0 0 0 0 0 0 0 
115 198 365 387 0 0 0 0 0 0 0 0 0 0 0 0 0 0 0 0 
64 116 388 526 0 0 0 0 0 0 0 0 0 0 0 0 0 0 0 0 
117 266 389 406 0 0 0 0 0 0 0 0 0 0 0 0 0 0 0 0 
118 204 390 443 670 0 0 0 0 0 0 0 0 0 0 0 0 0 0 0 
119 239 390 391 0 0 0 0 0 0 0 0 0 0 0 0 0 0 0 0 
26 120 392 425 0 0 0 0 0 0 0 0 0 0 0 0 0 0 0 0 
98 121 393 502 0 0 0 0 0 0 0 0 0 0 0 0 0 0 0 0 
79 122 297 394 0 0 0 0 0 0 0 0 0 0 0 0 0 0 0 0 
123 257 395 458 0 0 0 0 0 0 0 0 0 0 0 0 0 0 0 0 
111 124 328 396 0 0 0 0 0 0 0 0 0 0 0 0 0 0 0 0 
125 136 389 397 0 0 0 0 0 0 0 0 0 0 0 0 0 0 0 0 
126 188 398 512 616 0 0 0 0 0 0 0 0 0 0 0 0 0 0 0 
91 127 399 451 0 0 0 0 0 0 0 0 0 0 0 0 0 0 0 0 
112 128 400 501 617 0 0 0 0 0 0 0 0 0 0 0 0 0 0 0 
129 268 308 401 618 0 0 0 0 0 0 0 0 0 0 0 0 0 0 0 
81 130 383 402 0 0 0 0 0 0 0 0 0 0 0 0 0 0 0 0 
131 195 403 538 0 0 0 0 0 0 0 0 0 0 0 0 0 0 0 0 
123 132 382 404 619 0 0 0 0 0 0 0 0 0 0 0 0 0 0 0 
102 133 405 530 620 0 0 0 0 0 0 0 0 0 0 0 0 0 0 0 
134 154 406 492 0 0 0 0 0 0 0 0 0 0 0 0 0 0 0 0 
78 135 407 481 0 0 0 0 0 0 0 0 0 0 0 0 0 0 0 0 
136 165 408 469 0 0 0 0 0 0 0 0 0 0 0 0 0 0 0 0 
137 184 342 409 621 0 0 0 0 0 0 0 0 0 0 0 0 0 0 0 
85 138 410 516 622 0 0 0 0 0 0 0 0 0 0 0 0 0 0 0 
139 264 411 544 0 0 0 0 0 0 0 0 0 0 0 0 0 0 0 0 
140 244 412 515 623 0 0 0 0 0 0 0 0 0 0 0 0 0 0 0 
141 228 413 506 624 0 0 0 0 0 0 0 0 0 0 0 0 0 0 0 
25 142 318 414 0 0 0 0 0 0 0 0 0 0 0 0 0 0 0 0 
143 220 289 415 0 0 0 0 0 0 0 0 0 0 0 0 0 0 0 0 
144 163 416 514 680 0 0 0 0 0 0 0 0 0 0 0 0 0 0 0 
145 176 417 475 0 0 0 0 0 0 0 0 0 0 0 0 0 0 0 0 
146 147 378 418 625 0 0 0 0 0 0 0 0 0 0 0 0 0 0 0 
147 224 419 484 626 0 0 0 0 0 0 0 0 0 0 0 0 0 0 0 
148 170 339 420 0 0 0 0 0 0 0 0 0 0 0 0 0 0 0 0 
84 149 421 534 0 0 0 0 0 0 0 0 0 0 0 0 0 0 0 0 
150 189 332 422 0 0 0 0 0 0 0 0 0 0 0 0 0 0 0 0 
151 201 423 470 0 0 0 0 0 0 0 0 0 0 0 0 0 0 0 0 
152 177 424 479 627 0 0 0 0 0 0 0 0 0 0 0 0 0 0 0 
4 153 355 425 0 0 0 0 0 0 0 0 0 0 0 0 0 0 0 0 
154 180 391 426 0 0 0 0 0 0 0 0 0 0 0 0 0 0 0 0 
22 155 427 535 628 0 0 0 0 0 0 0 0 0 0 0 0 0 0 0 
132 156 428 448 647 0 0 0 0 0 0 0 0 0 0 0 0 0 0 0 
109 157 347 429 629 0 0 0 0 0 0 0 0 0 0 0 0 0 0 0 
108 158 427 430 0 0 0 0 0 0 0 0 0 0 0 0 0 0 0 0 
159 241 412 431 672 0 0 0 0 0 0 0 0 0 0 0 0 0 0 0 
103 160 381 432 0 0 0 0 0 0 0 0 0 0 0 0 0 0 0 0 
161 186 433 531 0 0 0 0 0 0 0 0 0 0 0 0 0 0 0 0 
160 162 404 434 0 0 0 0 0 0 0 0 0 0 0 0 0 0 0 0 
163 235 435 472 669 0 0 0 0 0 0 0 0 0 0 0 0 0 0 0 
29 164 436 505 0 0 0 0 0 0 0 0 0 0 0 0 0 0 0 0 
51 165 362 437 0 0 0 0 0 0 0 0 0 0 0 0 0 0 0 0 
42 166 415 438 0 0 0 0 0 0 0 0 0 0 0 0 0 0 0 0 
167 181 429 439 630 0 0 0 0 0 0 0 0 0 0 0 0 0 0 0 
168 251 414 440 0 0 0 0 0 0 0 0 0 0 0 0 0 0 0 0 
131 169 380 441 631 0 0 0 0 0 0 0 0 0 0 0 0 0 0 0 
168 170 430 442 0 0 0 0 0 0 0 0 0 0 0 0 0 0 0 0 
171 222 386 443 632 0 0 0 0 0 0 0 0 0 0 0 0 0 0 0 
82 172 345 444 0 0 0 0 0 0 0 0 0 0 0 0 0 0 0 0 
173 209 445 467 0 0 0 0 0 0 0 0 0 0 0 0 0 0 0 0 
158 174 407 446 633 0 0 0 0 0 0 0 0 0 0 0 0 0 0 0 
175 267 304 447 0 0 0 0 0 0 0 0 0 0 0 0 0 0 0 0 
116 176 418 448 0 0 0 0 0 0 0 0 0 0 0 0 0 0 0 0 
55 177 449 497 677 0 0 0 0 0 0 0 0 0 0 0 0 0 0 0 
178 217 450 536 634 0 0 0 0 0 0 0 0 0 0 0 0 0 0 0 
31 179 451 461 684 0 0 0 0 0 0 0 0 0 0 0 0 0 0 0 
142 180 452 485 0 0 0 0 0 0 0 0 0 0 0 0 0 0 0 0 
140 181 302 453 0 0 0 0 0 0 0 0 0 0 0 0 0 0 0 0 
182 238 396 454 0 0 0 0 0 0 0 0 0 0 0 0 0 0 0 0 
62 183 426 455 650 0 0 0 0 0 0 0 0 0 0 0 0 0 0 0 
143 184 379 456 0 0 0 0 0 0 0 0 0 0 0 0 0 0 0 0 
146 185 457 519 0 0 0 0 0 0 0 0 0 0 0 0 0 0 0 0 
76 186 422 458 0 0 0 0 0 0 0 0 0 0 0 0 0 0 0 0 
16 187 290 459 0 0 0 0 0 0 0 0 0 0 0 0 0 0 0 0 
2 188 309 460 0 0 0 0 0 0 0 0 0 0 0 0 0 0 0 0 
189 206 303 461 0 0 0 0 0 0 0 0 0 0 0 0 0 0 0 0 
190 269 434 462 0 0 0 0 0 0 0 0 0 0 0 0 0 0 0 0 
100 191 420 463 0 0 0 0 0 0 0 0 0 0 0 0 0 0 0 0 
126 192 288 464 0 0 0 0 0 0 0 0 0 0 0 0 0 0 0 0 
155 193 283 465 0 0 0 0 0 0 0 0 0 0 0 0 0 0 0 0 
71 194 359 466 0 0 0 0 0 0 0 0 0 0 0 0 0 0 0 0 
151 195 467 539 0 0 0 0 0 0 0 0 0 0 0 0 0 0 0 0 
196 229 373 468 0 0 0 0 0 0 0 0 0 0 0 0 0 0 0 0 
113 197 469 490 0 0 0 0 0 0 0 0 0 0 0 0 0 0 0 0 
67 198 441 470 0 0 0 0 0 0 0 0 0 0 0 0 0 0 0 0 
190 199 471 522 635 0 0 0 0 0 0 0 0 0 0 0 0 0 0 0 
200 261 334 472 0 0 0 0 0 0 0 0 0 0 0 0 0 0 0 0 
201 265 320 473 0 0 0 0 0 0 0 0 0 0 0 0 0 0 0 0 
139 202 364 474 689 0 0 0 0 0 0 0 0 0 0 0 0 0 0 0 
65 203 409 475 0 0 0 0 0 0 0 0 0 0 0 0 0 0 0 0 
199 204 476 523 0 0 0 0 0 0 0 0 0 0 0 0 0 0 0 0 
50 205 477 487 636 0 0 0 0 0 0 0 0 0 0 0 0 0 0 0 
61 206 454 478 0 0 0 0 0 0 0 0 0 0 0 0 0 0 0 0 
46 207 384 479 0 0 0 0 0 0 0 0 0 0 0 0 0 0 0 0 
121 208 449 480 637 0 0 0 0 0 0 0 0 0 0 0 0 0 0 0 
19 209 444 481 638 0 0 0 0 0 0 0 0 0 0 0 0 0 0 0 
86 210 300 482 0 0 0 0 0 0 0 0 0 0 0 0 0 0 0 0 
12 211 394 483 0 0 0 0 0 0 0 0 0 0 0 0 0 0 0 0 
171 212 482 484 0 0 0 0 0 0 0 0 0 0 0 0 0 0 0 0 
54 213 445 485 0 0 0 0 0 0 0 0 0 0 0 0 0 0 0 0 
77 214 278 486 0 0 0 0 0 0 0 0 0 0 0 0 0 0 0 0 
58 215 331 487 0 0 0 0 0 0 0 0 0 0 0 0 0 0 0 0 
216 230 410 488 0 0 0 0 0 0 0 0 0 0 0 0 0 0 0 0 
174 217 442 489 639 0 0 0 0 0 0 0 0 0 0 0 0 0 0 0 
87 218 353 490 0 0 0 0 0 0 0 0 0 0 0 0 0 0 0 0 
219 236 456 491 0 0 0 0 0 0 0 0 0 0 0 0 0 0 0 0 
120 220 473 492 0 0 0 0 0 0 0 0 0 0 0 0 0 0 0 0 
74 221 493 527 0 0 0 0 0 0 0 0 0 0 0 0 0 0 0 0 
73 222 327 494 692 0 0 0 0 0 0 0 0 0 0 0 0 0 0 0 
223 256 493 495 0 0 0 0 0 0 0 0 0 0 0 0 0 0 0 0 
224 252 496 537 0 0 0 0 0 0 0 0 0 0 0 0 0 0 0 0 
152 225 392 497 0 0 0 0 0 0 0 0 0 0 0 0 0 0 0 0 
141 226 489 498 0 0 0 0 0 0 0 0 0 0 0 0 0 0 0 0 
205 227 358 499 0 0 0 0 0 0 0 0 0 0 0 0 0 0 0 0 
10 228 343 500 0 0 0 0 0 0 0 0 0 0 0 0 0 0 0 0 
229 232 369 501 640 0 0 0 0 0 0 0 0 0 0 0 0 0 0 0 
134 230 324 502 704 0 0 0 0 0 0 0 0 0 0 0 0 0 0 0 
6 231 423 503 705 0 0 0 0 0 0 0 0 0 0 0 0 0 0 0 
219 232 417 504 706 0 0 0 0 0 0 0 0 0 0 0 0 0 0 0 
24 233 424 505 707 0 0 0 0 0 0 0 0 0 0 0 0 0 0 0 
75 234 279 506 0 0 0 0 0 0 0 0 0 0 0 0 0 0 0 0 
157 235 395 507 695 0 0 0 0 0 0 0 0 0 0 0 0 0 0 0 
92 236 368 508 0 0 0 0 0 0 0 0 0 0 0 0 0 0 0 0 
161 237 471 509 657 0 0 0 0 0 0 0 0 0 0 0 0 0 0 0 
238 240 510 525 0 0 0 0 0 0 0 0 0 0 0 0 0 0 0 0 
215 239 274 511 0 0 0 0 0 0 0 0 0 0 0 0 0 0 0 0 
178 240 349 512 0 0 0 0 0 0 0 0 0 0 0 0 0 0 0 0 
38 241 282 513 0 0 0 0 0 0 0 0 0 0 0 0 0 0 0 0 
242 247 401 514 0 0 0 0 0 0 0 0 0 0 0 0 0 0 0 0 
88 243 295 515 708 0 0 0 0 0 0 0 0 0 0 0 0 0 0 0 
104 244 464 516 0 0 0 0 0 0 0 0 0 0 0 0 0 0 0 0 
45 245 447 517 0 0 0 0 0 0 0 0 0 0 0 0 0 0 0 0 
153 246 366 518 0 0 0 0 0 0 0 0 0 0 0 0 0 0 0 0 
48 247 323 519 0 0 0 0 0 0 0 0 0 0 0 0 0 0 0 0 
248 254 293 520 0 0 0 0 0 0 0 0 0 0 0 0 0 0 0 0 
249 270 483 521 0 0 0 0 0 0 0 0 0 0 0 0 0 0 0 0 
34 250 522 529 0 0 0 0 0 0 0 0 0 0 0 0 0 0 0 0 
97 251 513 523 709 0 0 0 0 0 0 0 0 0 0 0 0 0 0 0 
39 252 432 524 644 0 0 0 0 0 0 0 0 0 0 0 0 0 0 0 
125 253 286 525 710 0 0 0 0 0 0 0 0 0 0 0 0 0 0 0 
94 254 491 526 0 0 0 0 0 0 0 0 0 0 0 0 0 0 0 0 
35 255 399 527 693 0 0 0 0 0 0 0 0 0 0 0 0 0 0 0 
8 256 453 528 0 0 0 0 0 0 0 0 0 0 0 0 0 0 0 0 
243 257 455 529 0 0 0 0 0 0 0 0 0 0 0 0 0 0 0 0 
1 258 530 532 0 0 0 0 0 0 0 0 0 0 0 0 0 0 0 0 
37 259 500 531 711 0 0 0 0 0 0 0 0 0 0 0 0 0 0 0 
203 260 532 541 0 0 0 0 0 0 0 0 0 0 0 0 0 0 0 0 
144 261 292 533 712 0 0 0 0 0 0 0 0 0 0 0 0 0 0 0 
17 262 340 534 713 0 0 0 0 0 0 0 0 0 0 0 0 0 0 0 
175 263 375 535 714 0 0 0 0 0 0 0 0 0 0 0 0 0 0 0 
166 264 459 536 663 0 0 0 0 0 0 0 0 0 0 0 0 0 0 0 
137 265 374 537 0 0 0 0 0 0 0 0 0 0 0 0 0 0 0 0 
115 266 273 538 0 0 0 0 0 0 0 0 0 0 0 0 0 0 0 0 
14 267 316 539 0 0 0 0 0 0 0 0 0 0 0 0 0 0 0 0 
69 268 336 540 715 0 0 0 0 0 0 0 0 0 0 0 0 0 0 0 
135 269 495 541 0 0 0 0 0 0 0 0 0 0 0 0 0 0 0 0 
214 270 335 542 0 0 0 0 0 0 0 0 0 0 0 0 0 0 0 0 
212 271 465 543 0 0 0 0 0 0 0 0 0 0 0 0 0 0 0 0 
183 272 387 544 0 0 0 0 0 0 0 0 0 0 0 0 0 0 0 0 
118 184 198 340 0 0 0 0 0 0 0 0 0 0 0 0 0 0 0 0 
59 239 412 455 716 0 0 0 0 0 0 0 0 0 0 0 0 0 0 0 
5 135 339 538 717 0 0 0 0 0 0 0 0 0 0 0 0 0 0 0 
82 95 270 474 0 0 0 0 0 0 0 0 0 0 0 0 0 0 0 0 
64 159 254 268 718 0 0 0 0 0 0 0 0 0 0 0 0 0 0 0 
87 238 280 449 0 0 0 0 0 0 0 0 0 0 0 0 0 0 0 0 
12 179 192 340 0 0 0 0 0 0 0 0 0 0 0 0 0 0 0 0 
281 337 428 496 0 0 0 0 0 0 0 0 0 0 0 0 0 0 0 0 
375 390 484 542 0 0 0 0 0 0 0 0 0 0 0 0 0 0 0 0 
126 190 206 392 0 0 0 0 0 0 0 0 0 0 0 0 0 0 0 0 
31 193 524 531 0 0 0 0 0 0 0 0 0 0 0 0 0 0 0 0 
55 271 276 415 0 0 0 0 0 0 0 0 0 0 0 0 0 0 0 0 
49 494 497 533 0 0 0 0 0 0 0 0 0 0 0 0 0 0 0 0 
74 418 421 490 0 0 0 0 0 0 0 0 0 0 0 0 0 0 0 0 
152 181 203 419 0 0 0 0 0 0 0 0 0 0 0 0 0 0 0 0 
295 320 446 540 719 0 0 0 0 0 0 0 0 0 0 0 0 0 0 0 
51 76 432 473 0 0 0 0 0 0 0 0 0 0 0 0 0 0 0 0 
124 136 206 494 0 0 0 0 0 0 0 0 0 0 0 0 0 0 0 0 
156 171 221 275 720 0 0 0 0 0 0 0 0 0 0 0 0 0 0 0 
100 174 346 509 0 0 0 0 0 0 0 0 0 0 0 0 0 0 0 0 
6 85 334 369 721 0 0 0 0 0 0 0 0 0 0 0 0 0 0 0 
20 66 129 352 0 0 0 0 0 0 0 0 0 0 0 0 0 0 0 0 
69 179 210 349 0 0 0 0 0 0 0 0 0 0 0 0 0 0 0 0 
105 113 217 391 722 0 0 0 0 0 0 0 0 0 0 0 0 0 0 0 
22 50 306 455 652 0 0 0 0 0 0 0 0 0 0 0 0 0 0 0 
153 288 398 481 0 0 0 0 0 0 0 0 0 0 0 0 0 0 0 0 
9 238 333 475 699 0 0 0 0 0 0 0 0 0 0 0 0 0 0 0 
22 257 430 512 0 0 0 0 0 0 0 0 0 0 0 0 0 0 0 0 
61 187 286 468 0 0 0 0 0 0 0 0 0 0 0 0 0 0 0 0 
26 35 280 372 0 0 0 0 0 0 0 0 0 0 0 0 0 0 0 0 
18 181 332 482 0 0 0 0 0 0 0 0 0 0 0 0 0 0 0 0 
242 261 306 483 0 0 0 0 0 0 0 0 0 0 0 0 0 0 0 0 
434 435 486 520 0 0 0 0 0 0 0 0 0 0 0 0 0 0 0 0 
25 276 317 329 0 0 0 0 0 0 0 0 0 0 0 0 0 0 0 0 
26 27 175 355 0 0 0 0 0 0 0 0 0 0 0 0 0 0 0 0 
48 201 236 500 0 0 0 0 0 0 0 0 0 0 0 0 0 0 0 0 
58 178 256 398 0 0 0 0 0 0 0 0 0 0 0 0 0 0 0 0 
39 364 368 538 0 0 0 0 0 0 0 0 0 0 0 0 0 0 0 0 
31 152 331 379 0 0 0 0 0 0 0 0 0 0 0 0 0 0 0 0 
13 191 397 451 0 0 0 0 0 0 0 0 0 0 0 0 0 0 0 0 
10 20 118 430 0 0 0 0 0 0 0 0 0 0 0 0 0 0 0 0 
17 33 132 359 723 0 0 0 0 0 0 0 0 0 0 0 0 0 0 0 
126 183 250 425 0 0 0 0 0 0 0 0 0 0 0 0 0 0 0 0 
107 479 508 512 724 0 0 0 0 0 0 0 0 0 0 0 0 0 0 0 
208 231 441 520 0 0 0 0 0 0 0 0 0 0 0 0 0 0 0 0 
66 132 327 342 0 0 0 0 0 0 0 0 0 0 0 0 0 0 0 0 
285 400 412 473 725 0 0 0 0 0 0 0 0 0 0 0 0 0 0 0 
283 288 373 403 649 0 0 0 0 0 0 0 0 0 0 0 0 0 0 0 
190 262 278 542 0 0 0 0 0 0 0 0 0 0 0 0 0 0 0 0 
44 138 155 436 683 0 0 0 0 0 0 0 0 0 0 0 0 0 0 0 
170 366 385 447 0 0 0 0 0 0 0 0 0 0 0 0 0 0 0 0 
3 18 65 362 726 0 0 0 0 0 0 0 0 0 0 0 0 0 0 0 
22 157 223 386 0 0 0 0 0 0 0 0 0 0 0 0 0 0 0 0 
110 180 351 448 0 0 0 0 0 0 0 0 0 0 0 0 0 0 0 0 
25 125 174 399 0 0 0 0 0 0 0 0 0 0 0 0 0 0 0 0 
146 182 269 477 0 0 0 0 0 0 0 0 0 0 0 0 0 0 0 0 
37 98 265 384 727 0 0 0 0 0 0 0 0 0 0 0 0 0 0 0 
359 405 505 516 690 0 0 0 0 0 0 0 0 0 0 0 0 0 0 0 
37 147 182 294 0 0 0 0 0 0 0 0 0 0 0 0 0 0 0 0 
385 442 443 502 0 0 0 0 0 0 0 0 0 0 0 0 0 0 0 0 
227 248 385 535 728 0 0 0 0 0 0 0 0 0 0 0 0 0 0 0 
53 84 461 514 0 0 0 0 0 0 0 0 0 0 0 0 0 0 0 0 
133 199 223 321 729 0 0 0 0 0 0 0 0 0 0 0 0 0 0 0 
120 227 279 477 730 0 0 0 0 0 0 0 0 0 0 0 0 0 0 0 
78 234 293 357 0 0 0 0 0 0 0 0 0 0 0 0 0 0 0 0 
39 227 304 343 0 0 0 0 0 0 0 0 0 0 0 0 0 0 0 0 
129 162 235 467 0 0 0 0 0 0 0 0 0 0 0 0 0 0 0 0 
81 329 346 544 731 0 0 0 0 0 0 0 0 0 0 0 0 0 0 0 
30 125 155 264 0 0 0 0 0 0 0 0 0 0 0 0 0 0 0 0 
74 285 491 496 0 0 0 0 0 0 0 0 0 0 0 0 0 0 0 0 
12 251 471 530 0 0 0 0 0 0 0 0 0 0 0 0 0 0 0 0 
132 145 152 173 0 0 0 0 0 0 0 0 0 0 0 0 0 0 0 0 
104 303 405 513 0 0 0 0 0 0 0 0 0 0 0 0 0 0 0 0 
52 231 435 443 0 0 0 0 0 0 0 0 0 0 0 0 0 0 0 0 
82 99 141 256 0 0 0 0 0 0 0 0 0 0 0 0 0 0 0 0 
63 80 408 533 732 0 0 0 0 0 0 0 0 0 0 0 0 0 0 0 
224 366 375 505 0 0 0 0 0 0 0 0 0 0 0 0 0 0 0 0 
10 11 117 376 0 0 0 0 0 0 0 0 0 0 0 0 0 0 0 0 
237 267 343 484 0 0 0 0 0 0 0 0 0 0 0 0 0 0 0 0 
87 103 158 220 0 0 0 0 0 0 0 0 0 0 0 0 0 0 0 0 
49 165 252 266 0 0 0 0 0 0 0 0 0 0 0 0 0 0 0 0 
107 248 312 415 733 0 0 0 0 0 0 0 0 0 0 0 0 0 0 0 
148 173 225 456 734 0 0 0 0 0 0 0 0 0 0 0 0 0 0 0 
292 377 407 436 735 0 0 0 0 0 0 0 0 0 0 0 0 0 0 0 
13 215 354 489 641 0 0 0 0 0 0 0 0 0 0 0 0 0 0 0 
77 294 324 485 0 0 0 0 0 0 0 0 0 0 0 0 0 0 0 0 
38 45 99 216 736 0 0 0 0 0 0 0 0 0 0 0 0 0 0 0 
67 316 400 525 661 0 0 0 0 0 0 0 0 0 0 0 0 0 0 0 
114 293 439 480 0 0 0 0 0 0 0 0 0 0 0 0 0 0 0 0 
69 195 382 407 737 0 0 0 0 0 0 0 0 0 0 0 0 0 0 0 
157 295 479 511 0 0 0 0 0 0 0 0 0 0 0 0 0 0 0 0 
161 428 497 541 0 0 0 0 0 0 0 0 0 0 0 0 0 0 0 0 
119 270 307 373 658 0 0 0 0 0 0 0 0 0 0 0 0 0 0 0 
164 168 428 478 0 0 0 0 0 0 0 0 0 0 0 0 0 0 0 0 
221 237 278 368 0 0 0 0 0 0 0 0 0 0 0 0 0 0 0 0 
88 113 193 529 685 0 0 0 0 0 0 0 0 0 0 0 0 0 0 0 
193 203 277 383 738 0 0 0 0 0 0 0 0 0 0 0 0 0 0 0 
135 445 465 498 739 0 0 0 0 0 0 0 0 0 0 0 0 0 0 0 
68 87 469 527 0 0 0 0 0 0 0 0 0 0 0 0 0 0 0 0 
102 228 318 432 0 0 0 0 0 0 0 0 0 0 0 0 0 0 0 0 
91 236 389 540 0 0 0 0 0 0 0 0 0 0 0 0 0 0 0 0 
100 167 504 541 740 0 0 0 0 0 0 0 0 0 0 0 0 0 0 0 
67 250 370 460 741 0 0 0 0 0 0 0 0 0 0 0 0 0 0 0 
60 93 98 143 0 0 0 0 0 0 0 0 0 0 0 0 0 0 0 0 
46 64 202 539 0 0 0 0 0 0 0 0 0 0 0 0 0 0 0 0 
12 79 205 329 0 0 0 0 0 0 0 0 0 0 0 0 0 0 0 0 
131 158 184 465 0 0 0 0 0 0 0 0 0 0 0 0 0 0 0 0 
22 291 417 498 0 0 0 0 0 0 0 0 0 0 0 0 0 0 0 0 
204 217 336 388 0 0 0 0 0 0 0 0 0 0 0 0 0 0 0 0 
121 154 408 489 0 0 0 0 0 0 0 0 0 0 0 0 0 0 0 0 
106 112 515 519 0 0 0 0 0 0 0 0 0 0 0 0 0 0 0 0 
109 263 441 495 742 0 0 0 0 0 0 0 0 0 0 0 0 0 0 0 
19 189 424 513 743 0 0 0 0 0 0 0 0 0 0 0 0 0 0 0 
194 259 283 427 744 0 0 0 0 0 0 0 0 0 0 0 0 0 0 0 
153 308 328 409 745 0 0 0 0 0 0 0 0 0 0 0 0 0 0 0 
243 373 522 534 0 0 0 0 0 0 0 0 0 0 0 0 0 0 0 0 
27 34 262 366 0 0 0 0 0 0 0 0 0 0 0 0 0 0 0 0 
78 187 343 415 0 0 0 0 0 0 0 0 0 0 0 0 0 0 0 0 
6 56 352 371 0 0 0 0 0 0 0 0 0 0 0 0 0 0 0 0 
144 199 267 325 0 0 0 0 0 0 0 0 0 0 0 0 0 0 0 0 
261 265 482 530 0 0 0 0 0 0 0 0 0 0 0 0 0 0 0 0 
20 116 172 296 746 0 0 0 0 0 0 0 0 0 0 0 0 0 0 0 
93 159 326 356 747 0 0 0 0 0 0 0 0 0 0 0 0 0 0 0 
15 260 305 383 0 0 0 0 0 0 0 0 0 0 0 0 0 0 0 0 
95 188 452 544 678 0 0 0 0 0 0 0 0 0 0 0 0 0 0 0 
92 325 520 535 748 0 0 0 0 0 0 0 0 0 0 0 0 0 0 0 
2 27 341 424 0 0 0 0 0 0 0 0 0 0 0 0 0 0 0 0 
24 106 187 372 0 0 0 0 0 0 0 0 0 0 0 0 0 0 0 0 
128 253 467 534 0 0 0 0 0 0 0 0 0 0 0 0 0 0 0 0 
72 338 430 543 0 0 0 0 0 0 0 0 0 0 0 0 0 0 0 0 
127 264 324 509 749 0 0 0 0 0 0 0 0 0 0 0 0 0 0 0 
164 225 247 375 0 0 0 0 0 0 0 0 0 0 0 0 0 0 0 0 
70 506 516 528 0 0 0 0 0 0 0 0 0 0 0 0 0 0 0 0 
156 320 365 421 0 0 0 0 0 0 0 0 0 0 0 0 0 0 0 0 
255 290 338 525 0 0 0 0 0 0 0 0 0 0 0 0 0 0 0 0 
34 117 161 523 0 0 0 0 0 0 0 0 0 0 0 0 0 0 0 0 
154 233 429 518 750 0 0 0 0 0 0 0 0 0 0 0 0 0 0 0 
108 200 401 515 751 0 0 0 0 0 0 0 0 0 0 0 0 0 0 0 
188 321 475 528 0 0 0 0 0 0 0 0 0 0 0 0 0 0 0 0 
186 265 421 481 0 0 0 0 0 0 0 0 0 0 0 0 0 0 0 0 
85 342 365 519 752 0 0 0 0 0 0 0 0 0 0 0 0 0 0 0 
47 283 299 504 753 0 0 0 0 0 0 0 0 0 0 0 0 0 0 0 
321 379 431 448 0 0 0 0 0 0 0 0 0 0 0 0 0 0 0 0 
378 483 514 527 0 0 0 0 0 0 0 0 0 0 0 0 0 0 0 0 
318 388 484 537 686 0 0 0 0 0 0 0 0 0 0 0 0 0 0 0 
45 82 219 235 0 0 0 0 0 0 0 0 0 0 0 0 0 0 0 0 
63 345 461 517 0 0 0 0 0 0 0 0 0 0 0 0 0 0 0 0 
24 201 226 347 754 0 0 0 0 0 0 0 0 0 0 0 0 0 0 0 
97 234 313 429 0 0 0 0 0 0 0 0 0 0 0 0 0 0 0 0 
37 74 162 274 0 0 0 0 0 0 0 0 0 0 0 0 0 0 0 0 
349 401 478 481 0 0 0 0 0 0 0 0 0 0 0 0 0 0 0 0 
247 350 414 472 651 0 0 0 0 0 0 0 0 0 0 0 0 0 0 0 
58 233 402 448 0 0 0 0 0 0 0 0 0 0 0 0 0 0 0 0 
36 105 112 210 0 0 0 0 0 0 0 0 0 0 0 0 0 0 0 0 
18 136 304 364 755 0 0 0 0 0 0 0 0 0 0 0 0 0 0 0 
245 318 356 395 0 0 0 0 0 0 0 0 0 0 0 0 0 0 0 0 
79 103 308 361 0 0 0 0 0 0 0 0 0 0 0 0 0 0 0 0 
328 370 438 471 0 0 0 0 0 0 0 0 0 0 0 0 0 0 0 0 
44 131 273 458 756 0 0 0 0 0 0 0 0 0 0 0 0 0 0 0 
1 67 232 297 757 0 0 0 0 0 0 0 0 0 0 0 0 0 0 0 
223 322 358 435 0 0 0 0 0 0 0 0 0 0 0 0 0 0 0 0 
14 243 386 393 758 0 0 0 0 0 0 0 0 0 0 0 0 0 0 0 
130 167 307 454 0 0 0 0 0 0 0 0 0 0 0 0 0 0 0 0 
196 284 336 502 0 0 0 0 0 0 0 0 0 0 0 0 0 0 0 0 
151 218 393 431 0 0 0 0 0 0 0 0 0 0 0 0 0 0 0 0 
111 116 185 403 0 0 0 0 0 0 0 0 0 0 0 0 0 0 0 0 
78 233 320 443 0 0 0 0 0 0 0 0 0 0 0 0 0 0 0 0 
81 124 312 351 0 0 0 0 0 0 0 0 0 0 0 0 0 0 0 0 
86 226 268 395 0 0 0 0 0 0 0 0 0 0 0 0 0 0 0 0 
24 59 76 265 0 0 0 0 0 0 0 0 0 0 0 0 0 0 0 0 
46 304 314 511 759 0 0 0 0 0 0 0 0 0 0 0 0 0 0 0 
69 183 192 202 760 0 0 0 0 0 0 0 0 0 0 0 0 0 0 0 
18 305 315 381 0 0 0 0 0 0 0 0 0 0 0 0 0 0 0 0 
196 204 288 427 0 0 0 0 0 0 0 0 0 0 0 0 0 0 0 0 
8 53 145 153 761 0 0 0 0 0 0 0 0 0 0 0 0 0 0 0 
92 245 363 410 0 0 0 0 0 0 0 0 0 0 0 0 0 0 0 0 
126 255 382 402 0 0 0 0 0 0 0 0 0 0 0 0 0 0 0 0 
30 68 73 495 0 0 0 0 0 0 0 0 0 0 0 0 0 0 0 0 
98 389 442 463 0 0 0 0 0 0 0 0 0 0 0 0 0 0 0 0 
264 450 464 493 0 0 0 0 0 0 0 0 0 0 0 0 0 0 0 0 
73 119 137 354 762 0 0 0 0 0 0 0 0 0 0 0 0 0 0 0 
29 168 319 387 0 0 0 0 0 0 0 0 0 0 0 0 0 0 0 0 
148 151 311 405 0 0 0 0 0 0 0 0 0 0 0 0 0 0 0 0 
19 136 211 361 763 0 0 0 0 0 0 0 0 0 0 0 0 0 0 0 
137 279 420 540 764 0 0 0 0 0 0 0 0 0 0 0 0 0 0 0 
143 147 169 273 0 0 0 0 0 0 0 0 0 0 0 0 0 0 0 0 
72 118 358 381 0 0 0 0 0 0 0 0 0 0 0 0 0 0 0 0 
205 240 306 388 765 0 0 0 0 0 0 0 0 0 0 0 0 0 0 0 
66 212 466 507 0 0 0 0 0 0 0 0 0 0 0 0 0 0 0 0 
100 117 254 298 0 0 0 0 0 0 0 0 0 0 0 0 0 0 0 0 
52 71 211 310 0 0 0 0 0 0 0 0 0 0 0 0 0 0 0 0 
31 228 302 407 666 0 0 0 0 0 0 0 0 0 0 0 0 0 0 0 
4 84 128 464 0 0 0 0 0 0 0 0 0 0 0 0 0 0 0 0 
83 207 353 500 0 0 0 0 0 0 0 0 0 0 0 0 0 0 0 0 
361 384 503 517 766 0 0 0 0 0 0 0 0 0 0 0 0 0 0 0 
25 148 240 404 0 0 0 0 0 0 0 0 0 0 0 0 0 0 0 0 
127 207 232 330 0 0 0 0 0 0 0 0 0 0 0 0 0 0 0 0 
171 209 407 432 0 0 0 0 0 0 0 0 0 0 0 0 0 0 0 0 
337 367 488 492 0 0 0 0 0 0 0 0 0 0 0 0 0 0 0 0 
28 287 476 507 0 0 0 0 0 0 0 0 0 0 0 0 0 0 0 0 
236 439 463 488 0 0 0 0 0 0 0 0 0 0 0 0 0 0 0 0 
104 259 382 461 0 0 0 0 0 0 0 0 0 0 0 0 0 0 0 0 
5 139 237 470 659 0 0 0 0 0 0 0 0 0 0 0 0 0 0 0 
5 210 289 512 0 0 0 0 0 0 0 0 0 0 0 0 0 0 0 0 
213 270 315 436 0 0 0 0 0 0 0 0 0 0 0 0 0 0 0 0 
57 72 158 396 0 0 0 0 0 0 0 0 0 0 0 0 0 0 0 0 
92 255 299 374 0 0 0 0 0 0 0 0 0 0 0 0 0 0 0 0 
50 301 411 542 0 0 0 0 0 0 0 0 0 0 0 0 0 0 0 0 
38 95 222 471 0 0 0 0 0 0 0 0 0 0 0 0 0 0 0 0 
163 208 453 461 0 0 0 0 0 0 0 0 0 0 0 0 0 0 0 0 
260 309 317 470 0 0 0 0 0 0 0 0 0 0 0 0 0 0 0 0 
155 160 271 368 0 0 0 0 0 0 0 0 0 0 0 0 0 0 0 0 
51 79 487 496 0 0 0 0 0 0 0 0 0 0 0 0 0 0 0 0 
19 319 467 475 674 0 0 0 0 0 0 0 0 0 0 0 0 0 0 0 
165 177 277 500 0 0 0 0 0 0 0 0 0 0 0 0 0 0 0 0 
84 362 476 490 0 0 0 0 0 0 0 0 0 0 0 0 0 0 0 0 
93 170 209 459 0 0 0 0 0 0 0 0 0 0 0 0 0 0 0 0 
14 32 104 283 0 0 0 0 0 0 0 0 0 0 0 0 0 0 0 0 
175 186 243 276 0 0 0 0 0 0 0 0 0 0 0 0 0 0 0 0 
131 164 379 417 0 0 0 0 0 0 0 0 0 0 0 0 0 0 0 0 
142 183 316 519 0 0 0 0 0 0 0 0 0 0 0 0 0 0 0 0 
229 325 452 496 0 0 0 0 0 0 0 0 0 0 0 0 0 0 0 0 
47 451 488 522 0 0 0 0 0 0 0 0 0 0 0 0 0 0 0 0 
58 109 279 322 0 0 0 0 0 0 0 0 0 0 0 0 0 0 0 0 
42 177 286 531 0 0 0 0 0 0 0 0 0 0 0 0 0 0 0 0 
2 284 339 458 0 0 0 0 0 0 0 0 0 0 0 0 0 0 0 0 
191 240 297 311 700 0 0 0 0 0 0 0 0 0 0 0 0 0 0 0 
244 312 322 483 691 0 0 0 0 0 0 0 0 0 0 0 0 0 0 0 
110 239 414 459 0 0 0 0 0 0 0 0 0 0 0 0 0 0 0 0 
88 95 134 192 0 0 0 0 0 0 0 0 0 0 0 0 0 0 0 0 
273 348 425 542 688 0 0 0 0 0 0 0 0 0 0 0 0 0 0 0 
191 339 351 363 0 0 0 0 0 0 0 0 0 0 0 0 0 0 0 0 
53 207 424 494 0 0 0 0 0 0 0 0 0 0 0 0 0 0 0 0 
37 418 426 469 0 0 0 0 0 0 0 0 0 0 0 0 0 0 0 0 
21 54 157 364 0 0 0 0 0 0 0 0 0 0 0 0 0 0 0 0 
205 262 330 501 0 0 0 0 0 0 0 0 0 0 0 0 0 0 0 0 
7 10 432 490 0 0 0 0 0 0 0 0 0 0 0 0 0 0 0 0 
79 130 327 525 0 0 0 0 0 0 0 0 0 0 0 0 0 0 0 0 
73 96 313 499 0 0 0 0 0 0 0 0 0 0 0 0 0 0 0 0 
33 49 244 351 0 0 0 0 0 0 0 0 0 0 0 0 0 0 0 0 
46 241 437 535 0 0 0 0 0 0 0 0 0 0 0 0 0 0 0 0 
101 335 386 433 0 0 0 0 0 0 0 0 0 0 0 0 0 0 0 0 
32 81 190 202 0 0 0 0 0 0 0 0 0 0 0 0 0 0 0 0 
44 117 180 384 0 0 0 0 0 0 0 0 0 0 0 0 0 0 0 0 
23 195 307 355 0 0 0 0 0 0 0 0 0 0 0 0 0 0 0 0 
36 201 380 440 0 0 0 0 0 0 0 0 0 0 0 0 0 0 0 0 
135 450 469 519 0 0 0 0 0 0 0 0 0 0 0 0 0 0 0 0 
90 227 417 515 0 0 0 0 0 0 0 0 0 0 0 0 0 0 0 0 
60 395 471 532 0 0 0 0 0 0 0 0 0 0 0 0 0 0 0 0 
105 159 185 394 0 0 0 0 0 0 0 0 0 0 0 0 0 0 0 0 
43 94 110 456 0 0 0 0 0 0 0 0 0 0 0 0 0 0 0 0 
163 175 212 440 0 0 0 0 0 0 0 0 0 0 0 0 0 0 0 0 
108 113 155 336 0 0 0 0 0 0 0 0 0 0 0 0 0 0 0 0 
9 65 502 535 0 0 0 0 0 0 0 0 0 0 0 0 0 0 0 0 
253 489 501 511 0 0 0 0 0 0 0 0 0 0 0 0 0 0 0 0 
149 154 359 488 0 0 0 0 0 0 0 0 0 0 0 0 0 0 0 0 
301 399 452 508 694 0 0 0 0 0 0 0 0 0 0 0 0 0 0 0 
146 246 268 465 0 0 0 0 0 0 0 0 0 0 0 0 0 0 0 0 
258 314 397 478 0 0 0 0 0 0 0 0 0 0 0 0 0 0 0 0 
27 107 225 369 0 0 0 0 0 0 0 0 0 0 0 0 0 0 0 0 
124 277 342 393 0 0 0 0 0 0 0 0 0 0 0 0 0 0 0 0 
215 264 394 495 0 0 0 0 0 0 0 0 0 0 0 0 0 0 0 0 
34 125 287 380 643 0 0 0 0 0 0 0 0 0 0 0 0 0 0 0 
4 331 336 517 0 0 0 0 0 0 0 0 0 0 0 0 0 0 0 0 
115 301 323 376 0 0 0 0 0 0 0 0 0 0 0 0 0 0 0 0 
59 166 197 409 0 0 0 0 0 0 0 0 0 0 0 0 0 0 0 0 
11 57 325 475 0 0 0 0 0 0 0 0 0 0 0 0 0 0 0 0 
43 185 333 384 0 0 0 0 0 0 0 0 0 0 0 0 0 0 0 0 
277 305 387 389 0 0 0 0 0 0 0 0 0 0 0 0 0 0 0 0 
83 374 408 426 0 0 0 0 0 0 0 0 0 0 0 0 0 0 0 0 
1 51 88 383 0 0 0 0 0 0 0 0 0 0 0 0 0 0 0 0 
298 354 377 539 0 0 0 0 0 0 0 0 0 0 0 0 0 0 0 0 
229 300 466 467 0 0 0 0 0 0 0 0 0 0 0 0 0 0 0 0 
40 81 86 262 0 0 0 0 0 0 0 0 0 0 0 0 0 0 0 0 
146 179 422 460 0 0 0 0 0 0 0 0 0 0 0 0 0 0 0 0 
32 222 476 492 0 0 0 0 0 0 0 0 0 0 0 0 0 0 0 0 
112 175 271 416 682 0 0 0 0 0 0 0 0 0 0 0 0 0 0 0 
55 339 392 396 0 0 0 0 0 0 0 0 0 0 0 0 0 0 0 0 
6 12 96 176 0 0 0 0 0 0 0 0 0 0 0 0 0 0 0 0 
162 174 184 259 0 0 0 0 0 0 0 0 0 0 0 0 0 0 0 0 
2 172 244 480 0 0 0 0 0 0 0 0 0 0 0 0 0 0 0 0 
113 141 272 453 0 0 0 0 0 0 0 0 0 0 0 0 0 0 0 0 
66 310 414 445 0 0 0 0 0 0 0 0 0 0 0 0 0 0 0 0 
120 266 334 353 0 0 0 0 0 0 0 0 0 0 0 0 0 0 0 0 
134 179 285 423 0 0 0 0 0 0 0 0 0 0 0 0 0 0 0 0 
14 377 401 544 0 0 0 0 0 0 0 0 0 0 0 0 0 0 0 0 
177 199 250 506 642 0 0 0 0 0 0 0 0 0 0 0 0 0 0 0 
21 41 56 394 0 0 0 0 0 0 0 0 0 0 0 0 0 0 0 0 
102 253 468 537 0 0 0 0 0 0 0 0 0 0 0 0 0 0 0 0 
122 435 447 463 0 0 0 0 0 0 0 0 0 0 0 0 0 0 0 0 
57 130 180 266 0 0 0 0 0 0 0 0 0 0 0 0 0 0 0 0 
28 47 267 502 668 0 0 0 0 0 0 0 0 0 0 0 0 0 0 0 
149 166 402 507 665 0 0 0 0 0 0 0 0 0 0 0 0 0 0 0 
293 302 385 459 0 0 0 0 0 0 0 0 0 0 0 0 0 0 0 0 
51 62 287 536 0 0 0 0 0 0 0 0 0 0 0 0 0 0 0 0 
197 247 274 487 0 0 0 0 0 0 0 0 0 0 0 0 0 0 0 0 
106 281 354 468 676 0 0 0 0 0 0 0 0 0 0 0 0 0 0 0 
115 299 379 455 0 0 0 0 0 0 0 0 0 0 0 0 0 0 0 0 
21 70 138 295 0 0 0 0 0 0 0 0 0 0 0 0 0 0 0 0 
123 200 223 415 0 0 0 0 0 0 0 0 0 0 0 0 0 0 0 0 
275 347 387 483 0 0 0 0 0 0 0 0 0 0 0 0 0 0 0 0 
70 136 356 447 0 0 0 0 0 0 0 0 0 0 0 0 0 0 0 0 
16 28 404 406 0 0 0 0 0 0 0 0 0 0 0 0 0 0 0 0 
89 314 408 462 0 0 0 0 0 0 0 0 0 0 0 0 0 0 0 0 
75 147 218 485 0 0 0 0 0 0 0 0 0 0 0 0 0 0 0 0 
45 446 486 539 0 0 0 0 0 0 0 0 0 0 0 0 0 0 0 0 
4 344 503 543 0 0 0 0 0 0 0 0 0 0 0 0 0 0 0 0 
235 345 346 417 0 0 0 0 0 0 0 0 0 0 0 0 0 0 0 0 
54 282 327 381 0 0 0 0 0 0 0 0 0 0 0 0 0 0 0 0 
29 91 501 527 0 0 0 0 0 0 0 0 0 0 0 0 0 0 0 0 
50 76 357 528 0 0 0 0 0 0 0 0 0 0 0 0 0 0 0 0 
19 267 286 300 0 0 0 0 0 0 0 0 0 0 0 0 0 0 0 0 
48 246 248 491 0 0 0 0 0 0 0 0 0 0 0 0 0 0 0 0 
115 138 403 518 0 0 0 0 0 0 0 0 0 0 0 0 0 0 0 0 
89 362 406 514 0 0 0 0 0 0 0 0 0 0 0 0 0 0 0 0 
6 230 359 397 667 0 0 0 0 0 0 0 0 0 0 0 0 0 0 0 
129 141 215 364 0 0 0 0 0 0 0 0 0 0 0 0 0 0 0 0 
131 152 243 328 664 0 0 0 0 0 0 0 0 0 0 0 0 0 0 0 
63 183 249 439 0 0 0 0 0 0 0 0 0 0 0 0 0 0 0 0 
42 335 362 387 0 0 0 0 0 0 0 0 0 0 0 0 0 0 0 0 
56 182 208 221 0 0 0 0 0 0 0 0 0 0 0 0 0 0 0 0 
315 347 371 501 0 0 0 0 0 0 0 0 0 0 0 0 0 0 0 0 
97 114 273 399 0 0 0 0 0 0 0 0 0 0 0 0 0 0 0 0 
194 305 406 437 0 0 0 0 0 0 0 0 0 0 0 0 0 0 0 0 
94 121 209 413 0 0 0 0 0 0 0 0 0 0 0 0 0 0 0 0 
39 151 171 391 0 0 0 0 0 0 0 0 0 0 0 0 0 0 0 0 
96 324 473 516 0 0 0 0 0 0 0 0 0 0 0 0 0 0 0 0 
40 441 444 523 0 0 0 0 0 0 0 0 0 0 0 0 0 0 0 0 
245 295 341 521 0 0 0 0 0 0 0 0 0 0 0 0 0 0 0 0 
111 274 468 536 0 0 0 0 0 0 0 0 0 0 0 0 0 0 0 0 
7 102 270 366 0 0 0 0 0 0 0 0 0 0 0 0 0 0 0 0 
86 170 197 252 0 0 0 0 0 0 0 0 0 0 0 0 0 0 0 0 
53 62 189 437 0 0 0 0 0 0 0 0 0 0 0 0 0 0 0 0 
135 217 287 412 0 0 0 0 0 0 0 0 0 0 0 0 0 0 0 0 
54 164 180 504 0 0 0 0 0 0 0 0 0 0 0 0 0 0 0 0 
142 258 335 372 0 0 0 0 0 0 0 0 0 0 0 0 0 0 0 0 
24 220 260 413 0 0 0 0 0 0 0 0 0 0 0 0 0 0 0 0 
139 167 405 499 0 0 0 0 0 0 0 0 0 0 0 0 0 0 0 0 
67 189 203 346 0 0 0 0 0 0 0 0 0 0 0 0 0 0 0 0 
104 306 451 532 0 0 0 0 0 0 0 0 0 0 0 0 0 0 0 0 
54 86 190 386 0 0 0 0 0 0 0 0 0 0 0 0 0 0 0 0 
55 194 242 248 0 0 0 0 0 0 0 0 0 0 0 0 0 0 0 0 
71 123 224 261 0 0 0 0 0 0 0 0 0 0 0 0 0 0 0 0 
111 122 151 296 0 0 0 0 0 0 0 0 0 0 0 0 0 0 0 0 
226 303 357 457 0 0 0 0 0 0 0 0 0 0 0 0 0 0 0 0 
213 297 478 512 0 0 0 0 0 0 0 0 0 0 0 0 0 0 0 0 
128 146 344 481 0 0 0 0 0 0 0 0 0 0 0 0 0 0 0 0 
58 119 394 474 698 0 0 0 0 0 0 0 0 0 0 0 0 0 0 0 
55 272 358 491 0 0 0 0 0 0 0 0 0 0 0 0 0 0 0 0 
16 40 101 174 656 0 0 0 0 0 0 0 0 0 0 0 0 0 0 0 
307 426 434 472 0 0 0 0 0 0 0 0 0 0 0 0 0 0 0 0 
121 278 404 521 0 0 0 0 0 0 0 0 0 0 0 0 0 0 0 0 
371 462 504 537 0 0 0 0 0 0 0 0 0 0 0 0 0 0 0 0 
126 203 513 531 0 0 0 0 0 0 0 0 0 0 0 0 0 0 0 0 
281 357 389 472 0 0 0 0 0 0 0 0 0 0 0 0 0 0 0 0 
3 33 41 398 0 0 0 0 0 0 0 0 0 0 0 0 0 0 0 0 
132 150 240 521 0 0 0 0 0 0 0 0 0 0 0 0 0 0 0 0 
144 363 374 399 0 0 0 0 0 0 0 0 0 0 0 0 0 0 0 0 
59 360 445 487 0 0 0 0 0 0 0 0 0 0 0 0 0 0 0 0 
56 125 275 363 0 0 0 0 0 0 0 0 0 0 0 0 0 0 0 0 
61 63 390 458 0 0 0 0 0 0 0 0 0 0 0 0 0 0 0 0 
32 191 323 448 0 0 0 0 0 0 0 0 0 0 0 0 0 0 0 0 
15 239 337 341 0 0 0 0 0 0 0 0 0 0 0 0 0 0 0 0 
97 122 143 280 0 0 0 0 0 0 0 0 0 0 0 0 0 0 0 0 
41 168 321 449 0 0 0 0 0 0 0 0 0 0 0 0 0 0 0 0 
77 188 484 492 0 0 0 0 0 0 0 0 0 0 0 0 0 0 0 0 
140 258 416 420 0 0 0 0 0 0 0 0 0 0 0 0 0 0 0 0 
171 199 202 269 0 0 0 0 0 0 0 0 0 0 0 0 0 0 0 0 
60 107 154 474 0 0 0 0 0 0 0 0 0 0 0 0 0 0 0 0 
34 57 297 486 0 0 0 0 0 0 0 0 0 0 0 0 0 0 0 0 
112 230 289 508 0 0 0 0 0 0 0 0 0 0 0 0 0 0 0 0 
169 214 294 303 0 0 0 0 0 0 0 0 0 0 0 0 0 0 0 0 
2 10 220 291 0 0 0 0 0 0 0 0 0 0 0 0 0 0 0 0 
29 309 446 452 0 0 0 0 0 0 0 0 0 0 0 0 0 0 0 0 
288 409 418 532 0 0 0 0 0 0 0 0 0 0 0 0 0 0 0 0 
71 236 459 462 0 0 0 0 0 0 0 0 0 0 0 0 0 0 0 0 
109 410 510 543 0 0 0 0 0 0 0 0 0 0 0 0 0 0 0 0 
40 139 317 524 0 0 0 0 0 0 0 0 0 0 0 0 0 0 0 0 
38 291 326 529 0 0 0 0 0 0 0 0 0 0 0 0 0 0 0 0 
5 147 442 497 0 0 0 0 0 0 0 0 0 0 0 0 0 0 0 0 
71 163 177 425 0 0 0 0 0 0 0 0 0 0 0 0 0 0 0 0 
188 233 257 520 0 0 0 0 0 0 0 0 0 0 0 0 0 0 0 0 
45 105 289 309 0 0 0 0 0 0 0 0 0 0 0 0 0 0 0 0 
123 176 345 421 0 0 0 0 0 0 0 0 0 0 0 0 0 0 0 0 
160 186 216 406 0 0 0 0 0 0 0 0 0 0 0 0 0 0 0 0 
3 222 429 493 0 0 0 0 0 0 0 0 0 0 0 0 0 0 0 0 
30 150 356 420 0 0 0 0 0 0 0 0 0 0 0 0 0 0 0 0 
251 320 370 444 0 0 0 0 0 0 0 0 0 0 0 0 0 0 0 0 
87 89 279 382 0 0 0 0 0 0 0 0 0 0 0 0 0 0 0 0 
91 333 411 422 0 0 0 0 0 0 0 0 0 0 0 0 0 0 0 0 
48 96 416 505 0 0 0 0 0 0 0 0 0 0 0 0 0 0 0 0 
153 252 316 462 0 0 0 0 0 0 0 0 0 0 0 0 0 0 0 0 
70 139 150 251 0 0 0 0 0 0 0 0 0 0 0 0 0 0 0 0 
127 221 225 401 0 0 0 0 0 0 0 0 0 0 0 0 0 0 0 0 
220 282 380 419 0 0 0 0 0 0 0 0 0 0 0 0 0 0 0 0 
209 271 518 536 0 0 0 0 0 0 0 0 0 0 0 0 0 0 0 0 
172 196 313 423 0 0 0 0 0 0 0 0 0 0 0 0 0 0 0 0 
122 140 214 334 0 0 0 0 0 0 0 0 0 0 0 0 0 0 0 0 
137 204 450 456 0 0 0 0 0 0 0 0 0 0 0 0 0 0 0 0 
29 108 222 416 0 0 0 0 0 0 0 0 0 0 0 0 0 0 0 0 
85 99 161 247 0 0 0 0 0 0 0 0 0 0 0 0 0 0 0 0 
116 289 427 465 0 0 0 0 0 0 0 0 0 0 0 0 0 0 0 0 
120 261 332 411 0 0 0 0 0 0 0 0 0 0 0 0 0 0 0 0 
88 130 338 528 0 0 0 0 0 0 0 0 0 0 0 0 0 0 0 0 
35 350 450 523 0 0 0 0 0 0 0 0 0 0 0 0 0 0 0 0 
17 250 269 524 0 0 0 0 0 0 0 0 0 0 0 0 0 0 0 0 
15 39 280 342 0 0 0 0 0 0 0 0 0 0 0 0 0 0 0 0 
145 232 409 518 0 0 0 0 0 0 0 0 0 0 0 0 0 0 0 0 
77 242 296 412 0 0 0 0 0 0 0 0 0 0 0 0 0 0 0 0 
7 52 129 538 0 0 0 0 0 0 0 0 0 0 0 0 0 0 0 0 
43 369 419 466 0 0 0 0 0 0 0 0 0 0 0 0 0 0 0 0 
49 140 149 391 0 0 0 0 0 0 0 0 0 0 0 0 0 0 0 0 
23 231 263 282 0 0 0 0 0 0 0 0 0 0 0 0 0 0 0 0 
172 348 509 524 0 0 0 0 0 0 0 0 0 0 0 0 0 0 0 0 
249 479 494 530 0 0 0 0 0 0 0 0 0 0 0 0 0 0 0 0 
138 234 381 413 0 0 0 0 0 0 0 0 0 0 0 0 0 0 0 0 
353 367 396 470 0 0 0 0 0 0 0 0 0 0 0 0 0 0 0 0 
73 272 286 414 0 0 0 0 0 0 0 0 0 0 0 0 0 0 0 0 
114 141 178 487 0 0 0 0 0 0 0 0 0 0 0 0 0 0 0 0 
17 116 142 455 0 0 0 0 0 0 0 0 0 0 0 0 0 0 0 0 
99 157 185 213 0 0 0 0 0 0 0 0 0 0 0 0 0 0 0 0 
11 90 214 525 696 0 0 0 0 0 0 0 0 0 0 0 0 0 0 0 
195 365 395 428 0 0 0 0 0 0 0 0 0 0 0 0 0 0 0 0 
246 258 260 418 0 0 0 0 0 0 0 0 0 0 0 0 0 0 0 0 
241 290 323 375 0 0 0 0 0 0 0 0 0 0 0 0 0 0 0 0 
17 212 293 485 0 0 0 0 0 0 0 0 0 0 0 0 0 0 0 0 
228 404 457 534 0 0 0 0 0 0 0 0 0 0 0 0 0 0 0 0 
110 173 349 454 0 0 0 0 0 0 0 0 0 0 0 0 0 0 0 0 
97 348 372 438 0 0 0 0 0 0 0 0 0 0 0 0 0 0 0 0 
26 360 365 457 0 0 0 0 0 0 0 0 0 0 0 0 0 0 0 0 
244 510 531 533 0 0 0 0 0 0 0 0 0 0 0 0 0 0 0 0 
133 198 434 480 0 0 0 0 0 0 0 0 0 0 0 0 0 0 0 0 
292 300 309 485 0 0 0 0 0 0 0 0 0 0 0 0 0 0 0 0 
83 318 376 489 0 0 0 0 0 0 0 0 0 0 0 0 0 0 0 0 
102 290 310 526 0 0 0 0 0 0 0 0 0 0 0 0 0 0 0 0 
89 215 266 505 0 0 0 0 0 0 0 0 0 0 0 0 0 0 0 0 
61 133 204 340 0 0 0 0 0 0 0 0 0 0 0 0 0 0 0 0 
159 314 317 499 0 0 0 0 0 0 0 0 0 0 0 0 0 0 0 0 
52 93 238 347 0 0 0 0 0 0 0 0 0 0 0 0 0 0 0 0 
50 335 344 380 0 0 0 0 0 0 0 0 0 0 0 0 0 0 0 0 
160 358 423 482 0 0 0 0 0 0 0 0 0 0 0 0 0 0 0 0 
140 166 168 464 681 0 0 0 0 0 0 0 0 0 0 0 0 0 0 0 
98 206 482 500 0 0 0 0 0 0 0 0 0 0 0 0 0 0 0 0 
149 176 419 427 0 0 0 0 0 0 0 0 0 0 0 0 0 0 0 0 
65 120 148 445 0 0 0 0 0 0 0 0 0 0 0 0 0 0 0 0 
165 370 397 470 0 0 0 0 0 0 0 0 0 0 0 0 0 0 0 0 
62 533 537 541 0 0 0 0 0 0 0 0 0 0 0 0 0 0 0 0 
76 219 438 506 0 0 0 0 0 0 0 0 0 0 0 0 0 0 0 0 
68 115 218 345 0 0 0 0 0 0 0 0 0 0 0 0 0 0 0 0 
90 156 229 439 0 0 0 0 0 0 0 0 0 0 0 0 0 0 0 0 
64 80 328 355 0 0 0 0 0 0 0 0 0 0 0 0 0 0 0 0 
8 181 294 350 0 0 0 0 0 0 0 0 0 0 0 0 0 0 0 0 
186 257 326 413 0 0 0 0 0 0 0 0 0 0 0 0 0 0 0 0 
169 211 298 446 0 0 0 0 0 0 0 0 0 0 0 0 0 0 0 0 
68 400 444 507 0 0 0 0 0 0 0 0 0 0 0 0 0 0 0 0 
8 35 194 352 0 0 0 0 0 0 0 0 0 0 0 0 0 0 0 0 
200 205 238 424 0 0 0 0 0 0 0 0 0 0 0 0 0 0 0 0 
61 160 299 311 0 0 0 0 0 0 0 0 0 0 0 0 0 0 0 0 
195 256 276 477 703 0 0 0 0 0 0 0 0 0 0 0 0 0 0 0 
9 278 343 522 675 0 0 0 0 0 0 0 0 0 0 0 0 0 0 0 
123 315 506 530 0 0 0 0 0 0 0 0 0 0 0 0 0 0 0 0 
193 226 436 464 0 0 0 0 0 0 0 0 0 0 0 0 0 0 0 0 
396 429 469 495 0 0 0 0 0 0 0 0 0 0 0 0 0 0 0 0 
15 36 254 290 0 0 0 0 0 0 0 0 0 0 0 0 0 0 0 0 
255 308 420 444 0 0 0 0 0 0 0 0 0 0 0 0 0 0 0 0 
246 252 368 522 0 0 0 0 0 0 0 0 0 0 0 0 0 0 0 0 
308 426 486 534 0 0 0 0 0 0 0 0 0 0 0 0 0 0 0 0 
21 257 360 377 0 0 0 0 0 0 0 0 0 0 0 0 0 0 0 0 
77 167 198 526 0 0 0 0 0 0 0 0 0 0 0 0 0 0 0 0 
42 158 508 529 0 0 0 0 0 0 0 0 0 0 0 0 0 0 0 0 
82 91 134 201 0 0 0 0 0 0 0 0 0 0 0 0 0 0 0 0 
16 133 224 355 0 0 0 0 0 0 0 0 0 0 0 0 0 0 0 0 
111 178 361 440 0 0 0 0 0 0 0 0 0 0 0 0 0 0 0 0 
30 38 213 353 0 0 0 0 0 0 0 0 0 0 0 0 0 0 0 0 
80 165 166 313 0 0 0 0 0 0 0 0 0 0 0 0 0 0 0 0 
75 263 498 516 0 0 0 0 0 0 0 0 0 0 0 0 0 0 0 0 
16 434 514 517 702 0 0 0 0 0 0 0 0 0 0 0 0 0 0 0 
64 145 263 312 0 0 0 0 0 0 0 0 0 0 0 0 0 0 0 0 
8 214 301 371 0 0 0 0 0 0 0 0 0 0 0 0 0 0 0 0 
121 198 367 498 0 0 0 0 0 0 0 0 0 0 0 0 0 0 0 0 
231 422 442 509 0 0 0 0 0 0 0 0 0 0 0 0 0 0 0 0 
100 103 216 296 0 0 0 0 0 0 0 0 0 0 0 0 0 0 0 0 
144 369 425 543 0 0 0 0 0 0 0 0 0 0 0 0 0 0 0 0 
41 178 332 503 0 0 0 0 0 0 0 0 0 0 0 0 0 0 0 0 
207 298 304 430 0 0 0 0 0 0 0 0 0 0 0 0 0 0 0 0 
48 272 374 523 0 0 0 0 0 0 0 0 0 0 0 0 0 0 0 0 
253 411 515 521 0 0 0 0 0 0 0 0 0 0 0 0 0 0 0 0 
33 176 376 493 0 0 0 0 0 0 0 0 0 0 0 0 0 0 0 0 
137 285 474 527 654 0 0 0 0 0 0 0 0 0 0 0 0 0 0 0 
23 249 402 456 0 0 0 0 0 0 0 0 0 0 0 0 0 0 0 0 
373 378 463 477 0 0 0 0 0 0 0 0 0 0 0 0 0 0 0 0 
75 302 410 503 0 0 0 0 0 0 0 0 0 0 0 0 0 0 0 0 
197 292 352 493 0 0 0 0 0 0 0 0 0 0 0 0 0 0 0 0 
303 311 327 331 0 0 0 0 0 0 0 0 0 0 0 0 0 0 0 0 
254 319 324 431 0 0 0 0 0 0 0 0 0 0 0 0 0 0 0 0 
43 101 200 235 0 0 0 0 0 0 0 0 0 0 0 0 0 0 0 0 
211 245 510 526 0 0 0 0 0 0 0 0 0 0 0 0 0 0 0 0 
42 44 241 400 0 0 0 0 0 0 0 0 0 0 0 0 0 0 0 0 
13 230 348 431 0 0 0 0 0 0 0 0 0 0 0 0 0 0 0 0 
173 302 331 479 0 0 0 0 0 0 0 0 0 0 0 0 0 0 0 0 
14 232 259 449 0 0 0 0 0 0 0 0 0 0 0 0 0 0 0 0 
69 162 340 438 0 0 0 0 0 0 0 0 0 0 0 0 0 0 0 0 
1 284 319 330 0 0 0 0 0 0 0 0 0 0 0 0 0 0 0 0 
20 72 128 161 660 0 0 0 0 0 0 0 0 0 0 0 0 0 0 0 
210 454 460 536 0 0 0 0 0 0 0 0 0 0 0 0 0 0 0 0 
31 94 440 532 0 0 0 0 0 0 0 0 0 0 0 0 0 0 0 0 
109 163 378 529 0 0 0 0 0 0 0 0 0 0 0 0 0 0 0 0 
4 36 388 449 0 0 0 0 0 0 0 0 0 0 0 0 0 0 0 0 
94 142 169 323 0 0 0 0 0 0 0 0 0 0 0 0 0 0 0 0 
13 422 499 541 653 0 0 0 0 0 0 0 0 0 0 0 0 0 0 0 
46 118 256 540 0 0 0 0 0 0 0 0 0 0 0 0 0 0 0 0 
62 228 300 492 0 0 0 0 0 0 0 0 0 0 0 0 0 0 0 0 
84 187 291 526 0 0 0 0 0 0 0 0 0 0 0 0 0 0 0 0 
35 90 108 473 0 0 0 0 0 0 0 0 0 0 0 0 0 0 0 0 
127 281 282 398 0 0 0 0 0 0 0 0 0 0 0 0 0 0 0 0 
274 453 458 480 0 0 0 0 0 0 0 0 0 0 0 0 0 0 0 0 
23 143 334 341 0 0 0 0 0 0 0 0 0 0 0 0 0 0 0 0 
106 268 350 367 0 0 0 0 0 0 0 0 0 0 0 0 0 0 0 0 
322 403 433 476 0 0 0 0 0 0 0 0 0 0 0 0 0 0 0 0 
230 275 284 392 0 0 0 0 0 0 0 0 0 0 0 0 0 0 0 0 
134 219 269 544 0 0 0 0 0 0 0 0 0 0 0 0 0 0 0 0 
119 251 344 378 0 0 0 0 0 0 0 0 0 0 0 0 0 0 0 0 
181 196 326 513 0 0 0 0 0 0 0 0 0 0 0 0 0 0 0 0 
3 47 390 511 0 0 0 0 0 0 0 0 0 0 0 0 0 0 0 0 
65 85 229 443 0 0 0 0 0 0 0 0 0 0 0 0 0 0 0 0 
9 170 360 437 0 0 0 0 0 0 0 0 0 0 0 0 0 0 0 0 
60 216 219 423 0 0 0 0 0 0 0 0 0 0 0 0 0 0 0 0 
74 310 410 457 0 0 0 0 0 0 0 0 0 0 0 0 0 0 0 0 
391 453 466 490 0 0 0 0 0 0 0 0 0 0 0 0 0 0 0 0 
1 144 218 433 679 0 0 0 0 0 0 0 0 0 0 0 0 0 0 0 
80 156 234 454 697 0 0 0 0 0 0 0 0 0 0 0 0 0 0 0 
124 217 390 433 662 0 0 0 0 0 0 0 0 0 0 0 0 0 0 0 
78 83 189 447 0 0 0 0 0 0 0 0 0 0 0 0 0 0 0 0 
103 150 182 242 646 0 0 0 0 0 0 0 0 0 0 0 0 0 0 0 
316 332 451 510 0 0 0 0 0 0 0 0 0 0 0 0 0 0 0 0 
11 333 472 539 0 0 0 0 0 0 0 0 0 0 0 0 0 0 0 0 
26 192 208 237 0 0 0 0 0 0 0 0 0 0 0 0 0 0 0 0 
101 212 491 538 0 0 0 0 0 0 0 0 0 0 0 0 0 0 0 0 
114 337 349 393 0 0 0 0 0 0 0 0 0 0 0 0 0 0 0 0 
92 239 330 383 0 0 0 0 0 0 0 0 0 0 0 0 0 0 0 0 
75 206 329 338 0 0 0 0 0 0 0 0 0 0 0 0 0 0 0 0 
25 28 292 392 0 0 0 0 0 0 0 0 0 0 0 0 0 0 0 0 
7 224 460 497 0 0 0 0 0 0 0 0 0 0 0 0 0 0 0 0 
184 241 249 441 671 0 0 0 0 0 0 0 0 0 0 0 0 0 0 0 
545 578 641 0 0 0 0 0 0 0 0 0 0 0 0 0 0 0 0 0 
545 546 579 642 0 0 0 0 0 0 0 0 0 0 0 0 0 0 0 0 
545 546 547 580 643 0 0 0 0 0 0 0 0 0 0 0 0 0 0 0 
546 547 548 581 644 0 0 0 0 0 0 0 0 0 0 0 0 0 0 0 
547 548 549 582 645 0 0 0 0 0 0 0 0 0 0 0 0 0 0 0 
545 548 549 550 583 646 0 0 0 0 0 0 0 0 0 0 0 0 0 0 
546 549 550 551 584 647 0 0 0 0 0 0 0 0 0 0 0 0 0 0 
545 547 550 551 552 585 648 0 0 0 0 0 0 0 0 0 0 0 0 0 
546 548 551 552 553 586 649 0 0 0 0 0 0 0 0 0 0 0 0 0 
547 549 552 553 554 587 650 0 0 0 0 0 0 0 0 0 0 0 0 0 
545 548 550 553 554 555 588 651 0 0 0 0 0 0 0 0 0 0 0 0 
545 546 549 551 554 555 556 589 652 0 0 0 0 0 0 0 0 0 0 0 
545 546 547 550 552 555 556 557 590 653 0 0 0 0 0 0 0 0 0 0 
545 546 547 548 551 553 556 557 558 591 654 0 0 0 0 0 0 0 0 0 
545 546 547 548 549 552 554 557 558 559 592 655 0 0 0 0 0 0 0 0 
546 547 548 549 550 553 555 558 559 560 593 656 0 0 0 0 0 0 0 0 
545 547 548 549 550 551 554 556 559 560 561 594 657 0 0 0 0 0 0 0 
545 546 548 549 550 551 552 555 557 560 561 562 595 658 0 0 0 0 0 0 
546 547 549 550 551 552 553 556 558 561 562 563 596 659 0 0 0 0 0 0 
547 548 550 551 552 553 554 557 559 562 563 564 597 660 0 0 0 0 0 0 
545 548 549 551 552 553 554 555 558 560 563 564 565 598 661 0 0 0 0 0 
546 549 550 552 553 554 555 556 559 561 564 565 566 599 662 0 0 0 0 0 
547 550 551 553 554 555 556 557 560 562 565 566 567 600 663 0 0 0 0 0 
548 551 552 554 555 556 557 558 561 563 566 567 568 601 664 0 0 0 0 0 
549 552 553 555 556 557 558 559 562 564 567 568 569 602 665 0 0 0 0 0 
545 550 553 554 556 557 558 559 560 563 565 568 569 570 603 666 0 0 0 0 
545 546 551 554 555 557 558 559 560 561 564 566 569 570 571 604 667 0 0 0 
545 546 547 552 555 556 558 559 560 561 562 565 567 570 571 572 605 668 0 0 
546 547 548 553 556 557 559 560 561 562 563 566 568 571 572 573 606 669 0 0 
545 547 548 549 554 557 558 560 561 562 563 564 567 569 572 573 574 607 670 0 
545 546 548 549 550 555 558 559 561 562 563 564 565 568 570 573 574 575 608 671 
546 547 549 550 551 556 559 560 562 563 564 565 566 569 571 574 575 576 609 672 
547 548 550 551 552 557 560 561 563 564 565 566 567 570 572 575 576 577 610 673 
548 549 551 552 553 558 561 562 564 565 566 567 568 571 573 576 577 611 674 0 
549 550 552 553 554 559 562 563 565 566 567 568 569 572 574 577 612 675 0 0 
550 551 553 554 555 560 563 564 566 567 568 569 570 573 575 613 676 0 0 0 
551 552 554 555 556 561 564 565 567 568 569 570 571 574 576 614 677 0 0 0 
552 553 555 556 557 562 565 566 568 569 570 571 572 575 577 615 678 0 0 0 
553 554 556 557 558 563 566 567 569 570 571 572 573 576 616 679 0 0 0 0 
554 555 557 558 559 564 567 568 570 571 572 573 574 577 617 680 0 0 0 0 
555 556 558 559 560 565 568 569 571 572 573 574 575 618 681 0 0 0 0 0 
556 557 559 560 561 566 569 570 572 573 574 575 576 619 682 0 0 0 0 0 
557 558 560 561 562 567 570 571 573 574 575 576 577 620 683 0 0 0 0 0 
558 559 561 562 563 568 571 572 574 575 576 577 621 684 0 0 0 0 0 0 
559 560 562 563 564 569 572 573 575 576 577 622 685 0 0 0 0 0 0 0 
560 561 563 564 565 570 573 574 576 577 623 686 0 0 0 0 0 0 0 0 
561 562 564 565 566 571 574 575 577 624 687 0 0 0 0 0 0 0 0 0 
562 563 565 566 567 572 575 576 625 688 0 0 0 0 0 0 0 0 0 0 
563 564 566 567 568 573 576 577 626 689 0 0 0 0 0 0 0 0 0 0 
564 565 567 568 569 574 577 627 690 0 0 0 0 0 0 0 0 0 0 0 
565 566 568 569 570 575 628 691 0 0 0 0 0 0 0 0 0 0 0 0 
566 567 569 570 571 576 629 692 0 0 0 0 0 0 0 0 0 0 0 0 
567 568 570 571 572 577 630 693 0 0 0 0 0 0 0 0 0 0 0 0 
568 569 571 572 573 631 694 0 0 0 0 0 0 0 0 0 0 0 0 0 
569 570 572 573 574 632 695 0 0 0 0 0 0 0 0 0 0 0 0 0 
570 571 573 574 575 633 696 0 0 0 0 0 0 0 0 0 0 0 0 0 
571 572 574 575 576 634 697 0 0 0 0 0 0 0 0 0 0 0 0 0 
572 573 575 576 577 635 698 0 0 0 0 0 0 0 0 0 0 0 0 0 
573 574 576 577 636 699 0 0 0 0 0 0 0 0 0 0 0 0 0 0 
574 575 577 637 700 0 0 0 0 0 0 0 0 0 0 0 0 0 0 0 
575 576 638 701 0 0 0 0 0 0 0 0 0 0 0 0 0 0 0 0 
576 577 639 702 0 0 0 0 0 0 0 0 0 0 0 0 0 0 0 0 
577 640 703 0 0 0 0 0 0 0 0 0 0 0 0 0 0 0 0 0 
578 0 0 0 0 0 0 0 0 0 0 0 0 0 0 0 0 0 0 0 
579 0 0 0 0 0 0 0 0 0 0 0 0 0 0 0 0 0 0 0 
580 0 0 0 0 0 0 0 0 0 0 0 0 0 0 0 0 0 0 0 
581 0 0 0 0 0 0 0 0 0 0 0 0 0 0 0 0 0 0 0 
582 0 0 0 0 0 0 0 0 0 0 0 0 0 0 0 0 0 0 0 
583 0 0 0 0 0 0 0 0 0 0 0 0 0 0 0 0 0 0 0 
584 0 0 0 0 0 0 0 0 0 0 0 0 0 0 0 0 0 0 0 
585 0 0 0 0 0 0 0 0 0 0 0 0 0 0 0 0 0 0 0 
586 0 0 0 0 0 0 0 0 0 0 0 0 0 0 0 0 0 0 0 
587 0 0 0 0 0 0 0 0 0 0 0 0 0 0 0 0 0 0 0 
588 0 0 0 0 0 0 0 0 0 0 0 0 0 0 0 0 0 0 0 
589 0 0 0 0 0 0 0 0 0 0 0 0 0 0 0 0 0 0 0 
590 0 0 0 0 0 0 0 0 0 0 0 0 0 0 0 0 0 0 0 
591 0 0 0 0 0 0 0 0 0 0 0 0 0 0 0 0 0 0 0 
592 0 0 0 0 0 0 0 0 0 0 0 0 0 0 0 0 0 0 0 
593 0 0 0 0 0 0 0 0 0 0 0 0 0 0 0 0 0 0 0 
594 0 0 0 0 0 0 0 0 0 0 0 0 0 0 0 0 0 0 0 
595 0 0 0 0 0 0 0 0 0 0 0 0 0 0 0 0 0 0 0 
596 0 0 0 0 0 0 0 0 0 0 0 0 0 0 0 0 0 0 0 
597 0 0 0 0 0 0 0 0 0 0 0 0 0 0 0 0 0 0 0 
598 0 0 0 0 0 0 0 0 0 0 0 0 0 0 0 0 0 0 0 
599 0 0 0 0 0 0 0 0 0 0 0 0 0 0 0 0 0 0 0 
600 0 0 0 0 0 0 0 0 0 0 0 0 0 0 0 0 0 0 0 
601 0 0 0 0 0 0 0 0 0 0 0 0 0 0 0 0 0 0 0 
602 0 0 0 0 0 0 0 0 0 0 0 0 0 0 0 0 0 0 0 
603 0 0 0 0 0 0 0 0 0 0 0 0 0 0 0 0 0 0 0 
604 0 0 0 0 0 0 0 0 0 0 0 0 0 0 0 0 0 0 0 
605 0 0 0 0 0 0 0 0 0 0 0 0 0 0 0 0 0 0 0 
606 0 0 0 0 0 0 0 0 0 0 0 0 0 0 0 0 0 0 0 
607 0 0 0 0 0 0 0 0 0 0 0 0 0 0 0 0 0 0 0 
608 0 0 0 0 0 0 0 0 0 0 0 0 0 0 0 0 0 0 0 
609 0 0 0 0 0 0 0 0 0 0 0 0 0 0 0 0 0 0 0 
610 0 0 0 0 0 0 0 0 0 0 0 0 0 0 0 0 0 0 0 
611 0 0 0 0 0 0 0 0 0 0 0 0 0 0 0 0 0 0 0 
612 0 0 0 0 0 0 0 0 0 0 0 0 0 0 0 0 0 0 0 
613 0 0 0 0 0 0 0 0 0 0 0 0 0 0 0 0 0 0 0 
614 0 0 0 0 0 0 0 0 0 0 0 0 0 0 0 0 0 0 0 
615 0 0 0 0 0 0 0 0 0 0 0 0 0 0 0 0 0 0 0 
616 0 0 0 0 0 0 0 0 0 0 0 0 0 0 0 0 0 0 0 
617 0 0 0 0 0 0 0 0 0 0 0 0 0 0 0 0 0 0 0 
618 0 0 0 0 0 0 0 0 0 0 0 0 0 0 0 0 0 0 0 
619 0 0 0 0 0 0 0 0 0 0 0 0 0 0 0 0 0 0 0 
620 0 0 0 0 0 0 0 0 0 0 0 0 0 0 0 0 0 0 0 
621 0 0 0 0 0 0 0 0 0 0 0 0 0 0 0 0 0 0 0 
622 0 0 0 0 0 0 0 0 0 0 0 0 0 0 0 0 0 0 0 
623 0 0 0 0 0 0 0 0 0 0 0 0 0 0 0 0 0 0 0 
624 0 0 0 0 0 0 0 0 0 0 0 0 0 0 0 0 0 0 0 
625 0 0 0 0 0 0 0 0 0 0 0 0 0 0 0 0 0 0 0 
626 0 0 0 0 0 0 0 0 0 0 0 0 0 0 0 0 0 0 0 
627 0 0 0 0 0 0 0 0 0 0 0 0 0 0 0 0 0 0 0 
628 0 0 0 0 0 0 0 0 0 0 0 0 0 0 0 0 0 0 0 
629 0 0 0 0 0 0 0 0 0 0 0 0 0 0 0 0 0 0 0 
630 0 0 0 0 0 0 0 0 0 0 0 0 0 0 0 0 0 0 0 
631 0 0 0 0 0 0 0 0 0 0 0 0 0 0 0 0 0 0 0 
632 0 0 0 0 0 0 0 0 0 0 0 0 0 0 0 0 0 0 0 
633 0 0 0 0 0 0 0 0 0 0 0 0 0 0 0 0 0 0 0 
634 0 0 0 0 0 0 0 0 0 0 0 0 0 0 0 0 0 0 0 
635 0 0 0 0 0 0 0 0 0 0 0 0 0 0 0 0 0 0 0 
636 0 0 0 0 0 0 0 0 0 0 0 0 0 0 0 0 0 0 0 
637 0 0 0 0 0 0 0 0 0 0 0 0 0 0 0 0 0 0 0 
638 0 0 0 0 0 0 0 0 0 0 0 0 0 0 0 0 0 0 0 
639 0 0 0 0 0 0 0 0 0 0 0 0 0 0 0 0 0 0 0 
640 0 0 0 0 0 0 0 0 0 0 0 0 0 0 0 0 0 0 0 
641 704 0 0 0 0 0 0 0 0 0 0 0 0 0 0 0 0 0 0 
642 705 0 0 0 0 0 0 0 0 0 0 0 0 0 0 0 0 0 0 
643 706 0 0 0 0 0 0 0 0 0 0 0 0 0 0 0 0 0 0 
644 707 0 0 0 0 0 0 0 0 0 0 0 0 0 0 0 0 0 0 
645 708 0 0 0 0 0 0 0 0 0 0 0 0 0 0 0 0 0 0 
646 709 0 0 0 0 0 0 0 0 0 0 0 0 0 0 0 0 0 0 
647 710 0 0 0 0 0 0 0 0 0 0 0 0 0 0 0 0 0 0 
648 711 0 0 0 0 0 0 0 0 0 0 0 0 0 0 0 0 0 0 
649 712 0 0 0 0 0 0 0 0 0 0 0 0 0 0 0 0 0 0 
650 713 0 0 0 0 0 0 0 0 0 0 0 0 0 0 0 0 0 0 
651 714 0 0 0 0 0 0 0 0 0 0 0 0 0 0 0 0 0 0 
652 715 0 0 0 0 0 0 0 0 0 0 0 0 0 0 0 0 0 0 
653 716 0 0 0 0 0 0 0 0 0 0 0 0 0 0 0 0 0 0 
654 717 0 0 0 0 0 0 0 0 0 0 0 0 0 0 0 0 0 0 
655 718 0 0 0 0 0 0 0 0 0 0 0 0 0 0 0 0 0 0 
656 719 0 0 0 0 0 0 0 0 0 0 0 0 0 0 0 0 0 0 
657 720 0 0 0 0 0 0 0 0 0 0 0 0 0 0 0 0 0 0 
658 721 0 0 0 0 0 0 0 0 0 0 0 0 0 0 0 0 0 0 
659 722 0 0 0 0 0 0 0 0 0 0 0 0 0 0 0 0 0 0 
660 723 0 0 0 0 0 0 0 0 0 0 0 0 0 0 0 0 0 0 
661 724 0 0 0 0 0 0 0 0 0 0 0 0 0 0 0 0 0 0 
662 725 0 0 0 0 0 0 0 0 0 0 0 0 0 0 0 0 0 0 
663 726 0 0 0 0 0 0 0 0 0 0 0 0 0 0 0 0 0 0 
664 727 0 0 0 0 0 0 0 0 0 0 0 0 0 0 0 0 0 0 
665 728 0 0 0 0 0 0 0 0 0 0 0 0 0 0 0 0 0 0 
666 729 0 0 0 0 0 0 0 0 0 0 0 0 0 0 0 0 0 0 
667 730 0 0 0 0 0 0 0 0 0 0 0 0 0 0 0 0 0 0 
668 731 0 0 0 0 0 0 0 0 0 0 0 0 0 0 0 0 0 0 
669 732 0 0 0 0 0 0 0 0 0 0 0 0 0 0 0 0 0 0 
670 733 0 0 0 0 0 0 0 0 0 0 0 0 0 0 0 0 0 0 
671 734 0 0 0 0 0 0 0 0 0 0 0 0 0 0 0 0 0 0 
672 735 0 0 0 0 0 0 0 0 0 0 0 0 0 0 0 0 0 0 
673 736 0 0 0 0 0 0 0 0 0 0 0 0 0 0 0 0 0 0 
674 737 0 0 0 0 0 0 0 0 0 0 0 0 0 0 0 0 0 0 
675 738 0 0 0 0 0 0 0 0 0 0 0 0 0 0 0 0 0 0 
676 739 0 0 0 0 0 0 0 0 0 0 0 0 0 0 0 0 0 0 
677 740 0 0 0 0 0 0 0 0 0 0 0 0 0 0 0 0 0 0 
678 741 0 0 0 0 0 0 0 0 0 0 0 0 0 0 0 0 0 0 
679 742 0 0 0 0 0 0 0 0 0 0 0 0 0 0 0 0 0 0 
680 743 0 0 0 0 0 0 0 0 0 0 0 0 0 0 0 0 0 0 
681 744 0 0 0 0 0 0 0 0 0 0 0 0 0 0 0 0 0 0 
682 745 0 0 0 0 0 0 0 0 0 0 0 0 0 0 0 0 0 0 
683 746 0 0 0 0 0 0 0 0 0 0 0 0 0 0 0 0 0 0 
684 747 0 0 0 0 0 0 0 0 0 0 0 0 0 0 0 0 0 0 
685 748 0 0 0 0 0 0 0 0 0 0 0 0 0 0 0 0 0 0 
686 749 0 0 0 0 0 0 0 0 0 0 0 0 0 0 0 0 0 0 
687 750 0 0 0 0 0 0 0 0 0 0 0 0 0 0 0 0 0 0 
688 751 0 0 0 0 0 0 0 0 0 0 0 0 0 0 0 0 0 0 
689 752 0 0 0 0 0 0 0 0 0 0 0 0 0 0 0 0 0 0 
690 753 0 0 0 0 0 0 0 0 0 0 0 0 0 0 0 0 0 0 
691 754 0 0 0 0 0 0 0 0 0 0 0 0 0 0 0 0 0 0 
692 755 0 0 0 0 0 0 0 0 0 0 0 0 0 0 0 0 0 0 
693 756 0 0 0 0 0 0 0 0 0 0 0 0 0 0 0 0 0 0 
694 757 0 0 0 0 0 0 0 0 0 0 0 0 0 0 0 0 0 0 
695 758 0 0 0 0 0 0 0 0 0 0 0 0 0 0 0 0 0 0 
696 759 0 0 0 0 0 0 0 0 0 0 0 0 0 0 0 0 0 0 
697 760 0 0 0 0 0 0 0 0 0 0 0 0 0 0 0 0 0 0 
698 761 0 0 0 0 0 0 0 0 0 0 0 0 0 0 0 0 0 0 
699 762 0 0 0 0 0 0 0 0 0 0 0 0 0 0 0 0 0 0 
700 763 0 0 0 0 0 0 0 0 0 0 0 0 0 0 0 0 0 0 
701 764 0 0 0 0 0 0 0 0 0 0 0 0 0 0 0 0 0 0 
702 765 0 0 0 0 0 0 0 0 0 0 0 0 0 0 0 0 0 0 
703 766 0 0 0 0 0 0 0 0 0 0 0 0 0 0 0 0 0 0 
704 0 0 0 0 0 0 0 0 0 0 0 0 0 0 0 0 0 0 0 
705 0 0 0 0 0 0 0 0 0 0 0 0 0 0 0 0 0 0 0 
706 0 0 0 0 0 0 0 0 0 0 0 0 0 0 0 0 0 0 0 
707 0 0 0 0 0 0 0 0 0 0 0 0 0 0 0 0 0 0 0 
708 0 0 0 0 0 0 0 0 0 0 0 0 0 0 0 0 0 0 0 
709 0 0 0 0 0 0 0 0 0 0 0 0 0 0 0 0 0 0 0 
710 0 0 0 0 0 0 0 0 0 0 0 0 0 0 0 0 0 0 0 
711 0 0 0 0 0 0 0 0 0 0 0 0 0 0 0 0 0 0 0 
712 0 0 0 0 0 0 0 0 0 0 0 0 0 0 0 0 0 0 0 
713 0 0 0 0 0 0 0 0 0 0 0 0 0 0 0 0 0 0 0 
714 0 0 0 0 0 0 0 0 0 0 0 0 0 0 0 0 0 0 0 
715 0 0 0 0 0 0 0 0 0 0 0 0 0 0 0 0 0 0 0 
716 0 0 0 0 0 0 0 0 0 0 0 0 0 0 0 0 0 0 0 
717 0 0 0 0 0 0 0 0 0 0 0 0 0 0 0 0 0 0 0 
718 0 0 0 0 0 0 0 0 0 0 0 0 0 0 0 0 0 0 0 
719 0 0 0 0 0 0 0 0 0 0 0 0 0 0 0 0 0 0 0 
720 0 0 0 0 0 0 0 0 0 0 0 0 0 0 0 0 0 0 0 
721 0 0 0 0 0 0 0 0 0 0 0 0 0 0 0 0 0 0 0 
722 0 0 0 0 0 0 0 0 0 0 0 0 0 0 0 0 0 0 0 
723 0 0 0 0 0 0 0 0 0 0 0 0 0 0 0 0 0 0 0 
724 0 0 0 0 0 0 0 0 0 0 0 0 0 0 0 0 0 0 0 
725 0 0 0 0 0 0 0 0 0 0 0 0 0 0 0 0 0 0 0 
726 0 0 0 0 0 0 0 0 0 0 0 0 0 0 0 0 0 0 0 
727 0 0 0 0 0 0 0 0 0 0 0 0 0 0 0 0 0 0 0 
728 0 0 0 0 0 0 0 0 0 0 0 0 0 0 0 0 0 0 0 
729 0 0 0 0 0 0 0 0 0 0 0 0 0 0 0 0 0 0 0 
730 0 0 0 0 0 0 0 0 0 0 0 0 0 0 0 0 0 0 0 
731 0 0 0 0 0 0 0 0 0 0 0 0 0 0 0 0 0 0 0 
732 0 0 0 0 0 0 0 0 0 0 0 0 0 0 0 0 0 0 0 
733 0 0 0 0 0 0 0 0 0 0 0 0 0 0 0 0 0 0 0 
734 0 0 0 0 0 0 0 0 0 0 0 0 0 0 0 0 0 0 0 
735 0 0 0 0 0 0 0 0 0 0 0 0 0 0 0 0 0 0 0 
736 0 0 0 0 0 0 0 0 0 0 0 0 0 0 0 0 0 0 0 
737 0 0 0 0 0 0 0 0 0 0 0 0 0 0 0 0 0 0 0 
738 0 0 0 0 0 0 0 0 0 0 0 0 0 0 0 0 0 0 0 
739 0 0 0 0 0 0 0 0 0 0 0 0 0 0 0 0 0 0 0 
740 0 0 0 0 0 0 0 0 0 0 0 0 0 0 0 0 0 0 0 
741 0 0 0 0 0 0 0 0 0 0 0 0 0 0 0 0 0 0 0 
742 0 0 0 0 0 0 0 0 0 0 0 0 0 0 0 0 0 0 0 
743 0 0 0 0 0 0 0 0 0 0 0 0 0 0 0 0 0 0 0 
744 0 0 0 0 0 0 0 0 0 0 0 0 0 0 0 0 0 0 0 
745 0 0 0 0 0 0 0 0 0 0 0 0 0 0 0 0 0 0 0 
746 0 0 0 0 0 0 0 0 0 0 0 0 0 0 0 0 0 0 0 
747 0 0 0 0 0 0 0 0 0 0 0 0 0 0 0 0 0 0 0 
748 0 0 0 0 0 0 0 0 0 0 0 0 0 0 0 0 0 0 0 
749 0 0 0 0 0 0 0 0 0 0 0 0 0 0 0 0 0 0 0 
750 0 0 0 0 0 0 0 0 0 0 0 0 0 0 0 0 0 0 0 
751 0 0 0 0 0 0 0 0 0 0 0 0 0 0 0 0 0 0 0 
752 0 0 0 0 0 0 0 0 0 0 0 0 0 0 0 0 0 0 0 
753 0 0 0 0 0 0 0 0 0 0 0 0 0 0 0 0 0 0 0 
754 0 0 0 0 0 0 0 0 0 0 0 0 0 0 0 0 0 0 0 
755 0 0 0 0 0 0 0 0 0 0 0 0 0 0 0 0 0 0 0 
756 0 0 0 0 0 0 0 0 0 0 0 0 0 0 0 0 0 0 0 
757 0 0 0 0 0 0 0 0 0 0 0 0 0 0 0 0 0 0 0 
758 0 0 0 0 0 0 0 0 0 0 0 0 0 0 0 0 0 0 0 
759 0 0 0 0 0 0 0 0 0 0 0 0 0 0 0 0 0 0 0 
760 0 0 0 0 0 0 0 0 0 0 0 0 0 0 0 0 0 0 0 
761 0 0 0 0 0 0 0 0 0 0 0 0 0 0 0 0 0 0 0 
762 0 0 0 0 0 0 0 0 0 0 0 0 0 0 0 0 0 0 0 
763 0 0 0 0 0 0 0 0 0 0 0 0 0 0 0 0 0 0 0 
764 0 0 0 0 0 0 0 0 0 0 0 0 0 0 0 0 0 0 0 
765 0 0 0 0 0 0 0 0 0 0 0 0 0 0 0 0 0 0 0 
766 0 0 0 0 0 0 0 0 0 0 0 0 0 0 0 0 0 0 0 
1 258 432 543 775 802 0 0 0 0 0 0 0 0 0 0 0 0 
2 188 399 498 553 645 0 0 0 0 0 0 0 0 0 0 0 0 
3 68 324 628 658 796 0 0 0 0 0 0 0 0 0 0 0 0 
4 153 465 536 579 780 0 0 0 0 0 0 0 0 0 0 0 0 
5 107 275 475 476 652 0 0 0 0 0 0 0 0 0 0 0 0 
6 231 293 391 551 588 0 0 0 0 0 0 0 0 0 0 0 0 
7 87 509 603 682 815 0 0 0 0 0 0 0 0 0 0 0 0 
8 256 447 724 728 751 0 0 0 0 0 0 0 0 0 0 0 0 
9 93 299 526 732 798 0 0 0 0 0 0 0 0 0 0 0 0 
10 228 313 350 509 645 0 0 0 0 0 0 0 0 0 0 0 0 
11 26 350 539 694 808 0 0 0 0 0 0 0 0 0 0 0 0 
12 211 279 343 378 551 0 0 0 0 0 0 0 0 0 0 0 0 
13 43 312 357 771 782 0 0 0 0 0 0 0 0 0 0 0 0 
14 267 434 490 558 773 0 0 0 0 0 0 0 0 0 0 0 0 
15 41 396 635 679 736 0 0 0 0 0 0 0 0 0 0 0 0 
16 187 575 622 744 749 0 0 0 0 0 0 0 0 0 0 0 0 
17 262 314 678 692 698 0 0 0 0 0 0 0 0 0 0 0 0 
18 78 303 324 427 445 0 0 0 0 0 0 0 0 0 0 0 0 
19 209 385 456 486 584 0 0 0 0 0 0 0 0 0 0 0 0 
20 102 294 313 394 776 0 0 0 0 0 0 0 0 0 0 0 0 
21 32 507 560 571 740 0 0 0 0 0 0 0 0 0 0 0 0 
22 155 297 300 325 380 0 0 0 0 0 0 0 0 0 0 0 0 
23 25 517 685 762 789 0 0 0 0 0 0 0 0 0 0 0 0 
24 233 400 420 442 609 0 0 0 0 0 0 0 0 0 0 0 0 
25 142 306 327 468 814 0 0 0 0 0 0 0 0 0 0 0 0 
26 120 302 307 702 809 0 0 0 0 0 0 0 0 0 0 0 0 
27 40 307 389 399 532 0 0 0 0 0 0 0 0 0 0 0 0 
28 37 472 564 575 814 0 0 0 0 0 0 0 0 0 0 0 0 
29 164 454 582 646 672 0 0 0 0 0 0 0 0 0 0 0 0 
30 77 341 450 659 746 0 0 0 0 0 0 0 0 0 0 0 0 
31 179 283 311 464 778 0 0 0 0 0 0 0 0 0 0 0 0 
32 71 490 515 548 634 0 0 0 0 0 0 0 0 0 0 0 0 
33 53 314 512 628 760 0 0 0 0 0 0 0 0 0 0 0 0 
34 250 389 408 535 642 0 0 0 0 0 0 0 0 0 0 0 0 
35 255 302 677 728 786 0 0 0 0 0 0 0 0 0 0 0 0 
36 89 426 518 736 780 0 0 0 0 0 0 0 0 0 0 0 0 
37 259 329 331 422 506 0 0 0 0 0 0 0 0 0 0 0 0 
38 241 359 481 651 746 0 0 0 0 0 0 0 0 0 0 0 0 
39 252 310 338 598 679 0 0 0 0 0 0 0 0 0 0 0 0 
40 106 546 600 622 650 0 0 0 0 0 0 0 0 0 0 0 0 
41 111 560 628 637 756 0 0 0 0 0 0 0 0 0 0 0 0 
42 166 497 592 742 770 0 0 0 0 0 0 0 0 0 0 0 0 
43 74 523 540 683 768 0 0 0 0 0 0 0 0 0 0 0 0 
44 76 322 431 516 770 0 0 0 0 0 0 0 0 0 0 0 0 
45 245 359 418 578 655 0 0 0 0 0 0 0 0 0 0 0 0 
46 207 377 443 513 783 0 0 0 0 0 0 0 0 0 0 0 0 
8 47 414 495 564 796 0 0 0 0 0 0 0 0 0 0 0 0 
48 247 308 585 663 758 0 0 0 0 0 0 0 0 0 0 0 0 
42 49 285 353 512 684 0 0 0 0 0 0 0 0 0 0 0 0 
50 205 297 480 583 712 0 0 0 0 0 0 0 0 0 0 0 0 
51 165 289 485 543 567 0 0 0 0 0 0 0 0 0 0 0 0 
33 52 346 463 682 711 0 0 0 0 0 0 0 0 0 0 0 0 
53 54 334 447 505 605 0 0 0 0 0 0 0 0 0 0 0 0 
54 213 507 581 607 613 0 0 0 0 0 0 0 0 0 0 0 0 
55 177 284 550 614 621 0 0 0 0 0 0 0 0 0 0 0 0 
2 56 391 560 593 632 0 0 0 0 0 0 0 0 0 0 0 0 
57 70 478 539 563 642 0 0 0 0 0 0 0 0 0 0 0 0 
58 215 309 425 496 620 0 0 0 0 0 0 0 0 0 0 0 0 
56 59 274 442 538 631 0 0 0 0 0 0 0 0 0 0 0 0 
60 94 376 521 641 799 0 0 0 0 0 0 0 0 0 0 0 0 
61 206 301 633 709 730 0 0 0 0 0 0 0 0 0 0 0 0 
62 183 567 605 719 784 0 0 0 0 0 0 0 0 0 0 0 0 
63 109 348 419 591 633 0 0 0 0 0 0 0 0 0 0 0 0 
64 116 277 377 723 750 0 0 0 0 0 0 0 0 0 0 0 0 
65 203 324 526 717 797 0 0 0 0 0 0 0 0 0 0 0 0 
57 66 294 318 461 555 0 0 0 0 0 0 0 0 0 0 0 0 
67 198 360 375 432 611 0 0 0 0 0 0 0 0 0 0 0 0 
68 105 371 450 721 727 0 0 0 0 0 0 0 0 0 0 0 0 
69 268 295 362 444 774 0 0 0 0 0 0 0 0 0 0 0 0 
70 82 405 571 574 665 0 0 0 0 0 0 0 0 0 0 0 0 
71 194 463 615 648 653 0 0 0 0 0 0 0 0 0 0 0 0 
72 98 402 459 478 776 0 0 0 0 0 0 0 0 0 0 0 0 
73 222 450 453 511 690 0 0 0 0 0 0 0 0 0 0 0 0 
74 221 286 342 422 800 0 0 0 0 0 0 0 0 0 0 0 0 
75 234 577 748 764 813 0 0 0 0 0 0 0 0 0 0 0 0 
76 186 289 442 583 720 0 0 0 0 0 0 0 0 0 0 0 0 
77 214 358 638 681 741 0 0 0 0 0 0 0 0 0 0 0 0 
78 135 337 390 439 805 0 0 0 0 0 0 0 0 0 0 0 0 
79 122 378 429 485 510 0 0 0 0 0 0 0 0 0 0 0 0 
24 80 348 723 747 803 0 0 0 0 0 0 0 0 0 0 0 0 
81 130 340 440 515 546 0 0 0 0 0 0 0 0 0 0 0 0 
82 172 276 347 418 743 0 0 0 0 0 0 0 0 0 0 0 0 
75 83 466 542 706 805 0 0 0 0 0 0 0 0 0 0 0 0 
84 149 334 465 488 785 0 0 0 0 0 0 0 0 0 0 0 0 
85 138 293 413 673 797 0 0 0 0 0 0 0 0 0 0 0 0 
86 210 441 546 604 613 0 0 0 0 0 0 0 0 0 0 0 0 
87 218 278 352 371 661 0 0 0 0 0 0 0 0 0 0 0 0 
88 243 368 502 543 676 0 0 0 0 0 0 0 0 0 0 0 0 
89 100 576 587 661 708 0 0 0 0 0 0 0 0 0 0 0 0 
48 90 520 694 722 786 0 0 0 0 0 0 0 0 0 0 0 0 
91 127 373 582 662 743 0 0 0 0 0 0 0 0 0 0 0 0 
92 236 398 448 479 812 0 0 0 0 0 0 0 0 0 0 0 0 
10 93 376 395 489 711 0 0 0 0 0 0 0 0 0 0 0 0 
94 254 523 597 778 781 0 0 0 0 0 0 0 0 0 0 0 0 
95 108 276 397 481 502 0 0 0 0 0 0 0 0 0 0 0 0 
28 96 511 551 599 663 0 0 0 0 0 0 0 0 0 0 0 0 
97 251 421 595 636 701 0 0 0 0 0 0 0 0 0 0 0 0 
98 121 329 376 451 715 0 0 0 0 0 0 0 0 0 0 0 0 
5 99 347 359 673 693 0 0 0 0 0 0 0 0 0 0 0 0 
100 191 292 374 462 754 0 0 0 0 0 0 0 0 0 0 0 0 
73 101 514 622 768 810 0 0 0 0 0 0 0 0 0 0 0 0 
102 133 372 561 603 707 0 0 0 0 0 0 0 0 0 0 0 0 
103 160 352 429 754 806 0 0 0 0 0 0 0 0 0 0 0 0 
104 244 345 474 490 612 0 0 0 0 0 0 0 0 0 0 0 0 
86 105 296 426 522 655 0 0 0 0 0 0 0 0 0 0 0 0 
91 106 383 400 569 790 0 0 0 0 0 0 0 0 0 0 0 0 
20 107 316 354 532 641 0 0 0 0 0 0 0 0 0 0 0 0 
108 158 410 525 672 786 0 0 0 0 0 0 0 0 0 0 0 0 
109 157 384 496 649 779 0 0 0 0 0 0 0 0 0 0 0 0 
69 110 326 501 523 700 0 0 0 0 0 0 0 0 0 0 0 0 
111 124 438 602 616 745 0 0 0 0 0 0 0 0 0 0 0 0 
112 128 383 426 549 643 0 0 0 0 0 0 0 0 0 0 0 0 
113 197 296 368 525 554 0 0 0 0 0 0 0 0 0 0 0 0 
62 114 361 595 691 811 0 0 0 0 0 0 0 0 0 0 0 0 
115 266 537 570 586 721 0 0 0 0 0 0 0 0 0 0 0 0 
116 176 394 438 674 692 0 0 0 0 0 0 0 0 0 0 0 0 
83 117 350 408 462 516 0 0 0 0 0 0 0 0 0 0 0 0 
85 118 273 313 459 783 0 0 0 0 0 0 0 0 0 0 0 0 
23 119 365 453 620 794 0 0 0 0 0 0 0 0 0 0 0 0 
120 220 336 556 675 717 0 0 0 0 0 0 0 0 0 0 0 0 
121 208 382 597 624 752 0 0 0 0 0 0 0 0 0 0 0 0 
11 122 562 616 636 670 0 0 0 0 0 0 0 0 0 0 0 0 
123 132 572 615 656 733 0 0 0 0 0 0 0 0 0 0 0 0 
67 124 290 440 533 804 0 0 0 0 0 0 0 0 0 0 0 0 
125 253 327 341 535 632 0 0 0 0 0 0 0 0 0 0 0 0 
126 192 282 315 449 626 0 0 0 0 0 0 0 0 0 0 0 0 
101 127 403 469 666 787 0 0 0 0 0 0 0 0 0 0 0 0 
34 128 401 465 619 776 0 0 0 0 0 0 0 0 0 0 0 0 
22 129 294 339 589 682 0 0 0 0 0 0 0 0 0 0 0 0 
72 130 435 510 563 676 0 0 0 0 0 0 0 0 0 0 0 0 
131 169 379 431 492 590 0 0 0 0 0 0 0 0 0 0 0 0 
132 156 314 318 344 629 0 0 0 0 0 0 0 0 0 0 0 0 
29 133 335 704 709 744 0 0 0 0 0 0 0 0 0 0 0 0 
134 230 502 557 743 793 0 0 0 0 0 0 0 0 0 0 0 0 
135 269 275 370 519 606 0 0 0 0 0 0 0 0 0 0 0 0 
125 136 290 427 456 574 0 0 0 0 0 0 0 0 0 0 0 0 
137 265 453 457 671 761 0 0 0 0 0 0 0 0 0 0 0 0 
79 138 322 571 586 688 0 0 0 0 0 0 0 0 0 0 0 0 
139 202 475 610 650 665 0 0 0 0 0 0 0 0 0 0 0 0 
140 181 639 670 684 714 0 0 0 0 0 0 0 0 0 0 0 0 
141 226 347 554 589 691 0 0 0 0 0 0 0 0 0 0 0 0 
142 180 493 608 692 781 0 0 0 0 0 0 0 0 0 0 0 0 
143 184 376 458 636 789 0 0 0 0 0 0 0 0 0 0 0 0 
144 261 392 630 755 802 0 0 0 0 0 0 0 0 0 0 0 0 
110 145 344 447 680 750 0 0 0 0 0 0 0 0 0 0 0 0 
146 185 328 530 547 619 0 0 0 0 0 0 0 0 0 0 0 0 
146 147 331 458 577 652 0 0 0 0 0 0 0 0 0 0 0 0 
59 148 355 455 468 717 0 0 0 0 0 0 0 0 0 0 0 0 
17 149 528 565 684 716 0 0 0 0 0 0 0 0 0 0 0 0 
36 150 629 659 665 806 0 0 0 0 0 0 0 0 0 0 0 0 
151 195 437 455 598 616 0 0 0 0 0 0 0 0 0 0 0 0 
152 225 287 311 344 590 0 0 0 0 0 0 0 0 0 0 0 0 
153 246 298 387 447 664 0 0 0 0 0 0 0 0 0 0 0 0 
134 154 382 409 528 641 0 0 0 0 0 0 0 0 0 0 0 0 
155 193 322 341 484 525 0 0 0 0 0 0 0 0 0 0 0 0 
114 156 291 406 722 803 0 0 0 0 0 0 0 0 0 0 0 0 
157 235 325 363 507 693 0 0 0 0 0 0 0 0 0 0 0 0 
158 174 352 379 478 742 0 0 0 0 0 0 0 0 0 0 0 0 
90 159 277 395 522 710 0 0 0 0 0 0 0 0 0 0 0 0 
160 162 484 657 713 730 0 0 0 0 0 0 0 0 0 0 0 0 
161 237 364 408 673 776 0 0 0 0 0 0 0 0 0 0 0 0 
1 162 339 422 552 774 0 0 0 0 0 0 0 0 0 0 0 0 
144 163 482 524 653 779 0 0 0 0 0 0 0 0 0 0 0 0 
14 164 366 404 492 607 0 0 0 0 0 0 0 0 0 0 0 0 
136 165 353 487 718 747 0 0 0 0 0 0 0 0 0 0 0 0 
166 264 538 565 714 747 0 0 0 0 0 0 0 0 0 0 0 0 
3 167 374 435 610 741 0 0 0 0 0 0 0 0 0 0 0 0 
168 170 366 454 637 714 0 0 0 0 0 0 0 0 0 0 0 0 
50 169 458 644 726 781 0 0 0 0 0 0 0 0 0 0 0 0 
148 170 323 489 604 798 0 0 0 0 0 0 0 0 0 0 0 0 
171 212 291 470 598 640 0 0 0 0 0 0 0 0 0 0 0 0 
6 172 394 553 669 686 0 0 0 0 0 0 0 0 0 0 0 0 
52 173 344 355 700 772 0 0 0 0 0 0 0 0 0 0 0 0 
174 217 292 327 552 622 0 0 0 0 0 0 0 0 0 0 0 0 
175 263 307 491 524 549 0 0 0 0 0 0 0 0 0 0 0 0 
145 176 551 656 716 760 0 0 0 0 0 0 0 0 0 0 0 0 
152 177 487 497 559 653 0 0 0 0 0 0 0 0 0 0 0 0 
178 240 309 691 745 756 0 0 0 0 0 0 0 0 0 0 0 0 
88 179 279 295 547 557 0 0 0 0 0 0 0 0 0 0 0 0 
154 180 326 516 563 607 0 0 0 0 0 0 0 0 0 0 0 0 
167 181 287 303 724 795 0 0 0 0 0 0 0 0 0 0 0 0 
49 182 328 331 593 806 0 0 0 0 0 0 0 0 0 0 0 0 
183 272 315 444 493 591 0 0 0 0 0 0 0 0 0 0 0 0 
137 184 273 379 552 816 0 0 0 0 0 0 0 0 0 0 0 0 
66 185 438 522 540 693 0 0 0 0 0 0 0 0 0 0 0 0 
161 186 412 491 657 725 0 0 0 0 0 0 0 0 0 0 0 0 
81 187 301 390 400 785 0 0 0 0 0 0 0 0 0 0 0 0 
126 188 397 411 638 654 0 0 0 0 0 0 0 0 0 0 0 0 
150 189 385 605 611 805 0 0 0 0 0 0 0 0 0 0 0 0 
190 199 282 321 515 613 0 0 0 0 0 0 0 0 0 0 0 0 
60 191 312 499 504 634 0 0 0 0 0 0 0 0 0 0 0 0 
38 192 279 444 502 809 0 0 0 0 0 0 0 0 0 0 0 0 
61 193 283 368 369 734 0 0 0 0 0 0 0 0 0 0 0 0 
58 194 386 596 614 728 0 0 0 0 0 0 0 0 0 0 0 0 
131 195 362 517 695 731 0 0 0 0 0 0 0 0 0 0 0 0 
39 196 436 446 669 795 0 0 0 0 0 0 0 0 0 0 0 0 
51 197 538 568 604 765 0 0 0 0 0 0 0 0 0 0 0 0 
115 198 273 704 741 752 0 0 0 0 0 0 0 0 0 0 0 0 
199 204 335 392 559 640 0 0 0 0 0 0 0 0 0 0 0 0 
18 200 410 572 729 768 0 0 0 0 0 0 0 0 0 0 0 0 
151 201 308 420 518 743 0 0 0 0 0 0 0 0 0 0 0 0 
47 202 377 444 515 640 0 0 0 0 0 0 0 0 0 0 0 0 
203 260 287 369 611 626 0 0 0 0 0 0 0 0 0 0 0 0 
118 204 381 446 671 709 0 0 0 0 0 0 0 0 0 0 0 0 
205 227 378 460 508 729 0 0 0 0 0 0 0 0 0 0 0 0 
189 206 282 290 715 813 0 0 0 0 0 0 0 0 0 0 0 0 
113 207 466 469 505 757 0 0 0 0 0 0 0 0 0 0 0 0 
13 208 317 482 593 809 0 0 0 0 0 0 0 0 0 0 0 0 
173 209 470 489 597 668 0 0 0 0 0 0 0 0 0 0 0 0 
27 210 295 426 476 777 0 0 0 0 0 0 0 0 0 0 0 0 
45 211 456 463 726 769 0 0 0 0 0 0 0 0 0 0 0 0 
212 271 461 524 698 810 0 0 0 0 0 0 0 0 0 0 0 0 
95 213 477 618 693 746 0 0 0 0 0 0 0 0 0 0 0 0 
214 270 644 670 694 751 0 0 0 0 0 0 0 0 0 0 0 0 
215 239 357 534 589 708 0 0 0 0 0 0 0 0 0 0 0 0 
80 216 359 657 754 799 0 0 0 0 0 0 0 0 0 0 0 0 
178 217 296 381 606 804 0 0 0 0 0 0 0 0 0 0 0 0 
63 218 437 577 721 802 0 0 0 0 0 0 0 0 0 0 0 0 
219 232 418 720 793 799 0 0 0 0 0 0 0 0 0 0 0 0 
143 220 352 609 645 667 0 0 0 0 0 0 0 0 0 0 0 0 
7 221 291 367 593 666 0 0 0 0 0 0 0 0 0 0 0 0 
171 222 481 548 658 672 0 0 0 0 0 0 0 0 0 0 0 0 
44 223 325 335 433 572 0 0 0 0 0 0 0 0 0 0 0 0 
147 224 349 615 744 815 0 0 0 0 0 0 0 0 0 0 0 0 
84 225 355 404 532 666 0 0 0 0 0 0 0 0 0 0 0 0 
4 226 420 441 617 734 0 0 0 0 0 0 0 0 0 0 0 0 
103 227 333 336 338 520 0 0 0 0 0 0 0 0 0 0 0 0 
141 228 372 464 699 784 0 0 0 0 0 0 0 0 0 0 0 0 
196 229 494 545 722 797 0 0 0 0 0 0 0 0 0 0 0 0 
216 230 588 643 771 792 0 0 0 0 0 0 0 0 0 0 0 0 
104 231 317 346 685 753 0 0 0 0 0 0 0 0 0 0 0 0 
229 232 432 469 680 773 0 0 0 0 0 0 0 0 0 0 0 0 
31 233 409 425 439 654 0 0 0 0 0 0 0 0 0 0 0 0 
92 234 337 421 688 803 0 0 0 0 0 0 0 0 0 0 0 0 
163 235 339 418 580 768 0 0 0 0 0 0 0 0 0 0 0 0 
219 236 308 373 473 648 0 0 0 0 0 0 0 0 0 0 0 0 
19 237 351 367 475 809 0 0 0 0 0 0 0 0 0 0 0 0 
182 238 278 299 711 729 0 0 0 0 0 0 0 0 0 0 0 0 
119 239 274 501 635 812 0 0 0 0 0 0 0 0 0 0 0 0 
238 240 460 468 499 629 0 0 0 0 0 0 0 0 0 0 0 0 
159 241 513 697 770 816 0 0 0 0 0 0 0 0 0 0 0 0 
15 242 304 614 681 806 0 0 0 0 0 0 0 0 0 0 0 0 
243 257 388 434 491 590 0 0 0 0 0 0 0 0 0 0 0 0 
140 244 500 512 553 703 0 0 0 0 0 0 0 0 0 0 0 0 
35 245 428 448 601 769 0 0 0 0 0 0 0 0 0 0 0 0 
65 246 530 585 696 738 0 0 0 0 0 0 0 0 0 0 0 0 
242 247 404 424 568 673 0 0 0 0 0 0 0 0 0 0 0 0 
97 248 333 354 585 614 0 0 0 0 0 0 0 0 0 0 0 0 
112 249 591 687 762 816 0 0 0 0 0 0 0 0 0 0 0 0 
64 250 315 375 559 678 0 0 0 0 0 0 0 0 0 0 0 0 
168 251 343 660 665 794 0 0 0 0 0 0 0 0 0 0 0 0 
224 252 353 604 664 738 0 0 0 0 0 0 0 0 0 0 0 0 
16 253 401 527 561 759 0 0 0 0 0 0 0 0 0 0 0 0 
248 254 277 462 736 767 0 0 0 0 0 0 0 0 0 0 0 0 
46 255 407 449 479 737 0 0 0 0 0 0 0 0 0 0 0 0 
223 256 309 347 731 783 0 0 0 0 0 0 0 0 0 0 0 0 
123 257 300 654 725 740 0 0 0 0 0 0 0 0 0 0 0 0 
12 258 531 608 639 696 0 0 0 0 0 0 0 0 0 0 0 0 
96 259 386 474 552 773 0 0 0 0 0 0 0 0 0 0 0 0 
55 260 396 483 609 696 0 0 0 0 0 0 0 0 0 0 0 0 
200 261 304 393 615 675 0 0 0 0 0 0 0 0 0 0 0 0 
21 262 321 389 508 546 0 0 0 0 0 0 0 0 0 0 0 0 
99 263 384 685 748 750 0 0 0 0 0 0 0 0 0 0 0 0 
139 264 341 403 452 534 0 0 0 0 0 0 0 0 0 0 0 0 
201 265 329 393 412 442 0 0 0 0 0 0 0 0 0 0 0 0 
117 266 353 556 563 708 0 0 0 0 0 0 0 0 0 0 0 0 
175 267 351 392 564 584 0 0 0 0 0 0 0 0 0 0 0 0 
129 268 277 441 530 790 0 0 0 0 0 0 0 0 0 0 0 0 
190 269 328 640 678 793 0 0 0 0 0 0 0 0 0 0 0 0 
249 270 276 365 477 603 0 0 0 0 0 0 0 0 0 0 0 0 
30 271 284 484 549 668 0 0 0 0 0 0 0 0 0 0 0 0 
9 272 554 621 690 758 0 0 0 0 0 0 0 0 0 0 0 0 
1 266 431 458 503 595 0 0 0 0 0 0 0 0 0 0 0 0 
2 239 422 568 602 788 0 0 0 0 0 0 0 0 0 0 0 0 
3 34 291 573 632 792 0 0 0 0 0 0 0 0 0 0 0 0 
4 113 284 306 491 731 0 0 0 0 0 0 0 0 0 0 0 0 
5 41 369 487 533 541 0 0 0 0 0 0 0 0 0 0 0 0 
6 214 321 367 624 732 0 0 0 0 0 0 0 0 0 0 0 0 
7 234 336 457 496 661 0 0 0 0 0 0 0 0 0 0 0 0 
8 82 278 302 636 679 0 0 0 0 0 0 0 0 0 0 0 0 
9 61 280 569 627 787 0 0 0 0 0 0 0 0 0 0 0 0 
10 241 581 667 685 787 0 0 0 0 0 0 0 0 0 0 0 0 
11 193 320 386 414 490 0 0 0 0 0 0 0 0 0 0 0 0 
12 20 436 498 775 792 0 0 0 0 0 0 0 0 0 0 0 0 
7 13 319 342 557 761 0 0 0 0 0 0 0 0 0 0 0 0 
14 253 301 497 584 690 0 0 0 0 0 0 0 0 0 0 0 0 
15 33 472 535 567 606 0 0 0 0 0 0 0 0 0 0 0 0 
16 192 298 320 446 647 0 0 0 0 0 0 0 0 0 0 0 0 
17 143 476 643 655 674 0 0 0 0 0 0 0 0 0 0 0 0 
18 187 407 697 707 736 0 0 0 0 0 0 0 0 0 0 0 0 
18 19 380 645 651 785 0 0 0 0 0 0 0 0 0 0 0 0 
20 261 356 705 765 814 0 0 0 0 0 0 0 0 0 0 0 0 
21 248 337 361 566 698 0 0 0 0 0 0 0 0 0 0 0 0 
22 67 331 358 644 724 0 0 0 0 0 0 0 0 0 0 0 0 
23 243 288 363 571 601 0 0 0 0 0 0 0 0 0 0 0 0 
4 24 394 616 681 754 0 0 0 0 0 0 0 0 0 0 0 0 
25 122 432 499 618 642 0 0 0 0 0 0 0 0 0 0 0 0 
26 64 462 544 726 757 0 0 0 0 0 0 0 0 0 0 0 0 
27 89 414 479 570 730 0 0 0 0 0 0 0 0 0 0 0 0 
28 210 545 584 705 784 0 0 0 0 0 0 0 0 0 0 0 0 
29 62 480 529 537 751 0 0 0 0 0 0 0 0 0 0 0 0 
30 181 464 566 764 772 0 0 0 0 0 0 0 0 0 0 0 0 
31 189 345 617 644 766 0 0 0 0 0 0 0 0 0 0 0 0 
32 175 338 427 443 757 0 0 0 0 0 0 0 0 0 0 0 0 
33 65 396 445 541 596 0 0 0 0 0 0 0 0 0 0 0 0 
34 48 297 304 460 612 0 0 0 0 0 0 0 0 0 0 0 0 
35 84 365 435 517 623 0 0 0 0 0 0 0 0 0 0 0 0 
36 129 387 429 737 739 0 0 0 0 0 0 0 0 0 0 0 0 
37 188 483 646 655 705 0 0 0 0 0 0 0 0 0 0 0 0 
38 73 463 555 707 800 0 0 0 0 0 0 0 0 0 0 0 0 
39 92 455 499 730 766 0 0 0 0 0 0 0 0 0 0 0 0 
40 42 354 440 500 750 0 0 0 0 0 0 0 0 0 0 0 0 
31 41 421 511 669 747 0 0 0 0 0 0 0 0 0 0 0 0 
42 66 443 531 576 710 0 0 0 0 0 0 0 0 0 0 0 0 
43 107 445 477 594 733 0 0 0 0 0 0 0 0 0 0 0 0 
44 267 360 493 664 807 0 0 0 0 0 0 0 0 0 0 0 0 
45 100 306 483 650 710 0 0 0 0 0 0 0 0 0 0 0 0 
46 142 372 417 428 706 0 0 0 0 0 0 0 0 0 0 0 0 
47 51 454 486 767 775 0 0 0 0 0 0 0 0 0 0 0 0 
48 201 288 406 439 660 0 0 0 0 0 0 0 0 0 0 0 0 
6 49 335 411 415 637 0 0 0 0 0 0 0 0 0 0 0 0 
50 111 433 496 500 791 0 0 0 0 0 0 0 0 0 0 0 0 
51 247 537 634 697 781 0 0 0 0 0 0 0 0 0 0 0 0 
52 230 358 403 599 767 0 0 0 0 0 0 0 0 0 0 0 0 
53 56 392 398 494 539 0 0 0 0 0 0 0 0 0 0 0 0 
37 54 395 651 725 795 0 0 0 0 0 0 0 0 0 0 0 0 
55 222 318 510 581 766 0 0 0 0 0 0 0 0 0 0 0 0 
56 124 387 430 590 723 0 0 0 0 0 0 0 0 0 0 0 0 
57 60 306 340 378 813 0 0 0 0 0 0 0 0 0 0 0 0 
58 112 469 508 775 812 0 0 0 0 0 0 0 0 0 0 0 0 
59 215 311 536 766 772 0 0 0 0 0 0 0 0 0 0 0 0 
60 150 303 675 756 807 0 0 0 0 0 0 0 0 0 0 0 0 
61 95 299 540 662 808 0 0 0 0 0 0 0 0 0 0 0 0 
62 200 293 556 670 789 0 0 0 0 0 0 0 0 0 0 0 0 
63 270 514 592 608 712 0 0 0 0 0 0 0 0 0 0 0 0 
64 268 381 436 525 536 0 0 0 0 0 0 0 0 0 0 0 0 
11 65 280 471 635 811 0 0 0 0 0 0 0 0 0 0 0 0 
66 74 402 407 676 813 0 0 0 0 0 0 0 0 0 0 0 0 
67 148 275 498 504 550 0 0 0 0 0 0 0 0 0 0 0 0 
68 262 273 279 709 774 0 0 0 0 0 0 0 0 0 0 0 0 
21 69 399 601 635 789 0 0 0 0 0 0 0 0 0 0 0 0 
70 137 318 413 533 679 0 0 0 0 0 0 0 0 0 0 0 0 
71 228 338 351 390 732 0 0 0 0 0 0 0 0 0 0 0 0 
58 72 579 619 712 794 0 0 0 0 0 0 0 0 0 0 0 0 
73 172 419 580 656 721 0 0 0 0 0 0 0 0 0 0 0 0 
74 78 292 340 580 611 0 0 0 0 0 0 0 0 0 0 0 0 
75 157 420 573 594 711 0 0 0 0 0 0 0 0 0 0 0 0 
76 90 503 686 701 771 0 0 0 0 0 0 0 0 0 0 0 0 
77 240 295 423 700 811 0 0 0 0 0 0 0 0 0 0 0 0 
2 78 424 677 724 790 0 0 0 0 0 0 0 0 0 0 0 0 
79 101 326 440 504 512 0 0 0 0 0 0 0 0 0 0 0 0 
50 80 294 391 728 765 0 0 0 0 0 0 0 0 0 0 0 0 
81 218 466 556 689 746 0 0 0 0 0 0 0 0 0 0 0 0 
46 82 357 453 544 569 0 0 0 0 0 0 0 0 0 0 0 0 
83 153 307 517 723 744 0 0 0 0 0 0 0 0 0 0 0 0 
22 84 395 428 574 659 0 0 0 0 0 0 0 0 0 0 0 0 
85 98 337 583 617 627 0 0 0 0 0 0 0 0 0 0 0 0 
86 227 433 459 621 713 0 0 0 0 0 0 0 0 0 0 0 0 
87 194 314 330 528 588 0 0 0 0 0 0 0 0 0 0 0 0 
88 108 631 702 740 798 0 0 0 0 0 0 0 0 0 0 0 0 
68 89 429 456 467 745 0 0 0 0 0 0 0 0 0 0 0 0 
90 165 324 488 587 592 0 0 0 0 0 0 0 0 0 0 0 0 
87 91 448 504 630 632 0 0 0 0 0 0 0 0 0 0 0 0 
92 202 310 427 507 589 0 0 0 0 0 0 0 0 0 0 0 0 
93 115 406 413 695 702 0 0 0 0 0 0 0 0 0 0 0 0 
94 246 323 349 389 603 0 0 0 0 0 0 0 0 0 0 0 0 
94 95 471 689 752 790 0 0 0 0 0 0 0 0 0 0 0 0 
96 236 310 367 484 738 0 0 0 0 0 0 0 0 0 0 0 0 
97 229 293 532 683 755 0 0 0 0 0 0 0 0 0 0 0 0 
55 98 375 430 660 718 0 0 0 0 0 0 0 0 0 0 0 0 
9 99 391 594 625 751 0 0 0 0 0 0 0 0 0 0 0 0 
49 100 302 400 608 701 0 0 0 0 0 0 0 0 0 0 0 0 
101 196 320 365 388 763 0 0 0 0 0 0 0 0 0 0 0 0 
102 265 479 542 630 758 0 0 0 0 0 0 0 0 0 0 0 0 
103 263 281 349 404 697 0 0 0 0 0 0 0 0 0 0 0 0 
93 104 350 537 706 760 0 0 0 0 0 0 0 0 0 0 0 0 
43 105 356 544 558 740 0 0 0 0 0 0 0 0 0 0 0 0 
106 146 416 763 779 794 0 0 0 0 0 0 0 0 0 0 0 0 
107 184 311 415 492 570 0 0 0 0 0 0 0 0 0 0 0 0 
108 169 518 535 667 712 0 0 0 0 0 0 0 0 0 0 0 0 
109 160 445 459 581 688 0 0 0 0 0 0 0 0 0 0 0 0 
110 132 362 449 474 661 0 0 0 0 0 0 0 0 0 0 0 0 
111 130 369 396 543 812 0 0 0 0 0 0 0 0 0 0 0 0 
112 207 329 467 516 540 0 0 0 0 0 0 0 0 0 0 0 0 
104 113 323 332 333 566 0 0 0 0 0 0 0 0 0 0 0 0 
114 171 325 434 514 613 0 0 0 0 0 0 0 0 0 0 0 0 
115 272 454 541 573 592 0 0 0 0 0 0 0 0 0 0 0 0 
32 116 381 417 460 780 0 0 0 0 0 0 0 0 0 0 0 0 
117 125 373 451 541 627 0 0 0 0 0 0 0 0 0 0 0 0 
118 119 281 633 796 804 0 0 0 0 0 0 0 0 0 0 0 0 
119 154 296 598 684 801 0 0 0 0 0 0 0 0 0 0 0 0 
120 225 282 550 792 814 0 0 0 0 0 0 0 0 0 0 0 0 
106 121 434 437 533 811 0 0 0 0 0 0 0 0 0 0 0 0 
122 211 522 534 560 620 0 0 0 0 0 0 0 0 0 0 0 0 
123 235 428 441 521 695 0 0 0 0 0 0 0 0 0 0 0 0 
124 182 478 550 689 735 0 0 0 0 0 0 0 0 0 0 0 0 
97 125 312 531 588 718 0 0 0 0 0 0 0 0 0 0 0 0 
96 126 298 309 628 787 0 0 0 0 0 0 0 0 0 0 0 0 
127 255 327 529 595 630 0 0 0 0 0 0 0 0 0 0 0 0 
10 128 319 360 727 770 0 0 0 0 0 0 0 0 0 0 0 0 
129 242 410 423 558 666 0 0 0 0 0 0 0 0 0 0 0 0 
83 130 425 449 565 762 0 0 0 0 0 0 0 0 0 0 0 0 
14 131 320 438 586 791 0 0 0 0 0 0 0 0 0 0 0 0 
132 162 468 575 624 699 0 0 0 0 0 0 0 0 0 0 0 0 
88 133 330 345 455 610 0 0 0 0 0 0 0 0 0 0 0 0 
117 134 575 587 596 657 0 0 0 0 0 0 0 0 0 0 0 0 
135 174 356 362 464 470 0 0 0 0 0 0 0 0 0 0 0 0 
17 136 348 382 542 576 0 0 0 0 0 0 0 0 0 0 0 0 
137 203 387 538 647 680 0 0 0 0 0 0 0 0 0 0 0 0 
138 216 448 649 764 800 0 0 0 0 0 0 0 0 0 0 0 0 
35 139 480 662 675 759 0 0 0 0 0 0 0 0 0 0 0 0 
140 159 274 319 606 681 0 0 0 0 0 0 0 0 0 0 0 0 
77 141 597 609 688 725 0 0 0 0 0 0 0 0 0 0 0 0 
142 168 424 501 555 690 0 0 0 0 0 0 0 0 0 0 0 0 
143 166 284 354 390 572 0 0 0 0 0 0 0 0 0 0 0 0 
81 144 549 639 663 672 0 0 0 0 0 0 0 0 0 0 0 0 
145 232 380 492 520 580 0 0 0 0 0 0 0 0 0 0 0 0 
146 176 286 506 647 696 0 0 0 0 0 0 0 0 0 0 0 0 
40 147 287 667 683 716 0 0 0 0 0 0 0 0 0 0 0 0 
148 191 457 639 659 737 0 0 0 0 0 0 0 0 0 0 0 0 
38 149 286 406 412 656 0 0 0 0 0 0 0 0 0 0 0 0 
150 186 547 662 753 782 0 0 0 0 0 0 0 0 0 0 0 0 
151 231 557 669 713 799 0 0 0 0 0 0 0 0 0 0 0 0 
152 233 385 399 505 729 0 0 0 0 0 0 0 0 0 0 0 0 
120 153 315 503 653 755 0 0 0 0 0 0 0 0 0 0 0 0 
154 183 506 542 623 739 0 0 0 0 0 0 0 0 0 0 0 0 
155 158 386 446 674 716 0 0 0 0 0 0 0 0 0 0 0 0 
75 156 280 364 366 695 0 0 0 0 0 0 0 0 0 0 0 0 
157 167 409 421 658 735 0 0 0 0 0 0 0 0 0 0 0 0 
158 170 300 313 402 757 0 0 0 0 0 0 0 0 0 0 0 0 
53 159 415 437 767 771 0 0 0 0 0 0 0 0 0 0 0 0 
160 252 289 372 470 509 0 0 0 0 0 0 0 0 0 0 0 0 
57 161 514 791 802 804 0 0 0 0 0 0 0 0 0 0 0 0 
162 190 305 623 704 749 0 0 0 0 0 0 0 0 0 0 0 0 
29 163 305 346 433 562 0 0 0 0 0 0 0 0 0 0 0 0 
25 164 322 356 477 734 0 0 0 0 0 0 0 0 0 0 0 0 
52 165 513 596 605 798 0 0 0 0 0 0 0 0 0 0 0 0 
102 166 430 701 720 774 0 0 0 0 0 0 0 0 0 0 0 0 
19 167 361 473 591 722 0 0 0 0 0 0 0 0 0 0 0 0 
45 168 518 524 745 778 0 0 0 0 0 0 0 0 0 0 0 0 
169 198 317 384 600 816 0 0 0 0 0 0 0 0 0 0 0 0 
170 217 332 451 652 753 0 0 0 0 0 0 0 0 0 0 0 0 
118 171 332 346 439 797 0 0 0 0 0 0 0 0 0 0 0 0 
172 209 600 660 727 737 0 0 0 0 0 0 0 0 0 0 0 0 
173 213 370 555 631 717 0 0 0 0 0 0 0 0 0 0 0 0 
63 174 288 578 646 726 0 0 0 0 0 0 0 0 0 0 0 0 
175 245 323 562 574 805 0 0 0 0 0 0 0 0 0 0 0 0 
156 176 326 415 425 634 0 0 0 0 0 0 0 0 0 0 0 0 
177 208 278 637 773 780 0 0 0 0 0 0 0 0 0 0 0 0 
114 178 452 519 671 677 0 0 0 0 0 0 0 0 0 0 0 0 
127 179 312 495 612 807 0 0 0 0 0 0 0 0 0 0 0 0 
47 180 397 494 529 646 0 0 0 0 0 0 0 0 0 0 0 0 
181 256 482 554 788 801 0 0 0 0 0 0 0 0 0 0 0 0 
182 206 435 700 777 803 0 0 0 0 0 0 0 0 0 0 0 0 
183 257 274 297 570 692 0 0 0 0 0 0 0 0 0 0 0 0 
184 219 355 523 671 762 0 0 0 0 0 0 0 0 0 0 0 0 
109 185 617 699 702 800 0 0 0 0 0 0 0 0 0 0 0 0 
123 186 431 498 633 788 0 0 0 0 0 0 0 0 0 0 0 0 
187 264 489 501 566 648 0 0 0 0 0 0 0 0 0 0 0 0 
91 188 375 547 777 815 0 0 0 0 0 0 0 0 0 0 0 0 
179 189 334 419 474 482 0 0 0 0 0 0 0 0 0 0 0 0 
69 190 576 625 648 664 0 0 0 0 0 0 0 0 0 0 0 0 
23 191 451 473 562 763 0 0 0 0 0 0 0 0 0 0 0 0 
192 244 452 465 714 734 0 0 0 0 0 0 0 0 0 0 0 0 
193 271 370 379 530 674 0 0 0 0 0 0 0 0 0 0 0 0 
72 194 461 545 683 801 0 0 0 0 0 0 0 0 0 0 0 0 
173 195 339 401 486 545 0 0 0 0 0 0 0 0 0 0 0 0 
26 196 301 561 569 602 0 0 0 0 0 0 0 0 0 0 0 0 
136 197 371 506 519 735 0 0 0 0 0 0 0 0 0 0 0 0 
151 198 475 483 689 718 0 0 0 0 0 0 0 0 0 0 0 0 
199 237 343 430 481 521 0 0 0 0 0 0 0 0 0 0 0 0 
163 200 424 623 627 808 0 0 0 0 0 0 0 0 0 0 0 0 
201 220 289 319 599 786 0 0 0 0 0 0 0 0 0 0 0 0 
99 202 276 620 641 761 0 0 0 0 0 0 0 0 0 0 0 0 
145 203 299 411 486 539 0 0 0 0 0 0 0 0 0 0 0 0 
24 204 472 488 548 791 0 0 0 0 0 0 0 0 0 0 0 0 
76 205 328 336 731 763 0 0 0 0 0 0 0 0 0 0 0 0 
28 206 366 423 531 618 0 0 0 0 0 0 0 0 0 0 0 0 
152 207 316 363 687 772 0 0 0 0 0 0 0 0 0 0 0 0 
30 208 361 553 704 788 0 0 0 0 0 0 0 0 0 0 0 0 
135 209 298 412 423 619 0 0 0 0 0 0 0 0 0 0 0 0 
210 212 303 393 713 715 0 0 0 0 0 0 0 0 0 0 0 0 
211 249 304 416 500 573 0 0 0 0 0 0 0 0 0 0 0 0 
147 212 281 351 417 638 0 0 0 0 0 0 0 0 0 0 0 0 
180 213 358 577 698 705 0 0 0 0 0 0 0 0 0 0 0 0 
16 214 305 578 642 739 0 0 0 0 0 0 0 0 0 0 0 0 
205 215 485 568 631 691 0 0 0 0 0 0 0 0 0 0 0 0 
105 216 471 473 495 528 0 0 0 0 0 0 0 0 0 0 0 0 
217 226 357 382 527 706 0 0 0 0 0 0 0 0 0 0 0 0 
197 218 286 488 509 801 0 0 0 0 0 0 0 0 0 0 0 0 
219 254 342 585 621 810 0 0 0 0 0 0 0 0 0 0 0 0 
134 220 471 548 638 784 0 0 0 0 0 0 0 0 0 0 0 0 
221 223 452 658 760 765 0 0 0 0 0 0 0 0 0 0 0 0 
1 222 285 290 505 687 0 0 0 0 0 0 0 0 0 0 0 0 
223 269 384 450 534 735 0 0 0 0 0 0 0 0 0 0 0 0 
86 224 280 342 485 494 0 0 0 0 0 0 0 0 0 0 0 0 
177 225 285 364 652 815 0 0 0 0 0 0 0 0 0 0 0 0 
12 226 370 380 748 752 0 0 0 0 0 0 0 0 0 0 0 0 
71 227 511 610 710 782 0 0 0 0 0 0 0 0 0 0 0 0 
228 259 308 466 487 715 0 0 0 0 0 0 0 0 0 0 0 0 
128 229 508 527 582 594 0 0 0 0 0 0 0 0 0 0 0 0 
121 230 332 436 526 564 0 0 0 0 0 0 0 0 0 0 0 0 
13 231 467 579 756 764 0 0 0 0 0 0 0 0 0 0 0 0 
103 232 374 414 607 625 0 0 0 0 0 0 0 0 0 0 0 0 
164 233 330 349 663 708 0 0 0 0 0 0 0 0 0 0 0 0 
141 234 405 559 720 733 0 0 0 0 0 0 0 0 0 0 0 0 
3 235 461 472 565 727 0 0 0 0 0 0 0 0 0 0 0 0 
44 236 316 529 643 742 0 0 0 0 0 0 0 0 0 0 0 0 
79 237 292 403 686 753 0 0 0 0 0 0 0 0 0 0 0 0 
54 238 649 703 769 807 0 0 0 0 0 0 0 0 0 0 0 0 
80 239 363 443 527 796 0 0 0 0 0 0 0 0 0 0 0 0 
126 240 300 316 476 618 0 0 0 0 0 0 0 0 0 0 0 0 
241 251 345 385 626 795 0 0 0 0 0 0 0 0 0 0 0 0 
144 242 334 416 587 749 0 0 0 0 0 0 0 0 0 0 0 0 
140 243 383 410 520 759 0 0 0 0 0 0 0 0 0 0 0 0 
138 244 330 405 599 748 0 0 0 0 0 0 0 0 0 0 0 0 
27 245 419 467 536 749 0 0 0 0 0 0 0 0 0 0 0 0 
85 246 409 586 668 680 0 0 0 0 0 0 0 0 0 0 0 0 
185 247 383 413 493 519 0 0 0 0 0 0 0 0 0 0 0 0 
39 248 305 317 398 654 0 0 0 0 0 0 0 0 0 0 0 0 
15 249 601 624 629 759 0 0 0 0 0 0 0 0 0 0 0 0 
199 250 388 495 732 738 0 0 0 0 0 0 0 0 0 0 0 0 
204 251 408 600 677 758 0 0 0 0 0 0 0 0 0 0 0 0 
8 252 283 650 678 686 0 0 0 0 0 0 0 0 0 0 0 0 
238 253 360 407 510 694 0 0 0 0 0 0 0 0 0 0 0 0 
116 254 707 741 769 785 0 0 0 0 0 0 0 0 0 0 0 0 
221 255 371 416 582 761 0 0 0 0 0 0 0 0 0 0 0 0 
5 256 405 411 583 676 0 0 0 0 0 0 0 0 0 0 0 0 
250 257 368 651 742 779 0 0 0 0 0 0 0 0 0 0 0 0 
133 258 343 393 687 733 0 0 0 0 0 0 0 0 0 0 0 0 
161 259 283 497 626 703 0 0 0 0 0 0 0 0 0 0 0 0 
258 260 521 612 647 778 0 0 0 0 0 0 0 0 0 0 0 0 
59 261 285 348 703 719 0 0 0 0 0 0 0 0 0 0 0 0 
149 262 388 401 699 739 0 0 0 0 0 0 0 0 0 0 0 0 
155 263 333 398 513 526 0 0 0 0 0 0 0 0 0 0 0 0 
178 264 567 602 668 777 0 0 0 0 0 0 0 0 0 0 0 0 
224 265 417 561 625 719 0 0 0 0 0 0 0 0 0 0 0 0 
131 266 275 310 682 810 0 0 0 0 0 0 0 0 0 0 0 0 
195 267 377 544 578 808 0 0 0 0 0 0 0 0 0 0 0 0 
70 268 288 373 457 783 0 0 0 0 0 0 0 0 0 0 0 0 
260 269 364 374 719 782 0 0 0 0 0 0 0 0 0 0 0 0 
36 270 281 321 480 503 0 0 0 0 0 0 0 0 0 0 0 0 
110 271 402 579 649 755 0 0 0 0 0 0 0 0 0 0 0 0 
139 272 340 397 558 793 0 0 0 0 0 0 0 0 0 0 0 0 
817 818 819 822 824 827 828 829 830 831 833 834 837 842 843 844 846 847 
818 819 820 823 825 828 829 830 831 832 834 835 838 843 844 845 847 848 
819 820 821 824 826 829 830 831 832 833 835 836 839 844 845 846 848 849 
820 821 822 825 827 830 831 832 833 834 836 837 840 845 846 847 849 850 
821 822 823 826 828 831 832 833 834 835 837 838 841 846 847 848 850 851 
822 823 824 827 829 832 833 834 835 836 838 839 842 847 848 849 851 852 
823 824 825 828 830 833 834 835 836 837 839 840 843 848 849 850 852 853 
824 825 826 829 831 834 835 836 837 838 840 841 844 849 850 851 853 854 
825 826 827 830 832 835 836 837 838 839 841 842 845 850 851 852 854 855 
826 827 828 831 833 836 837 838 839 840 842 843 846 851 852 853 855 856 
827 828 829 832 834 837 838 839 840 841 843 844 847 852 853 854 856 857 
828 829 830 833 835 838 839 840 841 842 844 845 848 853 854 855 857 858 
829 830 831 834 836 839 840 841 842 843 845 846 849 854 855 856 858 859 
830 831 832 835 837 840 841 842 843 844 846 847 850 855 856 857 859 860 
831 832 833 836 838 841 842 843 844 845 847 848 851 856 857 858 860 861 
832 833 834 837 839 842 843 844 845 846 848 849 852 857 858 859 861 862 
833 834 835 838 840 843 844 845 846 847 849 850 853 858 859 860 862 863 
834 835 836 839 841 844 845 846 847 848 850 851 854 859 860 861 863 864 
835 836 837 840 842 845 846 847 848 849 851 852 855 860 861 862 864 865 
836 837 838 841 843 846 847 848 849 850 852 853 856 861 862 863 865 866 
837 838 839 842 844 847 848 849 850 851 853 854 857 862 863 864 866 867 
838 839 840 843 845 848 849 850 851 852 854 855 858 863 864 865 867 868 
839 840 841 844 846 849 850 851 852 853 855 856 859 864 865 866 868 869 
840 841 842 845 847 850 851 852 853 854 856 857 860 865 866 867 869 870 
841 842 843 846 848 851 852 853 854 855 857 858 861 866 867 868 870 871 
842 843 844 847 849 852 853 854 855 856 858 859 862 867 868 869 871 872 
843 844 845 848 850 853 854 855 856 857 859 860 863 868 869 870 872 873 
844 845 846 849 851 854 855 856 857 858 860 861 864 869 870 871 873 874 
845 846 847 850 852 855 856 857 858 859 861 862 865 870 871 872 874 875 
846 847 848 851 853 856 857 858 859 860 862 863 866 871 872 873 875 876 
847 848 849 852 854 857 858 859 860 861 863 864 867 872 873 874 876 877 
848 849 850 853 855 858 859 860 861 862 864 865 868 873 874 875 877 878 
849 850 851 854 856 859 860 861 862 863 865 866 869 874 875 876 878 879 
5 817 880 0 0 0 0 0 0 0 0 0 0 0 0 0 0 0 
6 818 881 0 0 0 0 0 0 0 0 0 0 0 0 0 0 0 
11 819 882 0 0 0 0 0 0 0 0 0 0 0 0 0 0 0 
13 820 883 0 0 0 0 0 0 0 0 0 0 0 0 0 0 0 
15 821 884 0 0 0 0 0 0 0 0 0 0 0 0 0 0 0 
24 822 885 0 0 0 0 0 0 0 0 0 0 0 0 0 0 0 
26 823 886 0 0 0 0 0 0 0 0 0 0 0 0 0 0 0 
28 824 887 0 0 0 0 0 0 0 0 0 0 0 0 0 0 0 
29 825 888 0 0 0 0 0 0 0 0 0 0 0 0 0 0 0 
31 826 889 0 0 0 0 0 0 0 0 0 0 0 0 0 0 0 
34 827 890 0 0 0 0 0 0 0 0 0 0 0 0 0 0 0 
38 828 891 0 0 0 0 0 0 0 0 0 0 0 0 0 0 0 
46 829 892 0 0 0 0 0 0 0 0 0 0 0 0 0 0 0 
51 830 893 0 0 0 0 0 0 0 0 0 0 0 0 0 0 0 
55 831 894 0 0 0 0 0 0 0 0 0 0 0 0 0 0 0 
60 832 895 0 0 0 0 0 0 0 0 0 0 0 0 0 0 0 
63 833 896 0 0 0 0 0 0 0 0 0 0 0 0 0 0 0 
68 834 897 0 0 0 0 0 0 0 0 0 0 0 0 0 0 0 
70 835 898 0 0 0 0 0 0 0 0 0 0 0 0 0 0 0 
73 836 899 0 0 0 0 0 0 0 0 0 0 0 0 0 0 0 
74 837 900 0 0 0 0 0 0 0 0 0 0 0 0 0 0 0 
75 838 901 0 0 0 0 0 0 0 0 0 0 0 0 0 0 0 
76 839 902 0 0 0 0 0 0 0 0 0 0 0 0 0 0 0 
79 840 903 0 0 0 0 0 0 0 0 0 0 0 0 0 0 0 
80 841 904 0 0 0 0 0 0 0 0 0 0 0 0 0 0 0 
82 842 905 0 0 0 0 0 0 0 0 0 0 0 0 0 0 0 
83 843 906 0 0 0 0 0 0 0 0 0 0 0 0 0 0 0 
85 844 907 0 0 0 0 0 0 0 0 0 0 0 0 0 0 0 
86 845 908 0 0 0 0 0 0 0 0 0 0 0 0 0 0 0 
89 846 909 0 0 0 0 0 0 0 0 0 0 0 0 0 0 0 
91 847 910 0 0 0 0 0 0 0 0 0 0 0 0 0 0 0 
97 848 911 0 0 0 0 0 0 0 0 0 0 0 0 0 0 0 
99 849 912 0 0 0 0 0 0 0 0 0 0 0 0 0 0 0 
101 850 913 0 0 0 0 0 0 0 0 0 0 0 0 0 0 0 
103 851 914 0 0 0 0 0 0 0 0 0 0 0 0 0 0 0 
107 852 915 0 0 0 0 0 0 0 0 0 0 0 0 0 0 0 
110 853 916 0 0 0 0 0 0 0 0 0 0 0 0 0 0 0 
111 854 917 0 0 0 0 0 0 0 0 0 0 0 0 0 0 0 
126 855 918 0 0 0 0 0 0 0 0 0 0 0 0 0 0 0 
128 856 919 0 0 0 0 0 0 0 0 0 0 0 0 0 0 0 
129 857 920 0 0 0 0 0 0 0 0 0 0 0 0 0 0 0 
132 858 921 0 0 0 0 0 0 0 0 0 0 0 0 0 0 0 
133 859 922 0 0 0 0 0 0 0 0 0 0 0 0 0 0 0 
137 860 923 0 0 0 0 0 0 0 0 0 0 0 0 0 0 0 
138 861 924 0 0 0 0 0 0 0 0 0 0 0 0 0 0 0 
140 862 925 0 0 0 0 0 0 0 0 0 0 0 0 0 0 0 
141 863 926 0 0 0 0 0 0 0 0 0 0 0 0 0 0 0 
146 864 927 0 0 0 0 0 0 0 0 0 0 0 0 0 0 0 
147 865 928 0 0 0 0 0 0 0 0 0 0 0 0 0 0 0 
152 866 929 0 0 0 0 0 0 0 0 0 0 0 0 0 0 0 
155 867 930 0 0 0 0 0 0 0 0 0 0 0 0 0 0 0 
157 868 931 0 0 0 0 0 0 0 0 0 0 0 0 0 0 0 
167 869 932 0 0 0 0 0 0 0 0 0 0 0 0 0 0 0 
169 870 933 0 0 0 0 0 0 0 0 0 0 0 0 0 0 0 
171 871 934 0 0 0 0 0 0 0 0 0 0 0 0 0 0 0 
174 872 935 0 0 0 0 0 0 0 0 0 0 0 0 0 0 0 
178 873 936 0 0 0 0 0 0 0 0 0 0 0 0 0 0 0 
199 874 937 0 0 0 0 0 0 0 0 0 0 0 0 0 0 0 
205 875 938 0 0 0 0 0 0 0 0 0 0 0 0 0 0 0 
208 876 939 0 0 0 0 0 0 0 0 0 0 0 0 0 0 0 
209 877 940 0 0 0 0 0 0 0 0 0 0 0 0 0 0 0 
217 878 941 0 0 0 0 0 0 0 0 0 0 0 0 0 0 0 
229 879 942 0 0 0 0 0 0 0 0 0 0 0 0 0 0 0 
357 817 943 0 0 0 0 0 0 0 0 0 0 0 0 0 0 0 
559 818 944 0 0 0 0 0 0 0 0 0 0 0 0 0 0 0 
535 819 945 0 0 0 0 0 0 0 0 0 0 0 0 0 0 0 
252 820 946 0 0 0 0 0 0 0 0 0 0 0 0 0 0 0 
14 821 947 0 0 0 0 0 0 0 0 0 0 0 0 0 0 0 
806 822 948 0 0 0 0 0 0 0 0 0 0 0 0 0 0 0 
156 823 949 0 0 0 0 0 0 0 0 0 0 0 0 0 0 0 
100 824 950 0 0 0 0 0 0 0 0 0 0 0 0 0 0 0 
320 825 951 0 0 0 0 0 0 0 0 0 0 0 0 0 0 0 
183 826 952 0 0 0 0 0 0 0 0 0 0 0 0 0 0 0 
424 827 953 0 0 0 0 0 0 0 0 0 0 0 0 0 0 0 
297 828 954 0 0 0 0 0 0 0 0 0 0 0 0 0 0 0 
782 829 955 0 0 0 0 0 0 0 0 0 0 0 0 0 0 0 
761 830 956 0 0 0 0 0 0 0 0 0 0 0 0 0 0 0 
47 831 957 0 0 0 0 0 0 0 0 0 0 0 0 0 0 0 
622 832 958 0 0 0 0 0 0 0 0 0 0 0 0 0 0 0 
237 833 959 0 0 0 0 0 0 0 0 0 0 0 0 0 0 0 
365 834 960 0 0 0 0 0 0 0 0 0 0 0 0 0 0 0 
475 835 961 0 0 0 0 0 0 0 0 0 0 0 0 0 0 0 
776 836 962 0 0 0 0 0 0 0 0 0 0 0 0 0 0 0 
360 837 963 0 0 0 0 0 0 0 0 0 0 0 0 0 0 0 
804 838 964 0 0 0 0 0 0 0 0 0 0 0 0 0 0 0 
264 839 965 0 0 0 0 0 0 0 0 0 0 0 0 0 0 0 
590 840 966 0 0 0 0 0 0 0 0 0 0 0 0 0 0 0 
565 841 967 0 0 0 0 0 0 0 0 0 0 0 0 0 0 0 
464 842 968 0 0 0 0 0 0 0 0 0 0 0 0 0 0 0 
588 843 969 0 0 0 0 0 0 0 0 0 0 0 0 0 0 0 
564 844 970 0 0 0 0 0 0 0 0 0 0 0 0 0 0 0 
163 845 971 0 0 0 0 0 0 0 0 0 0 0 0 0 0 0 
118 846 972 0 0 0 0 0 0 0 0 0 0 0 0 0 0 0 
816 847 973 0 0 0 0 0 0 0 0 0 0 0 0 0 0 0 
159 848 974 0 0 0 0 0 0 0 0 0 0 0 0 0 0 0 
30 849 975 0 0 0 0 0 0 0 0 0 0 0 0 0 0 0 
486 850 976 0 0 0 0 0 0 0 0 0 0 0 0 0 0 0 
732 851 977 0 0 0 0 0 0 0 0 0 0 0 0 0 0 0 
569 852 978 0 0 0 0 0 0 0 0 0 0 0 0 0 0 0 
177 853 979 0 0 0 0 0 0 0 0 0 0 0 0 0 0 0 
397 854 980 0 0 0 0 0 0 0 0 0 0 0 0 0 0 0 
802 855 981 0 0 0 0 0 0 0 0 0 0 0 0 0 0 0 
144 856 982 0 0 0 0 0 0 0 0 0 0 0 0 0 0 0 
714 857 983 0 0 0 0 0 0 0 0 0 0 0 0 0 0 0 
549 858 984 0 0 0 0 0 0 0 0 0 0 0 0 0 0 0 
322 859 985 0 0 0 0 0 0 0 0 0 0 0 0 0 0 0 
179 860 986 0 0 0 0 0 0 0 0 0 0 0 0 0 0 0 
368 861 987 0 0 0 0 0 0 0 0 0 0 0 0 0 0 0 
417 862 988 0 0 0 0 0 0 0 0 0 0 0 0 0 0 0 
113 863 989 0 0 0 0 0 0 0 0 0 0 0 0 0 0 0 
503 864 990 0 0 0 0 0 0 0 0 0 0 0 0 0 0 0 
202 865 991 0 0 0 0 0 0 0 0 0 0 0 0 0 0 0 
330 866 992 0 0 0 0 0 0 0 0 0 0 0 0 0 0 0 
500 867 993 0 0 0 0 0 0 0 0 0 0 0 0 0 0 0 
222 868 994 0 0 0 0 0 0 0 0 0 0 0 0 0 0 0 
255 869 995 0 0 0 0 0 0 0 0 0 0 0 0 0 0 0 
529 870 996 0 0 0 0 0 0 0 0 0 0 0 0 0 0 0 
235 871 997 0 0 0 0 0 0 0 0 0 0 0 0 0 0 0 
694 872 998 0 0 0 0 0 0 0 0 0 0 0 0 0 0 0 
803 873 999 0 0 0 0 0 0 0 0 0 0 0 0 0 0 0 
620 874 1000 0 0 0 0 0 0 0 0 0 0 0 0 0 0 0 
299 875 1001 0 0 0 0 0 0 0 0 0 0 0 0 0 0 0 
499 876 1002 0 0 0 0 0 0 0 0 0 0 0 0 0 0 0 
96 877 1003 0 0 0 0 0 0 0 0 0 0 0 0 0 0 0 
749 878 1004 0 0 0 0 0 0 0 0 0 0 0 0 0 0 0 
731 879 1005 0 0 0 0 0 0 0 0 0 0 0 0 0 0 0 
230 943 1006 0 0 0 0 0 0 0 0 0 0 0 0 0 0 0 
231 944 1007 0 0 0 0 0 0 0 0 0 0 0 0 0 0 0 
232 945 1008 0 0 0 0 0 0 0 0 0 0 0 0 0 0 0 
233 946 1009 0 0 0 0 0 0 0 0 0 0 0 0 0 0 0 
243 947 1010 0 0 0 0 0 0 0 0 0 0 0 0 0 0 0 
251 948 1011 0 0 0 0 0 0 0 0 0 0 0 0 0 0 0 
253 949 1012 0 0 0 0 0 0 0 0 0 0 0 0 0 0 0 
259 950 1013 0 0 0 0 0 0 0 0 0 0 0 0 0 0 0 
261 951 1014 0 0 0 0 0 0 0 0 0 0 0 0 0 0 0 
262 952 1015 0 0 0 0 0 0 0 0 0 0 0 0 0 0 0 
263 953 1016 0 0 0 0 0 0 0 0 0 0 0 0 0 0 0 
268 954 1017 0 0 0 0 0 0 0 0 0 0 0 0 0 0 0 
274 955 1018 0 0 0 0 0 0 0 0 0 0 0 0 0 0 0 
275 956 1019 0 0 0 0 0 0 0 0 0 0 0 0 0 0 0 
277 957 1020 0 0 0 0 0 0 0 0 0 0 0 0 0 0 0 
288 958 1021 0 0 0 0 0 0 0 0 0 0 0 0 0 0 0 
291 959 1022 0 0 0 0 0 0 0 0 0 0 0 0 0 0 0 
293 960 1023 0 0 0 0 0 0 0 0 0 0 0 0 0 0 0 
296 961 1024 0 0 0 0 0 0 0 0 0 0 0 0 0 0 0 
314 962 1025 0 0 0 0 0 0 0 0 0 0 0 0 0 0 0 
316 963 1026 0 0 0 0 0 0 0 0 0 0 0 0 0 0 0 
319 964 1027 0 0 0 0 0 0 0 0 0 0 0 0 0 0 0 
324 965 1028 0 0 0 0 0 0 0 0 0 0 0 0 0 0 0 
329 966 1029 0 0 0 0 0 0 0 0 0 0 0 0 0 0 0 
333 967 1030 0 0 0 0 0 0 0 0 0 0 0 0 0 0 0 
335 968 1031 0 0 0 0 0 0 0 0 0 0 0 0 0 0 0 
336 969 1032 0 0 0 0 0 0 0 0 0 0 0 0 0 0 0 
340 970 1033 0 0 0 0 0 0 0 0 0 0 0 0 0 0 0 
348 971 1034 0 0 0 0 0 0 0 0 0 0 0 0 0 0 0 
354 972 1035 0 0 0 0 0 0 0 0 0 0 0 0 0 0 0 
355 973 1036 0 0 0 0 0 0 0 0 0 0 0 0 0 0 0 
356 974 1037 0 0 0 0 0 0 0 0 0 0 0 0 0 0 0 
359 975 1038 0 0 0 0 0 0 0 0 0 0 0 0 0 0 0 
362 976 1039 0 0 0 0 0 0 0 0 0 0 0 0 0 0 0 
369 977 1040 0 0 0 0 0 0 0 0 0 0 0 0 0 0 0 
370 978 1041 0 0 0 0 0 0 0 0 0 0 0 0 0 0 0 
374 979 1042 0 0 0 0 0 0 0 0 0 0 0 0 0 0 0 
375 980 1043 0 0 0 0 0 0 0 0 0 0 0 0 0 0 0 
384 981 1044 0 0 0 0 0 0 0 0 0 0 0 0 0 0 0 
385 982 1045 0 0 0 0 0 0 0 0 0 0 0 0 0 0 0 
386 983 1046 0 0 0 0 0 0 0 0 0 0 0 0 0 0 0 
387 984 1047 0 0 0 0 0 0 0 0 0 0 0 0 0 0 0 
394 985 1048 0 0 0 0 0 0 0 0 0 0 0 0 0 0 0 
395 986 1049 0 0 0 0 0 0 0 0 0 0 0 0 0 0 0 
398 987 1050 0 0 0 0 0 0 0 0 0 0 0 0 0 0 0 
403 988 1051 0 0 0 0 0 0 0 0 0 0 0 0 0 0 0 
409 989 1052 0 0 0 0 0 0 0 0 0 0 0 0 0 0 0 
410 990 1053 0 0 0 0 0 0 0 0 0 0 0 0 0 0 0 
413 991 1054 0 0 0 0 0 0 0 0 0 0 0 0 0 0 0 
414 992 1055 0 0 0 0 0 0 0 0 0 0 0 0 0 0 0 
420 993 1056 0 0 0 0 0 0 0 0 0 0 0 0 0 0 0 
427 994 1057 0 0 0 0 0 0 0 0 0 0 0 0 0 0 0 
431 995 1058 0 0 0 0 0 0 0 0 0 0 0 0 0 0 0 
432 996 1059 0 0 0 0 0 0 0 0 0 0 0 0 0 0 0 
434 997 1060 0 0 0 0 0 0 0 0 0 0 0 0 0 0 0 
443 998 1061 0 0 0 0 0 0 0 0 0 0 0 0 0 0 0 
444 999 1062 0 0 0 0 0 0 0 0 0 0 0 0 0 0 0 
447 1000 1063 0 0 0 0 0 0 0 0 0 0 0 0 0 0 0 
453 1001 1064 0 0 0 0 0 0 0 0 0 0 0 0 0 0 0 
456 1002 1065 0 0 0 0 0 0 0 0 0 0 0 0 0 0 0 
457 1003 1066 0 0 0 0 0 0 0 0 0 0 0 0 0 0 0 
460 1004 1067 0 0 0 0 0 0 0 0 0 0 0 0 0 0 0 
467 1005 1068 0 0 0 0 0 0 0 0 0 0 0 0 0 0 0 
